341942
99
99
99
99
55117
1288
66779
99
20956
192659
62815
99
99
74624
501898
99
99
32066
206818
99
417815
499234
139624
49870
6336
99
76570
99
99
257756
99
27367
99
940
99
99
51210
99
276504
367487
15965
574756
462471
215479
119843
99
99
99
99
184694
97833
99
124848
344074
423784
16581
99
99
165740
66794
70287
19000
99
507016
157736
99
99
99
99
99
16785
294887
88620
71882
99
99
75321
99
222340
99
42171
99
19235
158041
99
146004
105440
99
99
102397
93
99
99
15376
99
25523
99
99
99
28277
99
124116
99
99
99
99
99
99
99
98
99
246506
51854
99
65243
61457
294509
99
165731
319326
33038
99
52118
242058
99
99
99
122512
99
348008
6435
263435
99
142848
99
43877
99
482710
74
34656
34022
99
532373
64050
99
99
99
16644
212771
24425
99
407664
364358
157188
112483
31737
215803
99
129403
116315
99
30422
99
99
99
99
99
321543
447333
449859
380173
99
34987
35232
33093
99
99
61261
99
26135
273628
99
99
32164
99
99
419864
167621
99
420860
215164
144493
84397
99
99
2547
226308
4164
99
99
99
436795
68923
99
99
99
57747
99
99
148712
259080
99
99
102489
92
99
99
98
426193
23625
99
309593
48396
99
99
99
18259
99
270427
98
99
249286
99
99
99
99
105230
157305
99
99
99
78401
99
135848
320061
97
5182
18726
352747
99
445963
118069
99
4143
99
263297
99
99
30964
99
99
76595
98
99
156944
266337
196070
99
229923
563293
196772
99
99
140894
64589
57535
99
99
99
28701
99
396467
168962
126434
99
99
99
99
99
99
27601
99
491206
45335
235089
165753
99
424501
51119
97
36495
89815
178210
99
489334
324753
25608
7485
279083
293350
13371
99
10522
99
99
99
99
99
136364
99
99
385790
99
39163
266424
331019
253273
3194
99
99
99
99
153324
99
99
99
99
110871
361629
84340
99
178490
99
99
417286
565
4791
568727
101287
99
99
99
2233
234523
394380
99
99
55946
390833
3737
99
99
99
176795
481832
99
162461
99
99
99
7369
348206
99
99
515987
99
251264
308145
99
384986
127541
329209
99
60743
99
88477
118561
99
351143
139556
99
99
99
99
99
166850
99
99
18856
99
99
99
89538
90033
193589
99
99
99
202003
326515
99
27655
99
82031
25687
4855
99
61032
99
99
2087
249345
922
99
99
99
99
99
99
145296
154550
99
99
128897
299862
519703
99
47859
193612
106298
97646
86935
545188
99
99
132529
6027
99
99
370523
48431
107079
365845
99
99
114132
99
99
18486
18799
236693
99
99
99
26575
202721
55307
50131
99
32301
102047
39719
466241
21742
562997
99
21999
152619
52615
143355
77661
99
568607
225873
224827
351012
99
101558
99
99
156419
188583
99
121948
116071
99
99
177598
99
99
149772
226957
99
287025
438416
90325
99
99
179706
5051
99
193043
86382
99
99
99
75239
99
351723
215093
99
99
99
99
16482
26300
90896
99
35070
12761
99
99
474006
99
99
99
99
99
99
99
99
1806
99
123404
99
99
10170
258638
99
99
99
99
99
306955
99
99
439591
17963
99
88690
181220
63788
99
99
99
99
58275
44950
374475
99
99
53420
34334
8320
188498
99
274798
99
39507
98
99
242118
65784
373554
99
292022
198682
80061
99
314129
99
99
99
99
246223
99
99
99
99
99
227701
99
99
44844
22594
560
4279
22976
99
98
162346
120387
99
15755
99
87838
414390
25301
257384
232687
5547
98
41662
12404
99
99
10533
131757
2471
305301
99
210555
99
99
289143
99
192840
99
454629
158275
99
15779
440586
198137
41079
94390
172065
99
273933
145235
99
99
99
106482
99
218571
118506
57083
98
99
132191
99
99
54245
99
99
183257
365838
195438
159667
6726
397
99
363431
99
62581
305523
83354
236388
132157
99
288559
331301
53242
496029
99
3716
76395
226877
99
99
52244
381926
99
99
99
99
448946
23374
24466
99
300870
364751
106100
99
194148
16536
99
99
348290
12421
309077
99
20678
115490
99
132666
66823
111610
156919
99
99
97
99
200205
99
285795
23820
406
99
154065
22885
23159
99
63900
99
256641
99
15493
323773
88373
99
113193
26088
99
31422
99
34666
99
98
99
65501
99
248240
99
99
99
99
99
99
99
55945
242206
187576
99
559817
99
84875
99
99
139295
365953
99
200882
281824
19970
259670
99
102395
431639
327597
80084
305094
179084
99
99
392966
99
99
99
85205
115039
15550
99
99
242915
136593
247277
99
99
99
47488
4648
99
99
99
210416
99
68892
99
216839
99
450219
130003
99
408630
75539
99
99
317381
99
1489
73398
67816
37678
99
259652
99
99
4108
134204
141623
3531
28804
11422
99
178706
99
214438
99
99
99
45145
550486
268699
7132
1456
446338
13860
99
99
99
99
99
99
99
280351
99
112769
32753
99
111542
99
99
99
99
99
375780
99
99
183170
99
248282
99
99
171261
99
68780
214133
289155
99
98
97442
99
99
99
368614
99
99
183108
50421
212187
99
99
392831
168681
386966
99
96997
5401
51026
30637
99
99
208566
73291
99
25481
129354
99
99
99
31822
99
52386
299638
29188
98
99
99
284249
99
99
99
99
10661
440561
312289
99
185977
99
22264
9826
202351
76585
99
234560
99
99
99
306897
99
99
99
4428
99
159695
108258
99
30899
99
99
99
99
99
489013
99
99
78221
27168
52190
99
179503
99
4154
98
39677
343964
99
102687
83304
99
19721
243372
112192
265557
524555
99
76850
99115
225011
123604
394802
99
99
6115
99
122905
99
99
9305
99
44073
11462
99
99
99
99
99
111291
99
99
380040
234588
9201
203404
99
212508
99
99
72353
99
171044
106410
284139
368505
125287
99
387541
19677
99
121785
99
53770
404047
75527
93408
99
281371
471924
43880
97
15030
99
53740
99
101572
214826
162822
99
99
99
195900
99
99
99
99
33487
103125
7376
99
61820
150520
220345
75152
99
472271
162440
99
99
174155
99
403365
99
76701
99
220747
99
99
309893
99
328910
99
99
90
45887
93768
271637
99
24136
78202
99
99
99
508289
95
327653
40739
99
99
217890
122952
435924
99
99
186003
7566
145884
111904
62930
99
50843
531182
99
99
99
99
23887
98
99
99
64791
99
7398
67202
13598
342094
99
96394
406353
98
99
104574
152190
5935
99
364825
99
207604
145841
99
99
166387
241009
56675
222360
99
129990
99
60815
237537
61474
99
157213
381589
117091
35777
66636
99
99
22512
17443
363168
122579
175557
99
56272
200835
263019
5696
98658
90139
6262
274902
99
99
99
28431
49481
99
333864
87819
52973
91037
99
99
24509
51923
99
23553
174958
117986
99
99
99
99
99
352537
6393
99
99
232727
66279
5776
99
156144
99
99
234406
26404
376130
36925
5641
99
99
99
80408
368086
99
123119
562359
265836
99
4451
236386
120067
94
230176
99
99
326337
99
31085
229662
226130
99
52252
285608
99
155014
72418
20468
3478
188427
99
68015
99
301296
579596
9779
99
408098
66009
99
125049
147566
139529
306276
98
99
83800
99
99
99
98
99
5904
55257
99
99
371403
98
99
374599
297664
261672
99
81382
250763
172048
6094
305743
22541
99
99
331682
99
198615
340522
320651
372929
99
89835
311376
164504
99
7043
237651
63404
76148
197418
153112
99
44645
117339
99
42587
100630
99
207914
437705
99
35500
99
53888
99
99
99
65286
99
99
99
177978
99
99
99
56775
99
1459
99
145810
352013
99
99
99
102201
23784
99
99
99
440425
99
99
235389
99
408442
99
368638
29963
99
386002
99
99
368243
101810
99
99
99
99
99
99
99
1604
196767
447070
99
99
99
99
99
125210
99
151654
103473
68210
99
99
99
99
7431
466942
339484
71367
99
99
99
74439
99
99
99
99
16834
284702
166943
99
99
396159
8922
117391
185797
99
99
99
99
91663
99
99
172328
32734
163911
99
190181
99
139371
328465
99
213484
99
89110
99
2484
110505
99
99
165427
99
110548
99
260807
21742
306232
99
313655
99
222614
99
99
128815
350550
99
99
124238
99
99
21756
93906
258909
99
99
300608
516743
99
25323
99
180013
99
99
99
99
27071
99
70770
99
60466
99
121399
99
194781
99
99
99
99
525460
118950
99
99
46414
99
99
150877
2107
99
253189
99
99
99
99
241797
491078
99
230542
330110
242013
53520
42152
99
229607
99
82
202217
99
99
654
99
99
37532
189212
99
99
99
99
99
214369
567338
36888
99
288128
269714
99
99
15067
99
107235
99
99
9128
426106
99
99
99
114733
99
61406
198530
138790
252859
162890
50001
74196
99
32179
99
442080
104865
62949
115901
186688
165002
302432
99
99
99
99
21795
99
99
99
99
99
303231
55
57399
340864
99
99
99
99
189668
99
146724
42000
99
99
99
99
340332
99
49969
34182
394588
99
140428
99
99
99
237263
98
29846
99
99
369055
51839
99
99
51716
456664
13528
90070
99
300560
118190
99
99
96
4159
99
16600
99
213254
63225
96908
99
37443
83949
37046
138626
71428
235026
259108
42675
215143
283836
419447
304925
99
99
202660
217753
203395
10239
205770
311032
234213
99
6479
99
91084
99667
336325
99
99
99
99
257573
99
35575
271214
99
123576
98
98219
67192
40156
175212
99
99
284623
215050
99
177858
28054
72611
99
99
99
99
97
99
99
99
99
99
99
438208
99
327418
99
99
99
99
67297
99
417424
64957
99
99
27111
99
8253
99
241697
99
20453
39780
141833
99
99
380216
128755
99
99
99
99
145032
99
452288
52190
99
99
43031
99
99
99
111518
99
99
193400
284947
2607
373703
212604
15518
5030
99
99
538705
117507
217794
23803
99
99
99
79448
97
81696
241035
162154
495503
52576
6857
11901
253254
99
264342
99
2501
99
105142
99
275836
99
441700
99
262048
28551
99
99
75708
99
99
99
301367
99
27377
99
32191
15834
98
98
99
280999
99
114291
99
99
347355
99
142723
76093
13727
290858
99
35987
99
99
99
99
99
21359
270612
99
99
99
99
99
119739
99
99
147995
99
88360
99
99
99
386012
76798
165803
113138
489540
99
99
99
99
99
99
99
1295
190158
99
111245
40500
99
99
174422
99
243599
291588
34990
52666
99
154245
58498
99
99
122990
99
196836
485648
26360
99
93312
99
99
19920
17096
154153
99
99
99
135077
173619
56252
21010
99
99
99
99
99
99
256862
6473
99
99
99
385767
435367
99
33730
487453
428650
99
64140
99
428870
99
75676
306048
224983
99
99
99
99
7225
90872
86347
99
74811
99
364452
515
46663
99
336648
99
99
99
6313
99
99
99
99
90
426633
99
99
53810
99
57063
99
3871
41309
203529
99
161920
99
99
99
99
99
215965
181574
65647
99
99
18030
99
91064
31914
32731
86843
37993
99
99
99
99
120585
99
99
99
490129
126092
99
99
338806
225858
403656
86149
99
20717
99
99
99
99
99
29635
99
181922
76148
209569
10346
142815
308089
99
73885
109277
371429
99
310929
99
277175
99
99
466006
99
291911
99
99
99
99
99
99
99
87411
296264
99
99
99
137868
99
99
99
165563
79859
229288
122983
99
99
464952
336271
99
99
104193
474623
222833
98
99
99
99
99
99
99
99
16487
99
99
392072
99
204960
99
99
99
99
99
135662
4282
38782
99
35489
99
318021
103311
99
99
99
99
99
99
189975
99
169555
99
87408
11166
240491
66728
99
99
99
140757
70252
99
99
99
99
29174
99
99
99
99
79087
89833
33863
99
213490
150078
68731
72736
513444
99
148774
99
99
99
99
99
164438
99
99
99
99
99
37191
99
192504
276086
362240
403528
99
200443
155040
788
103121
36752
99
99
60466
225723
99
99
99
6284
37998
134083
32161
34319
87418
9014
99
99
99
198191
6963
223231
99
99
108149
15108
30069
106722
339699
99
99
99
10291
85295
374020
99
99
99
98
99
170596
46791
99
99
99
303272
98343
40361
28741
99
99
99
141145
99
155287
360595
216494
99
306376
99
17667
99
118570
99
99
164424
787
99
99
18694
99
33861
99
99
37591
140870
99
99
45454
99
379324
3093
100223
103938
60397
541641
99
99
291752
172576
68641
124233
240071
469378
99
58977
264882
151844
99
99
599982
99
99
246171
99
99
99
99
99
99
99
99
99
164600
99
173794
99
109861
142742
21581
445373
98
406960
302408
99
530186
40357
99
99
97911
399772
321911
99
99
99
146687
146278
32399
287342
99
139235
8142
88
250716
99
276657
99
99
355262
99
99
43111
99
99
86
99
491021
99
99
99
99
98
309683
99
99
99
260627
30795
258343
62093
99
99
99
96
99
99990
69967
99
220780
167809
51970
99
99
99
168265
143229
89
99
99
388370
99
215698
99
99
99
99
356956
231844
314448
99
21891
99
99
99
99
427308
99
10592
14619
190531
99
99
99
24010
99
121310
99
99
392722
99
99
249397
38949
9272
99
450653
99
38870
99
245612
99
301532
99
344700
159384
99
22671
99
166079
257679
313439
181300
99
543422
38490
236493
99
169785
70271
130140
99
99
57840
207651
99
412275
99
54768
99
99
99
99
96
376456
220941
130154
1011
458971
448531
98
448611
99
37562
99
39819
99
99
99
39318
99
99
99
99
16224
99
1331
623589
99
99
119341
99
496116
99
494995
99
91369
99
37443
99
99
99
99
99
15510
99
99
14307
99
173571
99
63524
38398
10092
100736
99
426288
99
219996
62
224209
126684
99
184010
99
34680
99
189539
40872
99
96
335692
23558
194545
99
99
70449
99
99
174438
331407
3830
413893
99
99
99
96
146746
170217
17373
24667
114932
192284
31471
99
99
109187
492671
99
99
11945
252923
154754
99
99
230645
99
62015
99
56676
193058
479421
94528
73137
99
34666
125291
99
33283
100162
99
99
99
4307
253222
99
10754
99
99
99
99
99
85297
99
99
136702
222611
99
99
403428
7717
60976
99
132381
99
118009
95013
494186
9314
99
288981
2765
170785
369591
99
99
99
99
99
98198
99
252376
188675
99
99
99
73073
199680
99
99
97
13631
99
28668
99
350608
121265
69112
258264
377131
59317
7954
110343
33351
180404
96436
247801
99
106303
99600
338716
99
99
218285
31602
185367
558325
99
306025
249458
13602
99
19277
99
99
99
454136
99
51512
172248
15239
99
1385
99
95
152743
9482
99
99
443612
320740
99
2645
301167
523278
39076
99
43542
131712
222271
147271
99
14616
99
45514
270257
273239
99
42054
99
113862
78018
98
99
99
99
99
99
99
99
211728
99
96
99
27551
121195
54505
213735
99
99
2220
99
119543
99
99
141883
99
170188
8126
99
99
99
18659
99
99
99
126259
228690
99
99
99
248714
34968
214744
98
99
43072
99
160191
131819
120538
99
1722
20610
36469
284938
99
99
99
89256
17961
151686
8753
99
200197
154784
68708
99
99
99
66611
99
99
99
127076
19820
58325
99
392810
99
311803
139445
15446
99
99
99
99
116631
99
53992
91395
99
68058
99
206869
85462
99
275938
99
99
75682
99
99
99
99
81447
99
99
165955
99
122259
20073
326747
113627
99
99
39902
181517
17764
204337
99
484444
109872
99
168867
99
308787
99
123600
145240
68698
99
422491
99
99
99
99
116679
95
39457
77816
146062
51625
216214
272073
858
261486
99
99
293153
7761
230659
99
99
99
92233
101189
99
99
84736
220829
19521
564030
98
99
99
99
235522
99
78724
174486
71818
99
99
189274
319541
326077
99
78105
99
99
39706
51655
238840
99
99
99
99
26455
43392
394211
98
68863
22540
99
99
99
99
164915
19197
99
96
296162
152253
80605
92305
25354
372004
217962
99
99
99
46274
99
99
81758
153543
219509
99
99
99
223922
99
99
34833
99
74995
232824
99
99
99
131862
99
175758
205692
99
154289
99
99
99
194112
99
99
34919
99
99
90883
99
99
99
24656
99
104435
99
214239
99
99
99
43529
225677
77188
345432
192467
99
35594
43782
99
99
99
99
10533
99
99
99
99
99
314270
137973
315911
202602
132536
99
99
99
318507
99
99
99
99
99
99
99
424719
201680
99
99
389474
99
99
370543
99
99
99
99
99
99
291430
130805
217674
408269
280792
99
99
99
123104
99
75681
99
99
98
182595
99
321492
99
98
120108
99
1557
361696
208084
12392
32723
99
176319
99
99
99
99
99
526257
99
99
154533
99
99
131160
99
148414
30447
99
99
2220
99
171245
193468
344556
98
22644
99
99
99
1192
99
99
99
249260
99
99
103716
261086
99
99
79543
317273
213226
99
99
99
99
58445
99
228297
99
99
99
99
69016
99
33476
7656
87395
256449
99
111698
99
309113
92977
99
99
191027
99
31512
99
530007
160574
199771
99
99
99
99
43313
343960
99
365505
147372
99
99
326110
133257
138420
103344
251095
99
100832
275674
99
99
99
28358
113915
75217
65925
9566
99
35197
99
517753
99
74895
138600
99
47563
1331
201317
99
99
50522
99
99
99
99
4879
417666
114447
99
99
99
164280
315203
99
99
99
130019
42593
183774
99
99
99
99
99
100407
99
99
99
44456
216493
99
99
319404
77084
349545
99
268662
99
99
110891
333967
261741
7485
99
43894
215532
99
80047
29220
99
86251
99
58893
99
12359
254117
99
178478
99
33891
107838
17879
244631
182793
117264
90144
45360
67294
99
99
99
99
120276
7557
99
50997
2453
191398
99
323927
99
99
316397
10845
457183
307225
25514
99
99
122242
99
261036
99
99
99
265606
99
41405
99
99
142893
99
351143
227739
102853
4472
67277
99
97
99
99512
183076
99
239241
99
99
99
99
545383
93389
99
11313
99
99
99
99
99
99
19094
115880
92927
99
80090
99
99
546196
99
99
99
254883
245513
8321
14413
99
99
34348
99
99
414022
54195
99
99
101053
99
99
31847
99
196072
99
13973
99
99
393841
116230
99
282454
542413
155385
58502
99
63439
99
319050
1341
396545
216988
330184
99
99
99
14263
99
7630
365692
99
99
218987
25728
68853
99
99
99
99
99
79721
99
99
99
75435
135307
208997
7020
99
8218
99
103874
99
21864
99
75913
99
349966
99
116832
99
99
429237
274973
211177
86484
52350
99
99
185368
33101
99
99
99
7883
99
52047
99
443768
99
431472
99
99
395277
547457
99
348114
99
99
303457
99
99
99
354300
99
396268
99
99
99
56117
386753
99
99
200373
99
99
99
500355
99
84713
99
99
303680
99
99
526992
99
99
121241
240400
99
117379
99
99
38806
317935
199846
37036
99
108931
99
99
99
107186
99
32011
3447
84098
1415
76667
147398
172626
19497
99
174265
99
99
58006
99
99
99
99
134217
99
218083
27423
112404
17923
13586
99
127693
99
143552
133855
99
52289
99
711
20620
112585
99
99
99
98
99
99
99
99
99
99
204504
99
99
405705
141409
99
99
63286
99
62495
11340
159510
482197
99
99
31394
305961
227691
99
99
481451
99
99
209449
70543
99
99
99
99
36622
99
99
99
99
44360
99
220779
224401
99
152095
3941
99
99
16404
99
283075
155902
99
58543
99
99
41566
247418
99
99
99
163303
18725
53213
99
42549
398412
17891
16066
99
318453
414229
67017
166781
89044
99
99
41026
176814
99
36729
99
99
262803
469599
99
99
175592
241658
4499
295743
99
99
461560
99
99
99
99
99
99
99
99
99
99
99
104534
182127
99
99
99
93
99
29315
76775
99651
28387
56631
99
99
4297
513338
149111
99
104051
99
99
326780
92122
99
10802
187253
364453
99
310025
99
299431
177494
99
99
23552
99
99
99
99536
99
7448
21803
89242
51192
99
48394
99
99
161253
96174
99
18285
99
99
99
164767
154970
99
99
382175
374168
99
155583
150211
15565
22813
99
51773
163899
516419
225095
13539
195305
99
390212
99
99
99
87460
99
99
67874
99
154296
137640
99
99
154219
99
99
606548
99
99
104873
99
99
99
99
99
38021
86377
99
99
78065
98
99
556419
99
1784
146177
243656
157839
99814
30362
99
99
99
99
98
11730
155698
99
99
110923
24086
375854
67566
73703
99
99
99
99
386260
99
27608
99
12653
99
99
63642
446072
99
78869
341746
84954
462599
12623
99
99
99
131170
99
354338
99
99
99
52336
99
99
523406
99
99
99
176340
99
76
178933
99
11227
99
99
99
99
99
26871
98
99
113590
99
99
67438
99
327757
18021
75828
99
99
99
94654
16794
29745
99
99
362914
99
127033
82568
230996
99
127817
12971
11153
99
99
99
99
133983
132819
104829
99
48718
7487
99
373927
27264
8105
196351
99
99
222297
99
3510
99
368914
99
108972
99
342226
99
99
99
242097
169072
99
99
99
254356
244770
57022
99
51472
1658
139160
99
215919
99
149314
99
99
99
99
175006
99
99
99
99
99
351449
168311
99
99
69907
99
376743
99
392179
99
3985
99
98
186035
99
99
51700
99
99
32166
541558
15737
133868
403841
99
4499
99
52887
99
99
99
98
99
173661
285393
190396
71000
392879
152325
360242
99
99
226486
99
99
424427
99
99
99
87773
99
99
253917
6906
99
119094
217848
99
198774
99
99
99
150857
99
99
99
99
67320
123208
98
114224
99
73009
99
227030
99
99
368079
9410
431357
99
99
434163
99
99
294795
1083
99
112840
55244
565731
99
99
212914
225255
99
99
84127
182229
102041
99
63180
31637
99
99
99
60933
119905
129531
10127
10401
51342
99
98
519009
175895
32594
170008
177303
161740
352644
99
99
193174
462791
191471
214972
99
99
99
144770
322409
99
242660
99
99
262079
99
99
99
396165
99
26484
99
218809
99
344520
23555
468907
45893
227745
99
79587
153060
99
99
99
237650
99
117728
99
99
1734
99
152758
277279
56770
99
49816
41659
99
99
35103
99
99
63950
387984
87258
26854
7312
99
99
99
99
105331
165272
99
99
99
99
95
99
350186
351755
99
99
146555
99
149162
99
131181
29589
99
490802
99
99
99
43033
328046
345379
99
99
99
122787
99
99
198749
99
99
99
99
329277
99
99
99
170516
99
99
99
99
99
99
203971
99
61811
68816
99
99
99
55420
99
99
99
11330
99
99
99
6326
99
427745
99
42873
229655
30434
99
47626
98
99
99
10255
166632
8661
99
284
99
99
99
3921
223503
296548
57948
428933
18271
99
99
393309
6536
99
99
99
99
99
99
1601
33193
99
86933
99
99
99
6242
99
383079
338944
208003
99
15248
112147
99
208791
123176
217748
211825
15281
531111
28024
99
520402
18251
99
31196
99
99
21127
418258
12446
99
99
99
335265
222057
354338
99
99
99
199791
80952
99
99
99
70950
99
99
53690
110389
198752
159027
99
49662
21873
99
106596
228389
345335
214454
166990
127639
99
253250
213178
289834
7553
310191
99
65709
99
99
50636
99
99
226012
99
99
99
19025
99
20848
118339
99
99
99
99
99
99
99
99
233283
177321
99
150593
221204
211375
65377
17558
96916
303287
127128
99
22315
99
99
289930
462080
99
99
99
99
20574
92211
393880
99
99
99
99
99
57366
99
99
180906
169613
13601
350342
13883
378896
35955
276262
99
99
99
417013
108563
99
99
99
81403
99
99
112317
238244
74513
127271
98
99
30611
99
155964
16327
87053
99
99
88217
99
25336
99
16628
17432
99
99
99
213895
74232
254360
14405
364146
99
302351
99
441039
391358
99
99
151973
99
471017
99
115150
99
99
159155
99
228644
99
99
235288
99
99
83133
1463
99
98
99
147320
194098
99
99
99
264893
99
28840
226050
427415
6150
99
99
504001
99
208408
99
99
86976
99
116685
295502
99
99
99
99
99
35384
99
99
99
9692
4035
99
198408
251590
99
22252
294676
99
511957
99
38781
223308
172185
296213
99
169884
99
330247
93466
592963
99
9674
99
99
99
20804
72156
148703
32724
99
67439
99
99
99
99
260456
99
99
86589
1227
154051
99
523306
99
39763
99
99
43780
1376
99
20274
99
99
4700
99
34914
89939
99
218140
1112
99
99
292495
188247
587231
99
16773
99
99
40291
99
98
172684
99
99
194282
99
99
75351
55002
99
99
50820
47128
99
99
178895
40361
99
22942
99
259965
17017
201756
58796
99
42718
99
192477
54195
102643
99
50724
99
134665
416456
111748
99
97416
99
99
99
206169
38786
309116
98
99
217862
144337
99
220099
1843
99
99
99
1410
99
437194
99
99065
99
98
99
151507
103339
99
99
32967
152347
447045
99
99
99
99
242572
57924
99
99
24683
99
182304
55305
194476
208559
5148
99
99
10777
99
99
99
99
99
10695
99
99
194292
99
99
99
99
99
99
99
99
99
99
426271
107070
15598
99
99
117162
96191
99
263559
24714
98
94137
99
99
99
145816
9366
99
99
99
159855
99
99
99
99
13286
99
9872
99
99
80677
99
395228
234958
99
99
46321
99
109411
21567
99
89938
99
508496
252371
32642
99
98
1579
76969
11236
490605
99
52414
273750
307309
99
58659
45328
69020
362198
99
413311
99
249998
99
195699
99
99
99
369912
115362
99
99
99
329323
99
99721
238506
43806
99
163523
95
99
99
27105
99
10225
97
99
99
99
99
22953
34600
99
99
99
108129
96
4560
16947
248667
99
99
99
398879
99
5587
36125
99
358855
112987
9755
126482
99
99
26154
99
99
99
99
99
99
356707
227052
99
11882
99
99
99
315309
34022
147739
99
152334
81844
106364
473765
130334
60302
223400
99
99
99
99
16715
334362
99
133518
99
99
99
176154
99
15805
99
1811
99
49765
99
99
99
107693
50047
99
99
99
99
99
99
21648
99
545132
99
422925
523990
99
99
87788
54196
21550
233812
283237
99
99
89517
99
99
99
99
99
21001
304954
185218
99
347131
99
201236
64424
99
332514
99
379060
99
24708
142325
5867
99
107335
37378
52105
99
161457
99
524461
99
481509
99
355781
297184
99
99
79862
99
99
99
4411
54352
80704
99
99
99
86427
26335
241781
99
57035
99
91381
107611
99
99
99
360916
53355
99
99
99
99
99
19069
34957
99
99
99
555643
74477
34406
99
99
99
99
99
99
533983
99
244295
99
99
31445
582905
99
76942
99
99
27477
99
93343
448998
223656
12370
99
420732
99
99
133190
99
99
99
286784
99
2192
2259
99
253609
99
4618
9191
35887
145092
99
11610
99
99
154608
206314
98
99
94305
99
99
99
43952
99
63159
99
99
276081
139847
99
99
99
17567
99
99
99
250937
99
31213
359627
99
5930
99
99
99
99
99
12500
395669
99
225027
99
99
129423
99
99
3463
98
14373
99
99
99
99
165274
45496
99
178764
147340
587825
99
99
11492
307835
99
99
99
99
99
209566
99
366946
99
161985
374800
99
144832
99
182228
99
32796
99
160341
99
99
99
99
99
99
192155
498395
251292
99
99
276696
102603
50296
56592
99
99
348287
99
38505
99
192593
99
99
99
574434
99
99
410014
27989
41948
10738
141062
99
99
99
99
99
94
88172
117062
344173
88880
99
219033
99
99
99
99
99
99
99
98
99422
181534
171772
141329
99
99
87
263661
98
99
99
406305
99
99
337620
99
99
99
99
223713
99
99
519177
99
99
99
219487
8638
158901
92
138645
460180
99
99
99
99
99
99
30162
5707
49615
304752
99
4619
456746
287522
99
163711
99
436335
99
99
108342
47740
201123
99
99
99
355859
99
99
99
99
383800
99
3494
99
99
17123
99
99
20810
392408
101365
43738
99
257723
34435
60999
83699
99
292523
99
99
201710
176253
150659
99
99
99
64011
99
224506
278150
99
292571
99
61888
66914
349899
536315
31613
302372
39743
129400
99
309844
83288
153424
99
222803
67393
99
80984
100810
50764
99
99
11768
172991
28306
99
99
99
309730
93
99
99
151373
99
99
379475
99
92784
33026
2710
99
398425
99
415721
129159
99
99
99
99
130763
99
99
9130
99
99
92686
99
99
99
99
33843
239554
99
94562
115953
125769
99
99
99
99
5563
76
99
98
99
186572
22790
88
99
157434
99
183154
99
19521
99
307287
98163
81827
419363
99
72881
18353
99
74544
99
282777
504290
191271
250234
167381
101046
99
99
99
172269
337835
99
170243
3950
99
8561
22775
25881
31974
99
165400
99
6203
338520
180439
99
99
99
119848
99
35167
99
17336
331317
65623
99
170157
301753
99
101790
172392
99
99
99
99
15241
202412
99
99
195766
99
179064
104264
90772
99
99
99
99
68814
91141
17249
99
99
99
101697
134847
262557
99
99
99
60329
97252
96055
428771
99
99
57598
32600
91683
99
156610
55581
99
99
283717
76722
353600
99
99
28110
93
567941
99
12930
99
300601
99
221773
99
66990
99
38892
344814
185111
99
99
99
99
99
392265
242899
99
99
99
74909
99
99
391295
387527
99
109007
23870
11899
266106
99
46540
99
285094
240206
99
99
99
99
5714
99
99
237020
94249
217440
14879
99
99
15885
99
55416
99
54655
98
99
49543
99
243479
346473
99
99
99
3775
196
99
99
99
255013
192627
99
99
68876
99
331816
176741
65617
5484
90380
284499
99
99
99
468095
99
99
99
375569
99
6490
99
84169
476576
330242
302438
681
192877
99
99
99
118442
99
99
99
83162
48676
58214
197360
324365
126652
147355
414113
99
320746
20031
99
302515
99
98183
427999
99
269378
100600
99
87269
99
88228
99
93090
98
255623
49862
99
247439
366824
99
99
99
12510
99
74228
52582
99
99
99
99
99
99
95
131139
99
17761
442992
185785
99
112970
99
18653
99
397230
54948
181584
72634
86788
99
99
328280
113991
99
99
185796
99
99
212633
99
99
52950
99
95779
99
99
55809
580302
140654
359281
218362
108665
148027
66462
99
23884
99
67509
101289
65292
99
99
9078
99
164086
99
219672
99
19004
374922
99
99
451033
99
99
121814
99
163914
339627
99
99
138615
339840
99
423909
99
99
294982
130391
197341
99
120657
97
242575
130151
99
99
86784
308121
15386
99
99
99
99
99
99
133125
99
68826
99
97
2656
99
121436
28513
99
99
81408
99
360093
274035
95
173952
99
99
99
99
99
99
99
99
99
99
99
99
294994
177931
99
99
99
459958
99
39579
99
99
99
205211
290109
83
99
99
93
21310
14373
59743
197184
99
44189
99
3420
372683
99
37249
99
14832
99
99
99
501276
179930
193604
99
315288
99
622710
180566
37581
192042
37396
99
27890
366740
302900
99
163190
99
99
327654
89
99
99
99
161138
99
99
259115
99
99
99
17466
99
225319
7148
99
99
599991
99
388702
40997
42975
23008
236757
212444
99
99
169060
18554
99
99
379551
6734
36099
99
23704
99
99
175678
99
93596
99
44945
171140
47318
99
3944
178029
99
99
99
48133
99
99
193495
508909
161266
180071
160224
99
134098
2071
99
99
246808
152270
99
84576
99
99
219425
99
172097
218750
99
99
383960
99
16159
206400
463792
99
99
99
200935
70814
99
99
185324
99
82675
6945
176795
99
6938
99
99
99
252915
99
61685
99
99
206843
99
99
229983
230628
10037
15415
99
99
149650
511592
171358
111166
99
99
36426
167867
27818
99
155051
40
51532
99
185456
97
99
99
244359
137657
99
36507
99
356374
79681
99
99
99
99
99
99
99
37822
8555
60348
99
99
99
241890
99
158679
151393
240668
126851
55462
4150
99
99
99
98240
99
527804
99
36717
93103
99
99
99
264596
67093
60338
99
99
99
99
488687
99
364857
99
129446
148823
99
99
99
99
25167
99
137160
24865
99
12228
99
173520
99
99
219487
27862
17406
99
99
99
164824
99
193788
99
298526
99
42862
65268
99
99
99
134240
269713
221847
217823
99
99
280545
505754
106970
200689
99
6072
38360
99
99
99
4856
12421
52959
99
99
162987
277879
84532
99
99
99
99
182542
99
12042
129333
99
85421
345603
99
235005
76963
99
99
99
23357
98
134228
99
99
24553
99
99
99
50941
99
99
266248
99
99
99
99
140922
220587
99
66500
117890
99
99
267613
11513
42115
385653
99
218922
351130
99
116067
99
543216
99
99
19032
99
157842
43646
3126
27208
99
8164
99
192848
326822
288540
99
318865
99
135146
101424
99
538355
99
99
99
99
99
14286
7012
55400
99
99
99
12247
99
99
99
99
113177
99
390851
99
99
99
110070
52870
99
148065
423024
99
99
99
99
206592
99
184918
99
10546
41157
364964
99
99
99
99
36182
53644
10618
99
99
5894
99
493007
196718
98
99
101099
154284
242612
114395
32390
102565
99
99
48956
99
425114
341286
17888
31074
31454
157291
99
99
30550
178788
176419
99
11121
84531
249107
248079
99
99
22112
207701
99
99
99
292573
99
74707
162681
193973
93
99
172756
99
99
99
99
99
3261
20977
445368
99
8285
99
29513
139169
99
139009
402815
18609
280364
99
98
99
426254
99
99
348948
101101
20288
99
75795
99
74115
29126
15571
99
99
99
99
99
492176
45013
99
259556
411565
278133
435204
99
142660
363759
99
99
170159
177009
6114
99
99
99
573
256873
70052
23661
99
99
317432
99
99
99
99
93616
99
48800
104370
81
99
8516
42275
98
99
99
64034
99
99
99
25456
2417
446995
9086
21110
350539
99
228786
99
59224
195538
76388
433337
99
90798
99
99
175006
99
20019
62713
63547
99
50807
155604
40352
98
99
99
99
33152
99
99
99
43999
98
40120
184962
99
99
577305
80077
72871
99
168301
34054
197188
99
51919
67128
30175
185962
104317
99
99
148004
235971
33650
242258
99
64211
30087
99
99
98
313871
387577
22640
334574
304706
99
99
8885
99
99
12491
99
230293
99
99
492913
99
197585
456145
99
99
36586
322292
41432
99
99
99
409248
530594
492182
295831
99
99
179378
99
99
469
99
99
218763
60162
66553
136489
98110
278443
95349
99
99
21204
49890
99419
41302
99
526493
446590
99
99
210683
238892
503611
373168
99
99
180788
99
99
99
222284
247566
283975
185807
99
329866
51773
99
99
99
99
70785
305955
194087
99
99
303810
99
99
6262
99
99
1906
99
264340
98
122871
99
99
99
99
98
99
98
99
99
93
99
99
99
261399
97
264477
99
99
58452
99
99
35150
99
305020
99
131451
132269
99
492572
99
104533
99
67246
99
99
99
222303
99
99
79931
194043
99
99
45165
15727
99
99
99
99
98
99
98
99
18014
99
99
137806
98
98996
20624
231401
116986
77513
99
99
99
68110
99
99
3066
99
197
99
99
3024
451051
99
392280
203698
98
28544
52768
99
208205
7669
91988
99
262895
171251
99
362293
232658
110673
21562
448626
258230
99
278541
191032
72951
211606
99
99
105303
363051
107433
11920
99
225022
90364
159233
1540
55181
99
99
99
29887
99
99
98
353388
21961
367316
1438
98
99
217932
99
48137
10021
82594
99
3062
73404
99
338336
99
99
28672
99
99
296926
99
99
99
72899
393931
333266
209035
83242
99
37452
99
49689
306895
372577
173410
99
99
99
78407
99
53460
99
99
99
91
297855
99
99
99
99
534458
99
99
99
15335
27626
2997
99
99
99
99
31965
384118
197326
42308
99
89321
99
99
99
99
99
66753
32704
128426
77702
99
99
99
99
53296
329965
99
99
94118
160149
99
47287
99
99
163510
99
99
99
471704
99
99
111761
99
234937
448645
257132
260579
99
173408
199773
99
99
99
68691
384414
99
99
99
295452
116110
99
424183
99
123108
1218
3699
99
99
160817
24518
99
99
99
399336
99
146712
360127
99
146933
159621
269090
124010
99
429492
99
99
99
124073
74815
99
99
99
198256
320096
99
99
99
133698
99
99
147200
1620
99
99
362138
99
99
99
99
53142
99
255113
1846
20104
125038
99
99
99
99
23889
99
154152
54956
145454
99
166269
99
235426
99
99
99
64591
171220
99
99
321097
99
153012
99
41183
99
99
99
107271
323773
99
135691
99
64101
321524
108144
233307
7876
99
9297
23431
33336
99
99
99
99
99
99
58236
115776
99
99
99
240437
99
99
99
451153
229313
381220
99
99
99
99
50229
99
171581
322518
534750
343903
99
99
286489
47456
99
99
99
99
99
430447
130959
83119
23238
157265
192479
96909
90384
99
99
239808
99
99
99
99
99
153465
99
367155
25996
99
99
212766
99
99
101500
99
99
99
99
46442
99
99
19993
99
207489
99
99
421927
423604
99
99
99
42821
395
119459
99
306609
99
99
223042
209492
103278
99
99
99
99
99
99
42882
315000
99
99
5691
99
99
99
99
99
99
99
222005
234092
99
99
99
271176
69849
41397
246653
99
941
35614
99
99
99
99
99
249860
99
7822
99
265999
185567
99
13883
99
283882
99
99
99
14689
99
111213
71065
99
99
99
344500
99
99
96
6282
55643
99
432433
99
99
166680
99
204570
99
99
73863
6926
99571
82476
99
92335
99
265122
45114
98
334971
99
46533
99
24266
210952
99
185129
378720
99
385059
99
99
97849
99
98
99
99
99
41725
99
99
158019
99
99
397065
49708
75719
99
99
99
8183
122144
12055
147362
239150
252575
99
99
349179
20279
99
495076
99
99
6928
99
27194
324644
99
99
162382
