98
55226
290032
184118
862
99
70989
125896
99
207822
9710
36661
14748
363240
76
99
99
3616
57600
99
99
95226
148270
53311
512122
99
99
99
21979
99
99
98
99
385461
16750
99
177441
99
181969
17727
99
281204
327158
41185
263765
99
99
42818
99
233224
99
99
99
99
179938
329740
99
99
99
99
99
6338
99
99
40879
99
99
99
23943
190953
53734
201653
99
99
68178
147038
99
99
217404
5593
99
99
190933
66814
224272
99
463443
99
98
99
154408
5267
99
99
153163
91953
29258
354552
591852
99
99
277323
99
99
27696
98
63591
300154
24734
99
99
76862
88978
99
375462
99
99
273571
106293
99
152957
284178
99
100273
99
116190
16263
99
99
260724
99
25116
99
99289
226256
234776
99
354235
344594
99
99
461592
99
471796
99
129456
50839
99
99
283712
99
18416
176775
99
99
150531
139031
10375
99
99
99
182381
99
99
99
99
348255
54087
99
99
395420
137737
99
62035
171810
99
99
99
99
11851
310661
99
111503
98
99
99
99
99
99
297875
99
99
99
217892
10944
99
99
78941
99
428200
190301
99
54442
99
190224
99
98
99
343981
59665
99
99
99
99
99
255302
99
99
166857
226832
99
134456
99
52944
99
24876
99
99
99
99
18093
99
73313
289994
162381
99
369390
285728
30642
128713
18456
30033
99
332951
99
534155
98
99
73452
99
99
99
4103
99
31309
99
17786
99
347370
99
99
99
2085
99
99
520577
233777
90
108642
99
264706
99
22317
99
99
99
151794
99
226358
98
99
99
99
166196
14288
19371
27542
456979
291179
107758
385615
22872
99
99
99
99
120056
447434
17856
99
99
181621
99
99
160190
99
19551
99
29815
24201
99
99
99
303587
99
152584
99
57035
109323
99
99
99
59829
99
292235
99
99
99
99
99
2045
288464
99
250730
27058
58543
358246
300424
99
99
105492
36
209802
376398
25657
97
99
99
385068
5947
14970
76613
196907
374855
318847
99
99
99
463350
99
335156
99
99
73902
383987
477923
78425
280395
99
99
298858
99
99
99
32309
99
99
99
135054
99
98
99
98
157977
152520
148035
99
152625
120572
42799
99
99
383032
2434
122328
99
99
99
403753
99
99
79800
99
6622
98
21530
188755
156099
61389
99
87514
99
99
99
207056
99
99
99
291778
49188
99
99
56944
99
170220
99
99
156354
99
118836
99
99
67265
4064
99
431843
99
238934
5935
99
99
140073
323592
99
263953
99
143197
99
99
1684
99
99
98
99
16055
193578
99
99
15785
33727
99
13734
25527
99
99
99
99
550084
250892
63289
382692
99
98
99
99
98
99
99
117484
99
99
99
116945
114746
99
67478
99
355449
99
99
99
99
80990
79804
203976
417597
99
99
34977
99
68115
99
10905
99
99
58546
37415
187601
99
37547
99
99
23493
99
33634
99
99
99
207874
30961
26435
99
170463
99
99
99
99
99
71341
17017
88479
25209
72077
99
6107
99
99
99
555727
99
3091
425397
26288
98
402
10506
412480
99
99
99
99
99
108370
99
211848
99
99
254838
57057
99
99
99
39694
56826
79748
189339
99
75984
137400
99
365926
99
99
155160
99
825
31089
99
72295
380685
99
99
99
159434
40160
99
99
99
99
124296
99
128256
84847
105097
99
249635
99
282212
60587
99
69680
99
99
99
96
99
248762
9607
228354
53426
261582
65189
6449
70548
99
99
106991
37135
99
285516
99
172754
99
99
192807
99
42439
99
295536
20956
345082
99
99
79003
525
196427
132196
628
270768
99
409567
99
156337
113238
122099
236922
99862
47908
99
99
99
94035
99
191850
91659
62
99
99
258061
99
169124
99
6709
99
26595
99
99
269488
99
71369
10759
451875
99
330727
557213
295094
99
371220
99
36015
99
8731
99
133401
99
99
99
99
99
99
99
274289
101362
110138
377384
99
99
33821
99
99
301389
99
99
89618
99
439984
99
3116
99
99
94669
409176
99
391267
10670
99
7154
99
290159
99
8817
99
99
99
2988
58135
256532
138007
540042
134614
99
451469
99
99
32149
99
99
99
118448
99
72352
99
32999
99
99
258718
99
424832
205410
114257
99
19836
99
385946
71019
99
99
99
143215
312755
99
99
39617
244337
69418
77583
36446
99
180314
299798
24695
21123
99
99
11216
100569
99
74329
99
99
99
475970
46431
99
108313
77
99
129744
35209
99
92555
41808
280255
99
225650
99
12345
98
106341
99
99
543631
7266
99
67134
101345
355185
99
99
99
99
28345
59367
376130
20335
66306
144566
99
161518
99
113459
99
116838
99
218941
98
12645
23725
115952
38518
109471
99
371257
23146
168099
99
96
158102
99
20630
99
176089
92355
99
230954
99
99
61465
99
99
342289
99
99
241817
144981
273240
172623
434676
16725
99
99
99
97856
3886
99
99
251394
99
99
99
99
97
24424
520664
282591
91162
427494
99
201712
99
307423
72267
137968
99
522597
99
20033
201678
99
272361
333207
58013
121594
98
99
441559
197355
142319
99
99
73836
99
99
95
99
99
354647
99
99
117926
97
95
153135
99
111511
99
99
99
99
58883
165896
146564
203506
17097
99
99
22259
220838
99
99
99
7241
99
106119
52954
134064
99
27813
118423
99
99
176335
99
492978
99
99
231510
99
99
62139
482535
99
99
108732
99
99
99
55573
229259
99
99
18828
6814
99
122089
99
125962
98
99
99
102576
413473
99
146355
91910
99
225398
592252
25875
99
99
99
29836
306171
99
99
99
99
28426
64272
99
99
1446
139158
438584
99
99
137422
99
325064
142166
2107
7163
368107
99
176973
99
99
99
110273
99
99
99
283729
99
90331
99
20213
99
99
99
398954
341278
37910
97907
121470
99
183711
99
10203
112434
99
98
99
6676
72
22598
20622
99
99
18375
97
99
117786
318880
99
160888
9151
99
99
1228
27523
99
334496
99
383415
99
99
99
99
99
209127
99
99
197368
99
99
99
99
99
74233
46744
39970
168189
61698
99
308968
99
99
62913
353197
99
99
99
444978
99
99
99
99
90566
71739
441256
99
99
99
99
205904
99
279557
99
99
99
99
99
98
44760
336581
20956
99
99
99
99
475152
22808
47886
99
311356
200984
114868
99
4088
99
99
342733
463
99
99
99
99
282291
99
140413
99
99
99
99
99
99
99
48754
99
46986
98
99
82877
28728
88665
99
99
197293
99
150658
96
102176
176659
99
99
88
239375
99
301357
15686
282074
99
263
265343
99
99
60593
105991
31353
99
558285
99
99
152014
282999
29385
99
99
99
470302
98
99
99
99
260528
71107
99
31404
99
99
99
248837
99
108279
99
152724
99
62921
99
99
267200
55274
58412
99
99
23931
99
16886
129796
161350
13517
99
99
99
71663
99
99
65227
45069
99
80026
99
18089
99
17752
99
180372
99
314986
310142
254014
99
445327
46204
99
99
198164
99
99
99
49099
99
8789
6277
99
553
220317
133989
99
99
99
118092
99
99
99
131165
253369
99
99
99
99
99
99
167750
99
99
99
99
22922
114370
99
10019
99
99
50965
90077
355954
4890
334572
99
99
99
99
99
99
99
99
17797
99
32552
99
99
198506
99
99
99
169669
99
99
99
99
306336
4
99
99
177224
199833
7966
99
349881
99
131728
99
99
232021
54855
245822
217242
362793
99
95465
99
224305
304847
99
274346
99
9701
99
99
99
99
99
99
99
528644
99
63344
99
99
99
99
99
91
99
122399
99
402540
51060
62658
186090
267833
25625
99
32573
388920
99
100010
99
74650
238447
98
59221
99
99
127645
281228
99
99
99
99
99
99
99
518840
99
99
99
191788
2057
356737
99
45988
99
99
99
99
99
99
202956
59987
99
481761
99
99
28956
99
1393
99
99
312822
99
99
171484
182885
84366
99
99
51525
262449
99
99
99
196011
99
297545
374040
99
99
31021
47963
11177
99
99
99
99
99
99
99
418639
99
99
99
1572
99
99
60377
99
5006
6989
99
154816
99
99
109972
99
99
82288
99
285091
6668
99
443951
99
99
99
570801
99
7243
14
99
266492
69131
19438
15594
19403
99
16478
99
65039
116653
10334
22420
99
146368
99
301179
98
99
99
184559
380473
99
99
99
142836
99
99
119455
406699
99
98
99
99
99
187405
36808
46889
7592
99
99
99
95841
99
99
192277
99
99079
284992
554858
2913
24466
74095
99
99
99
99
99
81200
99
115083
209491
99
99
80
378720
99
99
99
99
99
16386
98
99
92441
99
4997
47202
99
67979
99
677
86304
99
99
99
74044
99
254558
276330
49919
82584
13441
99
262545
115346
99
99
1717
88543
67729
148323
9133
99
223791
99
99
99
484771
99
3450
99
199452
99
99
99
384453
463920
102197
99
99
46620
99
98
99
245906
98
99
99
99
59371
99
70526
99
103071
99
99
211192
44546
99
99
222867
99
99
98
99
99
292337
11607
89602
227967
99
65078
99
99
99
18252
99
224112
77452
99
99
99
99
220802
98
99
99
113126
99
99
99
99
443738
99
117103
99
99
99
63918
379274
99
241284
69851
99
99
14464
99
19384
99
99
99
99
87593
98
95796
99
99
99
306652
99
195952
99
99
49248
99
253230
99
99
168551
43823
99
30835
179841
99
96
99
99
99
99
99
99
99
98182
99
99
203866
46460
99
99
99
82451
99
99
127781
99
372651
11629
98
394595
25312
99
99
273445
99
99
99
52632
99
99
442907
323032
99
99
99
3164
99
48775
99
389811
99
29296
99
99
99
136300
99
99
99
98
99
479928
99
101316
47993
99
99
174162
69524
99
99
113726
15229
99
356972
99
99813
217474
99
42222
99
1853
99
135240
55842
2317
99
68809
94318
99
99
190059
188286
124192
99
103755
530882
99
99
99
194200
66160
99
403246
99
99
99
302691
99
10495
99
99
14569
133278
85623
99
99
118574
98
99
125223
16440
99
2666
99
301921
269950
99
88191
99
14665
99
99
99
8657
99
11565
99
99
99
99
82324
571694
241412
138910
99
311325
99
510713
99
99
59665
99
12435
27594
99
99
99
99
476057
48183
99
99
221415
527648
98739
12294
99
99
99
99
99
3153
99
99
99
99
99
112805
20160
330184
5518
176397
100534
60130
167434
126607
204347
148127
99
99
187596
99
99
223022
169560
99
99
144545
99
71520
99
99
99
7608
99
99
99
25754
107613
23669
91
99
99
99
13675
99
252788
99
99
99
99
71288
30001
99
99
98
99
81471
99
51432
99
99
99
272325
12651
99
417268
8989
99
99
176737
99
99
307699
99
86799
99
99
2050
94997
99
283815
99
99
99
47359
99
99
99
99
99
354377
260521
99
46342
99
99
99
99
267106
99
215641
361674
122070
558238
146078
251115
73441
99
99
99
66390
67928
99
99
99
99
99
30684
417228
99
135871
92269
99
77818
99
99
99
153310
99
99
304481
99
159887
99
99
99
99
96825
135622
174342
52759
165339
141620
98
34502
186560
99
99
99
99
99
99
99
99
403034
99
99
99
95
243823
103650
76334
99
21507
163570
99
99
199694
288757
218749
99
99
274539
118845
453194
99
221215
99
214085
170545
99
142150
99
133828
365023
99
154911
178968
99
210904
137917
99
99
99
108072
230583
99
67793
99
99
99
133511
148717
98
453012
61187
81713
99
323879
89961
521951
433250
99
99
99
7254
99
99
125523
95
99
157711
99
100459
109397
140654
54913
98
568205
115800
15114
145443
11831
99
99
99
99
529183
99
38582
99
140963
255167
41984
99
99
58176
99
99
99173
81717
213253
99
99
99
96114
99
55616
99
191532
99
99
42334
99
133158
99
99
20034
122167
99
99
143
99
99
99
245476
205412
99
17279
99
99
98
526946
75472
99
162037
90
99
99
99
1160
359104
275748
108515
99
506585
144877
163167
99
99
36524
99
27078
117289
157063
99
99
62128
137883
99
73940
99
99
203678
98
12365
99
99
242007
384083
5106
110469
1915
99
99
35233
99
44471
99
122717
377220
438978
99
99
99
209464
99
292022
343589
98
99
99
115743
258868
9455
73971
98634
375740
99
95
4061
207901
187087
81969
44467
86572
34814
341596
97412
99
99
288617
459559
99
253581
99
99
21852
151656
62835
129323
99
99
76684
99
272273
99
83086
99
46336
99
96
99
231644
99
72231
205131
28664
99
99
70861
99
90674
166
488730
68200
174030
98
99
99
68263
146132
142783
99
274161
49251
99
138630
210141
99
99437
99
99
99
99
99
1394
4378
99
98
99
45474
99
99
99
99
99
99
56631
99
36499
78343
99
99
99
99
99
371792
242933
149404
79424
183018
420366
46305
96035
356979
99
295102
242303
118996
68570
39786
99
13401
11217
99
147952
99
27
99
99
99
6993
99
2279
166342
122230
340760
99
102169
99
99
99
99
73403
99
99
99
31834
433893
263133
154988
99
45480
285157
254505
102352
426865
99
49137
53513
404133
68982
99
99
25798
99
32820
99
135614
99
99
99
409
95
99
99
166184
98
40481
129789
99
99
190752
99
99
99
61003
99
99
99
12839
99
187511
95
99
99
122988
58733
99
79377
99
508774
99
147978
99
99
99
82940
99
153418
99
144048
99
99
98
99
409684
99
95208
99
99
86797
11687
126521
99
344590
47917
99
4369
99
197903
111805
99
98
77931
95
98
99
12284
99
183861
99
99
50658
2618
225453
99
99
99
437141
180083
55642
113264
10217
3809
99
223270
99
11523
98
99
39054
37052
99
96344
99
24310
226743
99
62045
239798
135884
99
46122
98946
124498
162091
99
98
99
99
99
199779
194783
99
177722
99
99
90
99
99
99
122018
88322
99
98
99
99
99
99
27416
20068
235283
219916
99
99
482319
115098
50266
134620
521525
99
99
99
99
111401
129280
99
86878
379220
99
41493
99
493187
225940
99
99
48086
99
352707
134607
99
99
99
130773
99
133226
99
99
99
50967
3006
369056
96667
76270
99
284984
64632
99
153740
258225
191712
99
99
4401
143607
119916
35144
99
99
373317
57334
54905
284891
99
199474
527576
90820
209178
195918
510540
39415
99
76154
14205
99
99
99
103873
440247
59984
98
99
99
242158
21738
5469
195666
6370
99
99
316121
290226
214726
99
35882
491421
106581
124464
442298
73755
241774
99
315441
99
214352
27156
99
420256
99
17259
99
99
288457
99
99
99
99
13314
99
124777
99
31357
200380
99
99
200642
99
99
99
99
99
99
99
99
58769
9410
99
341350
99
356092
99
1377
99
409342
90
90950
99
71989
86013
86203
99
99
421020
77614
99
18361
99
99
99
99
99
99
535147
451794
200437
99
99
99
99
5310
274462
99
99
78443
99
99
99
99
99
99
352290
99
37981
99
99
162773
99
6606
99
498322
99
99
46825
40118
99
99
12839
756
151631
191512
63525
99
99
99
98
469461
99
26301
220842
18759
266304
309864
99
99
331034
99
445703
99
99
276014
99
249349
99
99
99
99
299985
99
97790
99
360592
99
99
56896
99
99
20101
16173
86405
99
99
166371
182260
61542
352127
99
99
11891
341258
99
69902
99
406821
336590
219441
16453
99
99
99
75
210010
244772
99
98
98
199521
106502
99
99
212030
99
122486
12461
193004
290326
99
589691
99
99
99
99
99
36590
241913
345161
323702
272748
99
99
6899
99
99
99
99
64416
99848
212426
99
52776
91646
99
454279
357817
37930
197832
99
30483
99
99
99
153938
99
99
2858
334
99
146684
99
6471
216965
371597
99
145990
365388
161090
99
391200
291147
99
99
99
99
180784
292381
99
99
98
99
25304
24660
99
75741
99
75157
99
161342
21466
120796
99
247115
99
99
188026
99
99
266527
99
145152
99
54961
181945
99
99
17984
208741
26911
99
99
99
99
190714
98
264648
99
99
99
95535
99
105891
99
174051
99
99
162020
99
99
96144
252744
99
99
99
99
1389
55435
99
99
525848
407308
51759
260675
99
99
98
99
99
99
34597
99
29133
99
11922
251145
111303
99
99
5818
99
99
77119
132137
269233
99
354061
99
99
99
99
99
99
318592
99
99
99
99
4289
113014
99
98
17596
26098
99
99
37413
16346
105426
190857
99
118226
203314
99
99
1532
99
5790
99
99
99
99
99
99
99
99
99
99
99
99
104567
99
399084
317770
99
167991
99
99
22471
99
99
99
99
99
99
7750
99
448426
46661
455186
99
99
99
156417
344001
99
99
99
99
99
98
97
99
98
148648
7995
99
99
40244
99
17340
37492
98
99
99
16287
4139
239944
10699
99
380665
99
246968
99
99
249843
99
99
6094
187464
99
39486
99
33337
99
153861
229517
99
99
99
384868
99
99
99
99
275530
182678
99
99
58002
99
99
54174
99
5308
263978
10957
99
203354
99
23227
260885
99
99
115522
99
423539
99
31839
99
99
2382
98
99
99
99
99
97
98
99
254755
82658
99
305933
99
499103
99
469088
99
99
266869
140538
99
226332
99
99
11805
96384
99
120185
197465
153199
99
528497
99
99
4078
310451
99
2118
505659
99
99
121238
146911
177054
320354
99
108468
125884
3621
99
177477
99
99
99
1885
83270
99
139126
129436
99
43124
99
99
13349
99
331994
14906
99
34735
67158
205294
99
99
99
170680
435470
99
99
175808
330232
99
10
99
331999
101125
74801
34247
99
295756
99
152575
99
28180
44830
150477
99
162949
39524
95
139978
99
153564
203456
144706
99
168955
99
28399
99
379
15211
99
489728
128698
246207
97
64351
98
99
35894
99
99
99
34682
99
98
555456
99
116037
99
99
229199
99
99
6201
64868
202389
37631
99
94224
125493
69174
99
99
94213
198593
99
73822
535550
133571
122209
121481
99
99
77037
119953
573545
95
324892
99
164834
25950
99
179681
99
99
99
279636
20020
99
103021
502028
98
99
1951
99
99
99
99
10834
99
61343
2125
99
563609
118019
99
21497
99
99
99
99
18821
92988
99
316230
24071
99
99
28224
99
99
350558
99
302992
99
15172
355227
99
386266
311878
99
99
155211
40627
99
508086
99
21730
99
337104
218004
180685
99
99
168760
77980
10225
59713
116438
99
8056
99
86609
99
76456
136325
99
99
99
99
63761
80228
99
99
98
3559
99
80409
170201
98
99
99
21790
52232
272932
98
99
236294
86860
99
99
99
99
13167
22128
99
379407
99
98
99
99
99
125056
281536
93829
99
307899
99
48460
198694
440898
99
99
99
99
280093
165774
99
18057
300080
98
201984
99
99
99
99
99
119913
109277
423213
68584
99
99
140253
153675
99
27518
186983
99
185619
99
99
3311
99
99
97194
455045
99
65429
99
99
70833
79546
99
1403
238306
99
98
13539
99
99
99
66016
398995
99
99
151720
391498
601573
99
283206
99
99
99
22967
99
99
98
99
99
99
388158
99
99
99
18412
194851
168541
363822
372176
125612
99
99
99
99
99
99
99
99
193601
272834
231986
148743
91
99
99
68664
99
99
1377
99
99
97834
107245
99
10936
99
95
101735
99
99
99
87380
327023
336351
291121
34319
218961
193264
99
38496
346906
99
521925
99
214307
452401
99
99
91770
285485
99
99
143739
99
151196
159181
343167
208677
99
68303
236565
95512
99
98
99
99
99
65130
99
99
210151
2902
98
241764
99
99
458158
99
99
144525
99
190081
99
30786
149183
99
99
99
207922
51174
99
95255
99
113855
99
99
20327
284609
37463
99
202127
21490
99
205641
199972
99
12954
156906
99
99
99
99
99
166485
99
259172
99
99
99
99
9131
99
78579
99
99
366927
99
99
99
99
99
65578
99
337628
293330
313459
99
6266
39673
113792
99
99
117887
99
99
99
99
94
99
98
8936
99
403288
99
422
184022
99
152313
97
600106
203372
99222
99
99
14155
99
99
72206
75739
99
99
99
99
99
99
98
117314
99
238898
99
99
26621
157090
99
162502
99
99
99
16808
99
99
44716
166659
52248
99
26759
99
99
99
136198
8045
208896
347582
2005
150467
99
104766
139963
18649
35877
99
99
99
117145
99
104249
99
99
1679
345366
82285
99
99
99
48937
39636
377085
83058
98
99
7346
117939
99
99
132668
99
99
294892
99
146324
99
99
267881
411371
99
277645
529050
99
99
220031
274902
114081
227699
99
99
352805
187579
2288
99
99
99
99
38578
416080
5881
39992
369657
318050
99
213403
99
98
161136
57623
32468
99
53815
99
99
99
242666
99
99
49953
488401
99
405624
154437
94264
99
99
378865
99
99
99
99
70110
70274
99
300623
99
71128
95
173534
170622
281571
27040
99
93295
68135
99
99
99
99
99
90198
99
97
99
99
99
99
99
280897
99
99
505313
277935
107125
99
135270
19978
295978
99
99
175277
99
103838
99
99
99
19945
99
108849
365475
99
47628
312429
532256
194167
99
450106
99
99
134562
99
5476
266917
99
99
265175
99
10932
368661
99
99
99
387758
99
81493
99
39229
20642
91898
99
127914
99
13449
99
206657
99
165238
13275
10891
72426
353720
99
99
151360
99
426828
170331
99
358873
104718
99
99
12028
80683
99
99
72640
99
136405
99
95207
99
6002
189158
99
452614
256072
99
320711
99
99
123945
99
180559
118264
149350
146519
293219
201294
34403
99
99
42742
206083
99
99
99
99
333991
99
99
376629
99
98
99
248595
99
99
99
72886
99
98
51518
99
60401
99
99
99
346002
1216
99
99
98
417983
389843
99
131839
16574
44169
55528
99
77947
99
138996
99
252854
99
409877
98
99
99
100193
164176
214958
99
129717
13821
57115
279
16042
99
99
95
136201
99
119427
13941
99
99
254196
99
50688
99
99
99
99
3014
99
99
369811
221272
58243
533344
366074
99
221903
477970
235700
99
522735
512568
63017
99
263433
80552
700
99
99
196479
141611
8451
99
99
99
6912
503871
99
37203
99
99
99
99
9520
99
48823
99
99
158834
38064
98
99
99
99
99
134742
99
99
99
99
358296
3646
12561
99
99
85208
99
440608
99
1650
42304
99
99
99
105952
99
99
99
18312
99
154344
121157
90352
99
313150
76179
446406
182658
99
68939
81946
59398
99
98
67534
37061
470501
64939
19332
78903
11947
472503
99
162993
99
99
153686
99
99
41219
99
99
99
99
99
99
89787
143682
99
99
123118
99
172357
317075
55694
484447
99
99
34759
241250
273339
99
8424
14357
99
99
221321
99
195366
80263
346871
179395
21914
99
265912
99
99
362414
47963
99
99
55607
99
254362
99
99
268692
1582
99
105134
99
65656
957
64454
99
426772
71746
99
177317
380712
99
19401
75756
138150
47869
99
99
67857
155411
145968
99
22108
201317
99
99
99
99
26692
217176
99
5510
23111
369488
12561
99
99
238584
99
99
86916
119328
99
99
99
99
99
99
435823
54460
115853
99
99
24444
99
99
99
211733
99
55873
119426
1243
89142
99
290008
37866
465497
99
353766
99
115375
114490
99
149596
99
99
158068
179715
99
434150
99
82247
105624
99
177401
163712
181211
99
99
289253
99
390462
198213
8693
99
212623
99
95
286159
220541
99
99
173534
154312
137618
99
99
61143
271936
243578
347223
99
17626
99
99
99
158407
99
207862
99
99
155178
221194
99
99
94612
99
3782
197191
99
99
98
468651
4697
44601
99
163543
98
592662
212457
49215
99
244936
401527
28294
18058
4374
8805
112041
162381
363715
45814
438954
99
99
99
152516
226806
99
118051
99
99
99
99
99
29391
99
99
29334
99
100746
99
99
136238
24824
16971
99
99
85
8337
99
99
90970
111171
428192
39184
99
99
146997
340423
434469
27441
99
9110
437523
178393
99
99
168688
154238
99
95
99
99
52067
99
16766
98
179236
99
1623
99
99
99
99
474513
99
395503
104636
99
99
389757
99
186664
99
99
169731
99
99
99
99
99
143351
99
563
94236
99
170716
99
14664
99
99
99
142039
177868
5572
95544
99
99
366883
248217
341927
99
99
111241
98
99
99
99
99
99
99
95072
9525
99
99
2423
98
196755
211757
33291
99
99
65466
104440
14395
57815
54191
102179
148861
99
99
39465
99
172005
99
303544
9995
1205
99
31916
99
99
140559
99
12245
99
566989
99
53498
99
99
234030
99
99
46161
213572
99
99
99
99
98
6898
99
407607
36035
99
99
192075
99
285977
236542
99
355315
64502
92512
40352
69843
23587
99
21025
18199
99
99
99
99
303131
99
99
125273
306454
99
249988
99
99
3759
407790
99
99
99
339410
9491
99
227299
364660
156475
155713
99
169997
167000
99
99
287834
562803
469537
99
99
99
314406
98
198451
41474
99
99
99
46669
115033
129691
99
99
79192
99
140267
276609
99
17285
99
99
114891
187090
152624
99
99
245208
95579
99
99
58590
224834
274055
252606
99
254802
33408
139972
99
11510
233788
130757
43215
352301
99
125828
99
324568
99
81862
99
99
402272
99
63460
175093
294516
42198
99
61285
99
4593
98
86085
14434
288468
80078
98
108659
99
99
99
99
214369
114909
99
99
27535
206068
14258
99
178836
98
99
463381
99
44977
99
35589
99
232918
99
279515
99
99
99
99
111171
98
98
99
99
254401
9288
99
340714
18331
246399
3144
99
154609
149979
99
449146
41902
128230
15716
203805
57117
99
286813
99
99
411105
99
99
316565
99
99
99
2590
6878
99
99
99
99
99
99
99
24945
55921
99
99
272955
265799
273115
99
99
99
99
99
99
99
15849
15850
99
99
99
99
81921
99
35612
99
99
1378
54264
99
99
99
99
98438
99
240116
99
99
126536
146519
403511
74852
59511
56605
288361
101943
48251
55324
99
99
241255
4733
99
95
99
8661
99
16286
87588
55951
162784
99
289011
14364
99
98
99
161677
99
5796
99
51337
99
12372
196280
56218
260085
99
99
21630
99
282375
99
375892
99
55613
31707
15648
81195
60170
99
99
99
4917
99
99
99
61277
42088
37583
99
99
66503
99
24758
99
99
78329
99
101412
99
99
99
91779
1295
99
99
99
152519
99
99
99
1762
101957
56715
96892
99
99
98
180824
99
99
189110
99
40263
99
99
99
99
99
99
198091
35306
327469
331022
99
89960
99
99
279753
416420
99
99
99
98
99
256909
4075
45812
205830
150133
99
99
275263
171745
28083
99
243523
99
99
99
99
121331
177220
99
99
95812
84670
99
99
103933
19548
392115
99
99
99
99
531927
99
122315
31771
99
99
9293
121623
11718
98
308323
31497
21200
99
99
99
99
166366
99
99
185290
30523
99
284586
12238
96898
99
499344
35154
99
99
98
566207
99
337650
257299
99
99
163392
134265
99
99
24046
491491
99
218071
99
99
19514
99
99
290710
211174
99
99
99
240798
420206
99
108534
100032
95422
254923
99
253396
99
99
99
64667
11912
99
145731
99
48195
98
334
303506
19693
99
99
99
99
99
264316
99
99
99
49398
362078
224263
233273
355833
99
366786
5971
99
99
99
99
99
410133
175482
99
137770
212835
171781
99
156851
303345
99
12811
4145
5754
574712
99
23144
75265
27536
342044
99
9024
99
99
99
99
392264
69215
13675
99
99
343954
99
98
99
63352
45019
376107
99
99
110797
171690
392036
104071
99
99
321895
273426
99
41934
99
99
35768
51837
99
99
360786
57824
11004
99
99
99
241744
112821
374767
117264
80975
99
99
13266
99
297584
15976
58174
99
5119
99
99
99
99
51414
472824
99
99
99
99
99
99
65888
172713
99
99
81554
119764
99
99
99
197034
25723
99
3276
99
126781
99
2832
99
43920
59915
99
226458
5666
99
65246
13577
99
99
99
5180
40687
115898
99
99
99
99
99
99
99
177226
225718
83454
99
20693
171323
101487
40046
50980
74855
99
99
435923
129140
2292
99
99
98
276601
43535
238266
99
99
272533
58117
311637
99
99
398353
33190
99
43234
47270
33898
97
99
214368
123642
99
67545
359553
37707
99
56550
54320
99
298448
254780
3071
119475
247882
99
99
99
99
98
300265
99
99
142048
40680
99
99
99
144761
99
91430
451153
241902
99
99
99
241915
99
97
241382
99
99
343753
231558
99
99
99
99
236148
26617
99
538423
99
2148
99
99
22955
339674
99
99
99
28763
99
99
8782
14032
18677
99
99
232121
44002
99
99
158770
185287
99
181049
302132
97
552565
288030
46083
23761
99
208841
99
99
99
99
62772
106576
99
99
163691
98
30100
99
147830
6040
99
11748
210423
99
182315
99
99
299834
99
129712
99
51661
99
99
164435
99
61890
171076
99
99
98
99
163463
226347
148389
99
52260
99
47951
99
99
162200
395393
281166
51728
99
99
99
115485
506583
188479
99
99
67517
99
99
99
99
99
99
564452
99
68301
280932
99
99
3604
99
99
99
99
17139
192349
144780
69
25487
99
99
99
305144
99
196940
210353
99
97146
99
99
24016
99
24223
99
87267
106316
131246
99
346917
99
162856
86
99
99
12698
334133
221937
99
99
303159
99
99
99
99
99
254735
99
251034
230517
99
240925
152865
277048
345199
54603
401845
99
234349
99
356984
99
99
99
25476
215601
99
99
120499
99
99
99
99
9646
175204
273337
228268
99
99
99
99
351764
53998
58345
98
12642
224735
99
152547
99
99
44587
99
99
99
184259
356527
420822
62157
286122
107143
248973
71667
99
271074
99
198680
99
24116
99
98
153150
452980
20517
236130
78467
18548
77623
99
99
99
97
99
98
99
99
99
99
99636
99
99
239818
99
338414
99
93444
99
99
99
99
104836
73496
293474
261583
397679
99
99
99
99
99
99
99
194722
1207
99
142809
99
58902
99
146029
205
217583
99
99
99
270861
76455
99
88
99
99
97
264819
69710
99
88702
99
125948
246883
55915
8562
288474
234840
99
99
99
99
99
49415
99
414581
99
432820
99
99
163101
98082
99
99
110240
99
99
44710
69193
160442
45981
115729
99
99
99
99
65673
404091
447113
15747
99
73570
99
32989
37894
99
5639
99
99
50847
529558
99
99
5741
56825
51786
73607
238212
99
299920
99
99
98
99
99
99
99
69661
99
99
154164
99
99
99
308183
99
99
99
98
31133
99
333994
62166
99
99
185096
99
118573
99
99
99
150848
558346
195591
390002
99
37740
99
99
160622
99
238000
99
3319
99
99
99
98
63003
99
466367
76134
99
120990
99
225408
290450
99
99
23735
99
34607
99
264104
465238
99
99
99
313019
99
99
39194
250436
52715
47639
98
106816
105881
354469
99
177284
99
99
185800
99
99
98
14350
61104
196133
24206
99
43898
99
99
216628
258238
99
99
70827
99
36898
99
3381
99
99
99
99
458205
99
99
218359
286596
48906
99
99
99
12171
99
53676
20725
162017
99
48948
308568
249993
156125
93
52307
97920
99
27762
99
22794
49188
87031
99
125778
99
99
99
99
99
12756
282890
188205
185092
99
117793
10426
7035
314460
109952
99
97
345699
99
22019
43233
97503
66321
5506
99
99
81479
28263
99
99
366676
539549
3169
99
99
352301
104091
99
62733
99
99
99
38569
359573
99
99
229789
76
99
99
104372
7068
131087
99
137482
584479
99
2162
99
97943
502290
99
45245
99
38434
99
162104
20427
140373
99
99
99
267606
467967
99
99
99
99
98
496768
65370
99
66757
14353
99
113616
99
99
99
99
44481
99
99
99
99
67520
98
70328
203081
99
132512
166179
371476
454388
99
99
51401
99
195877
30227
99
75500
159127
99
99
99
132440
235365
92819
21661
99
213411
99
99
207440
99
99
99
231616
196655
99
44153
99
99
99
99
44383
98
99
19596
99
1060
254008
99
99
99
99
99
98
265787
99
99
99
99
1878
97
99
272952
30827
91283
99
99
99
99
99
48670
190843
99
99
186523
99
208698
179239
109257
415250
4458
99
144819
49494
99
132520
100976
99
99
99
99
99
99
95
354014
99
99
99
38390
260157
438337
30001
98
99
142960
99
20059
250701
176443
447161
98
469302
150968
127013
610876
99
46995
99
99
8668
403513
99
98
372898
14826
99
129249
79025
3614
99
152336
74259
99
521296
125208
83979
99
99
99
99
99
8037
372619
402180
99
3012
46192
99
355997
84609
90324
151539
15938
99
99
99
99
99
59287
222371
88965
37714
75529
318131
238408
99
122379
43727
1671
99
521177
99
24370
99
99
99
258594
169445
26738
356188
99
44682
497484
99
99
99
99
99
360265
99
99
43547
326881
253227
99
99
98
26180
99
99
72534
74739
150523
99
99
99
202147
99
17422
242243
532951
257273
148652
105814
99
316118
283246
99
99
1624
99
99
99
99
99
99
99
99
99
99
12432
99
109148
99
99
99
21090
98
99
198665
1732
506942
99
82216
99798
99
99
471596
480902
91353
99
72577
290020
99
242947
22357
99
218758
261734
37114
99
342984
96
42849
99
99
99
99
99
99
127961
99
99
178335
99
99
99
99
99
313720
585253
291106
99
99
90
225361
40405
99
99
163027
99
99
77439
187176
182415
99
287362
99
99
99
71330
99
99
15074
85233
99
96
99
204679
211226
204812
59144
41980
67319
521
228715
99
99
80759
64336
598161
99
158129
99
99
158505
99
34227
99
293365
320653
99
98
99
165520
99
99
91992
99
60609
37661
333434
54319
15368
54143
99
475859
99
6722
18939
99
33035
39285
99
38250
99
99
69403
99
34676
99
48870
99
99
99
245132
99
99
99
99
99
99
99
99
99
99
166961
156536
336801
99
99
53488
125995
115344
90445
106447
12187
99
99
4640
99
99
99
99
99
18785
12866
99
99
133535
99
177435
46122
296450
99
432567
40328
413420
99
25231
99
99
99
194748
99
252953
45956
99
85248
190205
99
99
445078
99
337710
99
99
93144
3209
99
392600
189981
99
99
120203
99
99
99
61444
268705
13768
99
493633
305222
163867
7964
99
43919
367987
181488
99
99
99
511486
99
49864
99
382675
58056
99
99
16992
99
290343
99
99
239068
99
99
310984
99
99
142499
103551
19125
99
339198
99
99
99
99
99
74719
99
97
315181
99557
99
47446
99
99
99
99
506766
99
822
99
143325
17244
248620
83801
430555
2655
99
99
38034
188037
146247
139096
99
99
304032
131376
99
40418
99
99
99
29437
99
115136
52815
50633
99
99
99
78666
8465
99
99
99
99
99
103481
99
9077
99
572311
99
99
10092
99
20535
99
19322
267037
171647
99
74346
15989
6977
99
330981
99
99
27684
99
99
505634
99
99
181179
99
32954
99
99
99
99
99
99
374943
242733
99
99
188931
66078
98
99
99
99
207689
99
268679
99
99
144175
99
99
54495
482486
99
51668
202511
158397
99
99
99
70860
113201
98
208910
384365
99
253761
99
99
496616
99
99
8684
105953
125838
62574
492122
99
99
448857
2200
74761
99
224187
99
30025
159626
102973
302
282816
242445
99
99
98
99
99
146015
99
99
99
33410
207602
259977
91
234764
99
99
257569
16961
18723
99
195588
99
262415
22441
219116
99
10886
99
99
99
17217
99
18991
99
109681
177203
78317
99
83452
175609
169841
252188
26950
229059
11473
99
95414
98
5353
99
99
8309
400817
68196
97219
99
54189
98657
99
99
47412
130928
99
268312
99
99
271073
142047
99
37107
217364
156415
5767
65251
160308
99
232399
99
99
99
330934
99
99
99
388995
99
343763
99
349844
99
232677
198104
368088
190256
99
68328
57305
99
156737
99
99
99
99
260237
99
137989
10866
33346
92
258279
99
395136
54232
99
20508
539818
99
99
127562
542969
99
99
75805
99
66984
470673
99
99
99
99
341778
26667
13554
99
52130
99
439084
64837
60624
82352
352050
99
99
50469
16163
3881
99
62567
16051
99
132363
102140
99
99
152441
25192
143823
99
54489
167341
359294
99
370230
323697
535237
99
7838
99
99
99
99
72996
99
95618
99
135099
468580
174845
83378
246863
5993
99
212304
99
99
144611
99
55423
99
116314
120035
99
99
99
235470
156145
99
99
99
103922
134545
167299
99
99
546528
98
196164
200590
99
340583
22599
122756
290512
4937
99
60676
175296
3097
100740
329661
186973
99
140352
119397
99
19747
10045
77671
99
99
99
271010
99
99
99
190815
311878
291539
99
99
99
2749
183454
318875
99
382868
99
132551
99
98
176457
99
155318
99
99
99
99
66013
99
112965
86274
99
99
99
99
99
99
99
99
99
308240
139634
99
292426
421492
99
47658
99
189287
99
99
8003
391978
65201
63813
99
49864
99
99
99
31883
31573
406489
99
97
48765
30471
99
99
99
247167
99
99
99
99
243220
99
122509
99
99
99
229441
99
56164
99
99
99
99
99
99
120915
81402
50628
99
268837
44844
370869
99
306115
99
92825
