99
99
151469
98
7067
99
99
99
140244
274781
99
495775
99
98954
468723
67393
99
3270
99
99
232101
99
129640
99
99
99
99
99
99
99
270872
99
99
99
80293
99
99
99
99
550803
78785
196301
168850
15742
99
98
239436
260398
18247
99
370726
99
99
99
99
99
99
99
60882
99
3131
99
4538
43041
99
99
367741
9023
479510
99
99
99
181806
224726
246226
7891
99
39891
99
99
70262
99
39494
99
99
12882
99
99
75666
247607
93
219314
78200
99
99
366865
39273
274990
4214
99
99
99
99
4066
356923
99
75285
58061
99
40552
23024
29393
15001
449619
109223
10462
99
99
23006
83363
268186
137255
99
31759
99
262322
89041
99
99
99
60856
235400
99
99
99
99
99
31811
99
99
99
99
99
99
99
98431
60017
74320
28502
99
99
99
525193
99
99448
99
261030
80736
108887
10211
91
36198
134453
91072
99
351030
84715
99
21954
99
111140
99
99
99
99
167814
99
99
99
240859
93239
99
115029
99
151462
305512
492578
99
20514
99
142956
175261
27250
194568
99
308846
394805
99
99
99
79209
99
10904
99
99
13092
562832
40283
301212
219189
99
9154
504339
99
193663
99
99
40342
99
88452
115161
99
16506
99
203079
35421
42310
99
494599
99
236439
99
100439
99
99
99
99
81030
109894
99
99
99
221640
131706
457986
99
265632
99
99
99
99
99
99
76179
53611
99
99
99
155761
99
99
99
99
99
99
99
99
99
99
49025
522154
269297
27397
99
99
99
99
45713
99
17497
83223
4504
2481
34619
99
288549
241587
155887
99
536007
209017
176693
78860
121247
99
99
527147
324923
99
138706
153326
99
99
99
69026
371881
153430
17432
99
75173
4157
586921
3717
99
92826
99
99
16597
18117
123888
32983
2487
60393
5013
99
52007
99
176081
99
15932
99
99
99
117386
239555
283922
99
576230
85098
337465
148972
99
99
381710
99
99
317660
99
3787
99
99
110951
99
181312
99
99
99
192559
38240
402413
38749
486994
64218
99
253538
47815
99
99
99
99
99
230399
99
99
154129
99
62643
3070
1538
41004
886
41512
99
164521
6316
195745
99
99
557261
99
99
84043
65720
99
99
99
99
17434
35915
445254
99
81521
99
99
99
130240
99
99
99
498780
99
2090
99
99
99
99
31599
99
90515
99
262446
99
99
124574
188862
48939
87319
239474
99
99
87488
82696
149665
99
99
170617
99
99
99
99
4697
176283
99
12194
99
241275
331002
211102
99
99
99
248323
71046
53801
98
99
56037
272882
99
99
233050
99
99
21484
78864
99
62400
99
278550
515908
75048
99
55666
99
111838
99
198909
72065
137367
99
99
270421
99
169086
99
99
68698
99
13218
331816
218688
99
99
99
99
95517
99
99
99
184627
99
99
165309
366671
182958
11524
99
15962
99
100055
99
78858
259104
99
99
180521
99
99
99
99
1917
49137
99
28069
316268
467709
99
404493
131451
14666
35644
99
99
99
101513
141746
99
99
99
99
99
122881
99
41628
99
73036
7242
99
149641
99
99
168714
99
99
16121
99
99
223567
74199
164919
99
148851
198213
55200
99
99
99
99
99
13131
99
99
99
99
99
99
99
567055
44752
99
42570
69307
229843
9181
99
99
99
9505
11840
99
99
98
146163
182490
99
260690
273796
167283
253963
26059
99
438293
99
99
99
99
74588
22180
97192
99
99
99
99
18168
4229
99
99
256777
99
404959
24006
99
277489
99
125092
73744
60777
99
99
99
99
99
99
88843
99
99
99
99
99
99
99
99
99
99
155753
99
99
99
99
418974
74884
274118
99
10164
307419
263973
99
155730
314264
99
484894
264742
99
99
99
99958
99
195216
99
99
19306
79352
3381
532639
43501
104172
99
54135
99
107797
99
469290
99
83577
176465
48891
20375
99
70511
99
268103
99
69577
25166
99
99
99
50888
89134
99
99
303985
99
99
83335
99
99
401393
77032
99
228716
99
392537
99
206010
99
99
210076
99
99
108182
284892
99
99
99
130006
99
36940
99
99
99
337283
99
99
36734
510867
99
99
99
280123
99
99
99
99
43742
99
99
99
31903
79376
19920
99
99
99
42542
99
323051
191416
99
67032
99
309421
99
99
99
99
366530
21370
227275
33203
99
99
266058
193879
99
42467
99
295279
347440
42096
29449
223440
158434
99
165732
327301
99
301768
146511
99
99
14717
46609
99
93
24112
392688
99
99
99
99
99
99
99
99
107034
178954
1009
92266
30865
99
2905
99
76820
99
99
99
44693
435386
99
99
99
141793
99
530148
125936
99
98
2416
14905
99
99
99494
112659
181995
99
144352
99
104007
50090
99
99
322053
53240
269254
93
95344
29806
98
99
277301
128228
99
96
99
70621
99
389138
137979
7012
63070
24873
99
99
99
29719
99
536474
99
99
99
42030
99
25221
264954
6384
85668
99
99
99
99
99
99
89823
396959
99
99
183317
99
335313
388469
99
99
99
223352
99
99
99
99
99
99
94665
551386
99
99
99
99
5677
197228
99
99
99
17237
99
99
99
409592
99
99
51832
20471
98
99
26300
222585
99
179629
99
329962
166481
499839
99
99
99
99
99
48933
78993
99
99
99
75004
206851
62034
94271
99
243137
99
19617
5827
16915
99
252494
61270
155594
99
344131
208051
99
99
99
99
155133
99
99
41250
59799
99
99
293309
99
99
99
502693
99
156885
99
4981
199107
111146
652
99
99
99
212075
99
284047
99
397582
494307
99
99
61717
99
464794
99
46092
95878
99
99
99
204027
99
179374
99
204503
99
99
65481
99
99
339999
99
99
275534
99
55154
8675
48889
196983
99
62610
435818
333692
99
120656
64584
99
99
285478
527456
99
99
99
355522
99
210914
99
39859
133360
99
347254
233645
99
99
452824
99
99
99
99
125398
99
99
15407
15281
99
99
99
99
99
527721
445875
98
99
99
99
99
99
99
99
99
84249
99
1990
431775
99
189703
9080
99
99
99
99
99
99
48127
396008
148747
99
99
99
191333
99
88849
58162
99
99
99
152222
480388
179848
99
75702
438145
99
99
99
245667
99
11357
57201
99
99
315736
2119
85846
99
99
98019
133119
99
99
440
99
99
43712
209266
99
137169
417167
185348
99
99
230991
99
99
361904
195261
6203
122109
51999
99
9832
201794
148913
130139
93606
71580
420650
96
13608
99
141694
99
296517
99
99
99
301248
169823
99
8302
3191
99
57087
151145
238788
99
99
265231
99
99
155340
99
173193
99
99
99
99
99
99
99
99
99
22589
99
99
99
99
6270
98
46620
235046
99
97
209340
99
99
177450
189181
99
15266
99
265622
229555
182237
148523
301251
366632
99
155949
90867
192837
99
171225
250063
407481
99
212415
99
475420
40431
516257
118070
13271
99
22889
246769
5222
99
99
30846
99
8383
99
99
270745
99
99
99
99
99
99
101989
242003
177356
410301
485827
99
99
8671
293595
99
99
8097
65386
56097
374126
99
99
99435
99
99
99
99
99
21963
28799
99
48381
99
33676
99
406915
99
256307
99
65834
21534
99
99
119246
99
63363
99
9314
99
99
99
531537
99
96979
29299
25533
343286
99
49221
25715
78262
99
225817
233256
99
332058
106082
6213
99
99
99
99
99
72151
99
99
142854
99
99
38635
99
63426
99
99
99
99
40252
99
409858
4258
99
28149
99
99
13251
99
160202
99
98248
99
141456
25201
334079
99
164365
570198
99
99
136419
246669
99
99
12218
99
408571
99
160735
62285
304881
38704
99
99
99
99
59381
99
263046
263028
99
217996
6186
99
99
148
99
521978
245924
99781
192666
131734
99
99
99
99
99
99
347252
99
99
99
291297
99
9608
107301
323024
83151
189111
99
99
95
113426
163076
99
99
99
76801
99
99
23369
99
422749
99
121320
125132
119941
99
99
72232
124608
165
99
99
99
99
104410
99
99
99
37069
99
99
31714
99
99
65054
132758
99
99
99
99
163941
421158
45476
99
99
219166
99
10695
103417
99
99
194181
22247
99
153295
272445
173936
99
99
61354
586564
99
99
99
10542
99
99
99
572034
100265
134486
99
378061
524669
99
99
88
99
99
196939
111764
88281
44155
183301
244771
99
99
107173
26185
32970
353985
99
99
217850
99
99
530559
243431
99
4960
162829
19370
498438
99
99
99
99
99
18547
394265
99
99
67168
46527
99
99
52991
253104
17233
99
99
295226
99
38407
99
242685
99
99
99
98
99
99
147789
435540
108023
568377
99
151763
12194
99
98
186109
87174
233342
99
56528
13212
194788
99
30598
267058
301945
99
195463
99
194848
131779
166965
178511
99
99
336035
99
21829
66111
99
99
99
13377
99
354860
99
99
583232
219089
22912
99
344540
99
99
99
99
70972
278644
99
99
225334
172779
99
524985
99
68804
93675
65732
99
184356
99
93238
99
99
99
99
99
90828
99
155301
99
99
99
489521
114314
128782
72411
99
99
11083
374497
25180
99
20277
99
50177
99
7714
99
32920
99
99
182790
99
99
99
99
99
108065
99
99
99
99
220344
10891
99
22025
99
99
99
99
357918
99
279533
99
135620
99
182152
99
99
99
14328
99
99
173107
209799
84538
97
99
99
99
25394
99
99
99
99
99
69244
198053
50895
99
164053
60653
99
416043
99
98
352517
194151
99
402308
114097
99
99
96435
99
35931
99
99
434326
99
99
99
278388
319534
99
342345
202176
99
59680
69992
311978
33529
45158
316624
29965
172644
99
99
161403
99
99
6020
99
99
69263
418844
99
87
102080
52893
99
99
99
99
138750
99
99
99
314709
99
225710
99
99
139193
99
99
99
99
194973
99
249020
482651
99
91085
19874
1016
29026
99
498471
252577
99
32033
99
82848
102512
208923
65
99
99
460044
114365
1643
139413
99
99
32562
228293
10858
536875
340751
35594
22055
99
99
99
99
411271
46838
99
190276
18319
99
99
99
99
99
99
66233
55429
99
99
99
99
270623
14495
99
297415
99
13072
25507
97490
21041
68787
406637
197218
99
99
62125
99
99
99
99
99
97
99
359194
103627
99
381380
99
106666
99
4310
115514
180244
93
99
99
18268
277964
99
73702
99
99
386241
99
52261
99
99
99
99
99
115151
99
99
2340
99
99
6079
374036
99
35788
111906
99
99
99
99
246398
130396
99
99
99
99
22940
99
94
99
99
96235
195289
99
99
211969
99
83894
99
18848
115378
69849
218400
99
99
72882
99
99
195484
99
99
99
127111
99
99
7141
95
30460
23363
99
99
99
99
32709
99
99
355647
26019
56127
25547
217487
99
4990
99
18500
99
99
150193
230534
54504
44477
99
99
99
167695
99
99
99
68250
99
99
401592
99
99
209710
12772
164449
99
99
99
19512
99
99
99
99
492408
151378
99
99
133233
52703
99
66307
99
444146
15404
99
99
99
370709
99
226482
230770
154630
74587
195011
50556
99
99
99
141840
99
99
204455
125775
99
99
388724
99
99
60618
91240
5503
99
99
69520
99
694
79364
285047
242618
273197
99
99
99
215686
396603
99
99
364330
245832
267132
99
126435
99
6399
26355
146831
99
174879
99
99
150742
301696
14645
329278
37717
202869
99
266843
515628
99
99
264447
99
222083
378768
119617
14770
99
99
99
99
27667
2759
81814
99
99
99
99662
99
253076
538935
99
7331
99
117815
139708
116714
99
253547
124852
99
112815
99
99
99
115443
37671
136354
99
99
99
99
99
99
224007
93
99
99
99
105072
99
126136
99
372255
99
102291
99
99
473453
99
220629
99
162190
228934
99
272326
170442
157968
484598
99
155810
45765
406451
7991
192905
99
99
99
253029
99
99
99
99
99
99
99
99
269034
99
420741
99
54251
259017
99
99
99
363458
99
90923
99
65200
219318
99
99
99
797
99
99
99
132258
99
99
2100
37665
99
15879
190226
42495
393211
34616
99
99
161305
223574
273454
30748
99
224205
149596
99
195192
310728
95208
386828
99
80346
160898
149358
99
99
105050
525759
257529
158128
99
99
99
66693
272740
41723
99
99
99
29557
99
90096
99
29448
239178
293941
343522
99
94214
13491
554935
257848
72689
5523
99
99
99
99
66625
99
99
99
79480
46931
251860
259439
85975
99
100838
207154
168221
962
99
36771
99
17690
214774
99
99
99
111540
99
135428
99
100668
99
83490
99
175788
52955
99
279872
301066
99
99
47217
523494
99
99
52126
99
103698
99
83186
99
99
101146
99
259927
99
99
148232
99
219967
24406
28719
573171
136577
99
176914
147563
273535
173911
99
99
263826
99
66560
33398
99
99
6235
99
99
99
99
108487
99
278285
298392
2864
99
33282
99
99
99
99
117287
58515
100314
90872
581676
31828
123414
102723
99
276371
99
99
360690
99
99
132653
99
99
18453
108121
93023
400524
99
99
133592
99
293993
266107
99
270786
98
89
99
74491
99
99
70068
58415
85063
2950
99
99
7885
99
99
9869
357649
36445
99
99
21258
44206
99
142610
486189
3428
228722
230542
99
3589
54544
99
23308
99
503477
128171
415750
99
434024
68778
99
148733
146274
56165
99
230550
22476
99
99
153095
99
114258
99
6526
99
236780
436551
9259
99
232533
99
261900
99
127531
99
82524
99
99
574200
65426
4432
100152
261129
99
99
441922
30692
245174
6208
99
93942
23896
99
373
99
413429
99
99
99
88568
99
99
562660
196181
208486
99
22543
306688
99
99
3202
99
99
99
99
99
99
99
99
415188
103312
52811
98
99
537531
99
99
87346
92
60820
99
99
245144
99
22914
498
99
10620
298391
85418
99
155670
21276
99
99
99
99
237394
99
156836
99
99
99
52105
99
11991
99
16914
99
99
248988
99
139621
489642
42640
10086
99
148718
99
99
21078
9802
19784
99
40941
99
474817
247659
99
8068
99
99
7720
419970
99
99
99
37940
6341
99
413690
99160
99
99
482593
99
171200
97
99
99
99
99
99
99
220850
47322
99
98
18010
10926
53386
55951
1623
51103
30004
16673
99
297556
99
130693
154598
99
11247
75891
99
132744
99
99
99
16656
88110
99
68543
99
61402
99
99
99
99
99
99
99
99
276945
109626
215815
99
99
99
68096
42051
136409
167858
23572
80912
99
12235
81340
28272
99
35207
476486
99
22290
99
99
37674
99
224397
99
335403
12066
158437
2967
99
99
99
99
99
274200
99
399738
99
167747
57518
157529
30037
18698
99
99
99
217914
186728
99
6999
99
374026
99
99
22290
99
99
99
99
326801
99
60299
399192
99
101022
99
99
99
99
99
99
99
407746
99
19520
163373
193122
99
99
99
99
99
99
4618
169016
141290
55947
99
99
199974
99
99
99
122597
99
99
16552
330608
10317
99
99
59135
55954
12520
187713
58554
313083
320064
99
64397
99
99
99
544486
98
198487
99
92290
99
67361
31910
25980
97
99
285914
160428
224804
39350
99
99
365671
99
120876
99
119160
99
99
99
99
99
99
4338
99
47549
179027
99
151794
99
99
99
112491
5060
352893
99
127339
3540
99
99
76025
21234
99
110093
99
85933
99
99
161817
99
99
21200
65320
99
99
162685
135797
45594
456531
201223
500678
19333
101217
111516
98
99
4091
88067
374500
99
99
151469
307010
186765
99
99
217637
99
488136
9166
99
254483
5290
99
99
69699
99
84452
74681
58373
99
437464
98
99311
128141
99
20184
108721
99
99
99
80410
343553
99
99
275639
99
211675
99
99
161064
99
99
239260
51078
3322
99
342259
99
117631
48
59461
99
47632
180001
176656
99
99
161406
99
37110
15048
442787
99
134090
111943
176711
91128
220608
509378
99
99
278777
25433
154082
99
99
99
167831
99
73514
99
99
99
61990
217087
97
99
99
107515
99
99
99
348314
99
99
67
99
99
99
130386
99
99
397039
99
36144
99
99
99
115186
574906
36880
99
799
99
437312
41031
99
99
99
151698
99
99
157971
99
31689
99
11328
99
9600
99
99
99
51657
99
99
77286
99
30180
95131
99
99
343326
6874
99
99
99
99
151706
256999
99
494592
3969
6290
99
99
97
99
99
99
15072
273109
99
93548
99
4405
99
102727
65409
99
246469
113264
99
30932
99
126124
99
99
108550
99
238316
34340
99
99
99
99
249328
421673
128666
99
99
99
26581
99
99
79980
99
99
80080
98
99
406264
260591
99
251988
99
220931
206457
99
39758
255344
99
99
99
337907
10472
10770
127450
76757
405499
157915
68796
99
99
63725
99
99
196758
222741
99
99
99
111604
99
283719
219590
99
164318
214402
123819
53417
99
72430
77340
99
99
99
99
112410
9713
104207
6351
99
104423
99
97252
2256
120272
125809
523119
99
99
99
2449
223139
249035
99
191207
86773
99
442994
85372
99
99
99
99
99
86482
99
99
288011
278148
99
43030
160936
106535
132430
87155
98070
99
99
174566
14142
99
299436
99
99
294924
103976
99
74514
488435
99
93394
99
198901
62496
99
99
4106
1424
14827
99
22643
99
63997
99
99
99
99
99
380486
22228
99
9901
99
99
167872
99
99
78832
99
99
99
99
94345
99
99
184147
99
99
51436
99
99
340303
189906
110617
7729
168178
17115
99
99
99
168166
99
169894
39164
99
40667
306545
396264
99
99
99
536696
58610
99
108151
99
99
441651
48811
32488
99
99
99
99
99
99
207509
309061
56290
40332
184522
99
109580
485775
99
99
99
14896
443174
162687
99
99
99
99
45796
99
99
271894
99
276541
30149
99
459234
99
2814
99
99
48270
112243
99
99
99
74049
99
99
381787
99
62355
4434
99
99
99
99
282744
1761
99
99
99
99
99
15151
99
99
124918
99
38224
113052
36026
295433
77141
101163
99
99
99
99
99
99
99
11318
130278
98
144880
99
363024
511
99
254822
99
17549
39237
135491
23084
99
99
99
99
99
110973
359171
99
238435
99
99
99
99
99
352504
31294
99
99
99
39068
99
99
99
99
99
108157
99
99
14458
99
25434
78815
99
378470
99
99
99
99
99
99
99
99
208241
99
99
173457
53405
18349
234644
438058
99
99
226597
99
29413
175919
99
99
53712
99
99
429021
137010
99
23576
99
99
216112
176565
99
60009
99
99
79867
99
99
268116
99
56367
99
38678
99
99
99
122234
99
99
430424
44914
72805
24546
99
99
99
99
72514
99
99
99
51177
99
99
99
99
106349
99
449640
99
99
99
99
42276
99
256897
470641
99
346032
109755
440148
99
132988
509883
236156
99
184980
92
132342
176895
41534
295404
112131
183789
6999
99
37238
99
351752
99
210079
4719
96655
99
99
99
99
59697
332564
99
99
99
28263
99
35478
99
99
130077
99
86894
158484
99
99
99
99
99
411905
99
86517
149431
99
176918
99
99
99
73566
99
74829
33654
99
119828
99
230716
99
99
99
36029
99
190334
99
99
209993
99
99
347941
99
144958
99
99
120924
99
99
333133
388314
203581
99
99
99
294520
186400
99
99
173023
136305
99
41033
66555
99
99
99
25454
53945
99
99
183380
99
99
185141
99
99
99
99
99
82
15767
99
172008
99
266887
11736
99
99
99
136877
125059
99
67530
99
99
168034
99
48853
99
99
99
260142
99
70097
99
124257
99
227500
421113
99
6155
99
99
99
99
99
91266
325383
448709
99
190216
45307
78687
99
74579
14707
99
99
99
99
522604
42928
99
127813
99
99
549433
99
215351
99
272193
120649
18276
22883
67874
26631
392261
115356
84070
99
132339
99
99
100230
80795
99
170
287695
196782
99
91
99
11870
99
366405
177197
318249
72203
5650
28781
220210
15271
133605
3364
99281
99
99
525034
98
5168
99
99
834
276415
99
99
44419
173352
91623
353379
99
99
76693
99
46464
64997
370045
30853
99
99
99
6703
99
99
99
4656
81794
143594
164412
99
99
99
183873
99
315018
196311
99
99
110154
5536
101968
99
99
304583
20901
99
489544
141951
376410
48305
99
10825
99
99
99
129509
577045
99
295157
99
99
99
99
16267
186500
99
99
99
82
57377
99
99
99
95
484800
304323
41314
191893
99
98
179959
99
55164
239676
24954
142831
25946
99
99
85322
76715
186141
49448
99
99
99
99
99
99
18537
99
5201
241169
20522
99
47484
99
99
155607
586659
99
99
208700
20826
99
99
41342
125081
30212
99
98202
288892
128408
600729
249054
99
10912
78391
99
242987
101798
99
8593
364907
99
99
303105
99
99
99
379243
96376
99
9561
99
99
20257
18729
90649
16627
71591
194802
115353
99
99
99
95
99
99
461235
353622
48752
95016
242548
99
99
267942
204682
242131
19644
99
92719
99
55946
99
99
127633
98
99
99
99
99
99
99
255184
99
99
417801
261404
99
99
469165
120607
99
111395
18494
99
33370
99
94714
50132
28559
99
99
221690
99
99
78379
29171
303636
86699
30248
63244
64485
99
99
441275
99
99
383225
49542
107987
84274
99
99
99
193298
40568
99
185271
99
99
198301
99
99
344055
99
99
99
8955
1560
79351
59951
99
99
404017
99
99
166476
65016
114038
330306
20340
431240
99
99
99
118519
151356
115770
99
99
160804
13716
99
99
99
290917
99
73951
424241
80258
99
99
72608
99
82
146699
95
12488
149742
275972
24287
99
99
99
99
99
99
99
99
99
99
99
99
99
50
99
99
118873
124085
99
2281
99
99
26206
99
99
99
144162
104008
12711
99
99
361655
99
255994
99
99
99
23407
62899
99
99
521691
99
99
40110
99
99
99
82349
218949
1734
99
160921
321750
25513
114798
99
384511
339612
57558
99
99
99
99
99
60849
184648
99
19751
14832
99
312988
183272
143962
99
97
99
99
99
158711
12434
2681
99
99
99
305025
99
23945
99
273521
77331
99
99
86736
99
499206
98
151600
99
291111
358810
141685
71596
5284
67867
221458
99
99
99
394773
87323
99
99
7746
99
6232
435849
175553
242627
99
20228
126024
99
99
99
99
55683
99
98
99
148063
344908
93877
163399
99
99
99
99
63286
32767
552538
99
99
8126
99
96
31172
37784
99
25264
459232
90775
99
99
182824
19811
99
86612
298889
306936
477075
99
49993
99
167328
149443
200198
99
99
99
99
99
99
4869
200208
50068
524057
542018
45066
99
20273
383005
99
405481
144482
75649
99
164557
99
218622
99
193440
99
19825
219568
302369
450831
99
341843
99
22538
99
99
99
99
99
99
324841
99
212131
81240
401498
656
99
58829
288510
7365
213081
179545
99
285066
99
111969
63929
99
99
268448
99
98
99
68068
99
99
99
65244
372642
14224
99
99
99
379595
453889
14563
99
110369
960
360732
186632
99
99
99
17460
55561
218324
99
288641
99
105351
477
99
99
98
119451
99
99
99
108264
99
99
37456
99
99
298027
99
99
193446
200954
99
99
358058
99
374147
126700
99
123818
99
99
99
99
34850
99
289233
99
99
99
99
99
34449
99
99
98
99
140473
35561
118664
99
235045
99
449341
460858
13743
111405
96
99
243148
409999
99
4623
99
15972
99
99
299434
3794
99
105564
167972
99
99
78187
19659
49
146149
99
99
137783
9164
19337
58993
99
99
99
18406
99
99
246550
6735
99
99
99
99
358038
99
592973
86540
11538
99
288495
99
99
79078
895
99
98562
99
99
355928
185858
99
99
303577
491384
99
99
99
584415
99
1777
236946
99
99
263074
322972
99
99
99
71032
11707
271109
161026
99
99
99
99
99
213106
99
104415
99
35854
35298
99
99
60844
2682
99
271107
99
99
99
99
151790
99
3755
99
99
99
98
105818
14605
85339
262059
99
325112
123106
35963
183745
99
99
99
549213
47497
99
24454
510480
84370
133946
99
449
251797
99
281745
99
60811
89268
99
90057
99
99
63106
99
99
99
99
99
99
8056
276116
99
99
188921
18868
43143
234164
99
22762
449262
99
99
99
317312
99
86665
99
99
99
99
99
99
99
99
345238
99
91819
18261
70608
99
263488
1977
330093
99
197076
99
191539
228918
145489
265093
99
99
230064
99
99
99
99
99
99
11378
99
197866
220412
129131
99
99
99
43841
99
198769
99
320867
50122
67223
99
99
99
99
99
114137
290457
99
2422
34031
99
25614
172720
99
149782
99
57537
99
99
360211
62673
99
99
162091
99
52133
99
99
366795
99
99
195889
99
207512
339320
99
97
47580
99
99
84760
99
149947
375589
86169
453880
99
421700
99
87740
99
37116
99
99
99
148114
942
118502
359458
99
128130
182511
14695
99
99
213580
99
147550
99
99
99
12046
17513
46684
99
99
99
98639
99
6098
502312
99
99
155529
99
181877
99
99
16577
99
262145
99
99
11074
100264
26955
99
99
365069
99
707
25411
99
267805
329395
202423
545321
99
99
99
99
99
402570
331092
99
327155
99
99
99
117342
213228
299995
16330
99
99
99
99
99
99
100312
99
510588
23774
216524
23620
99
225771
158904
99
99
99
58689
283189
310184
99
99
99
130959
487535
99
113444
99
99
110884
99
99
479070
99
88734
422997
99
99
99
85680
176306
39801
99
99
99
8975
99
99
30150
99
21563
412321
99
194318
99
5264
141574
70514
99
199361
201813
2372
97760
11242
101969
437311
207197
99
20280
295694
5026
99
22498
99
582
99
99
99
9870
99
99
17351
276120
99
10811
26307
99
99
99
99
185813
245617
152394
99
46059
99
211695
59610
146891
99
99
259962
99
99
50358
99
99
48094
416583
63321
99
10603
99
77219
99
99
99
306036
99
99
99
99
13592
99
99
99
99
6768
157007
74289
99
99
132100
99
358814
99
99
82286
128745
99
256816
99
78
99
61293
99
99
99
189353
147108
99
99
99
99
99
49457
7430
99
279497
380992
62364
53336
254969
214134
200369
99
99
99
114248
395244
75260
99
40717
182228
261102
99
223
99
9713
99
99
95821
241570
99
99
277542
6795
19348
99
99
99
99
99
99
24591
99
99
99
471018
39156
99
99
99
99
78823
174185
301288
99
99
367585
99
99
5184
184193
99
17280
163469
99
63971
99
99
148077
99
99
177029
99
99
99
99
28087
328925
21826
99
99
7329
267471
290412
24499
99
99
99
31131
34532
59936
99
99
99
37289
99
96
244929
340345
71295
99
99
127232
99
99
99
99
99
99
99
99
99
72874
99
99
244878
250753
19785
99
41630
99
516087
278143
99
99
8083
99
99
99
99
98
99
99
395840
13055
197659
99
99
99
99
253152
99
99
99
99
99
99
391923
99
372189
99
16556
117808
114711
99
60761
98983
99
99
74242
165240
164
99
99
99
99
99
99
427450
497601
30400
99
3926
96082
99
251984
99
99
99
82674
99
99
99
135661
99
16920
99
99
11665
129688
99
99
99
391
40082
206112
99
10395
40618
99
99
99
99
99
99
99
99
274293
99
99
426873
112393
99
337337
99
121841
409629
40875
99
99
99
99
99
99
99
220896
319528
32036
30887
99
24076
8827
58231
37217
189951
99
89485
99
99
91625
99
580729
57341
122800
99
99
86449
99
99
99
99
45573
99
99
353404
99
99
99
174110
357979
86623
99
3718
99
99
99
103760
95
136348
169874
416070
343669
99
123246
18564
412176
74911
80292
99
99
110786
108998
46980
250399
99
211625
99
99
99
611455
418796
166184
82587
99
99
26736
198743
152383
99
99
249627
188834
69977
99
99
99
99388
99
99
99
99
99
99
283106
299
99
3715
213454
396331
32517
99
41179
99
99
5516
95
63012
303187
186176
310252
99
99
99
99
99
99
61688
99
165652
28049
99
18651
119415
99
99
35568
99
99
299599
91047
99
99
99
81497
94
105354
99
73603
99
99
516172
140604
52462
243159
99
29995
124033
7264
147169
22259
98
99
99
186188
39796
99
4269
99
204096
195423
99
99
99
99
99
130788
99
449041
560128
99
38236
180020
99
98061
137194
99
32300
99
2957
98
99
99
99
99
99
99
99
99
40038
99
544659
4751
273685
219148
243162
248718
99
39151
99
99
99
99
151199
99
99
547209
99
48100
94
99
99
334461
188038
99
99
273061
99
89
99
68165
340434
55280
14820
98
75849
99
5632
99
335996
435947
99
438776
99
67180
99
222683
99
87056
253030
54591
99
99
263886
95
99
99
135498
25736
99
99
99
180799
70458
99
99
99
99
352786
5059
99
166678
15583
191698
99
99
99
371841
159684
99
96
103436
99
99
164653
99
99
99
95
50082
99
168200
99
56968
99
99
268620
493362
7351
99
476270
84734
164269
361641
143898
99
163487
99
615485
292547
7371
99
99
106488
92010
123118
99
99
99
99
87034
99
99
9528
99
32371
99
99
32698
99
217561
46802
99
247844
496757
99
99
99
95241
99
95444
99
99
215276
99
99
5104
7434
103532
99
119214
92856
43639
99
99
99
99
99
99
99
99
99
238251
99
107749
80114
38416
99
99
99
132280
99
49735
126256
99
99
99
99
99
196346
99
99
7587
8466
99
99
99
99
99
99
85426
99
99
99
560250
99
112
9056
140148
30550
99
99
99
99
88985
99
99
99
99
74313
43448
99
99
99
156795
99
99
99
99
97
99
99
99
395167
57361
99
4372
187652
99
99
99
218769
64451
581779
99
99
99
225167
165581
99
16279
88084
9972
99
557920
148929
2459
99
10021
188375
338388
99
99
68587
38074
99
99
190203
56355
113045
99
99
99
99
99
99
1404
190553
99
22848
99
99
98
95215
99
17742
99
28526
78038
353464
190166
99
99
99
99
152198
99
99
99
99
9931
56743
99
99
99
1767
99
99
99
99
59027
99
99
99
215929
99
444942
99
99
99
264254
25963
99
99
288560
418678
99
278808
99
99
96
236551
99
99
61468
325760
99
49868
299523
70731
99
192918
188601
312551
209138
78014
99
99
61937
234836
99
249296
99
99
99
154869
99
101369
78331
99
99
25386
39521
99
48388
76362
99
439008
136347
99
99
28543
205488
99
38422
99
9494
63803
561103
518743
99
99
227106
322067
99
99
144371
200723
81608
99
99
99
4750
99
99
99
99
426943
4703
16138
366642
362761
99
98166
99
99
99
99
99
76663
99
7210
99
99
192539
76694
99
99
355015
163617
291563
99
99
67174
99
99
99
10216
35343
267579
99
134879
241708
51353
99
82824
99
77366
99
99
99
99
99
101111
99
99
99
99
306787
99
332223
99
245931
396716
134751
99
43893
99
99
99
99
93131
99
99
312591
99
99551
99
133819
407538
162967
99
99
99
99
99
99
99
115665
99
99
99
5900
99
99
99
99
99
99
99
78467
250719
234157
99
146929
99
17902
99
103618
3376
99
241168
275597
99
99
40861
99
30015
99
29736
1951
46315
12426
99
99
98
99
99
99
165996
81443
99
2237
99
99
64932
171731
99
98
189918
99
152397
125209
99
368825
94945
26615
99
91825
161380
19329
366265
99
55942
81424
158402
99
99
129391
221724
99
54323
99
536558
99
99
523649
21568
99
336169
484623
132375
99
99
292454
34101
99
99
11873
58315
14095
99
16202
99
79571
271558
259949
40413
99
99
78598
99
99
99
99
30749
189719
269
99
114725
57733
123192
176201
99
99
99
190335
99
99
23271
8933
74246
96877
99
99
6768
73719
31763
99
195395
455098
65572
104319
74900
99
99
535924
99
99
99
99
99
99
99
110302
177411
130720
14515
164551
210400
111705
99
99
99
99
99
99
99
255711
99
99
315581
148581
99
50498
99
311462
29425
163506
96
99
99
99
104379
99
3540
99
99
99
99
99
97118
90120
46988
99
99
99
102760
15036
99
465221
99
131739
99
11470
96316
99
99
99
364716
359570
99
28115
172644
250414
99
178368
114947
99
99
99
225516
1368
99
99
99
142695
99
99
99
99
128243
99
206709
99
99
99
99
56237
117866
282261
99
3189
365330
165852
460517
99
6094
99
269263
99
99
261981
99
99
99
99
99
24434
99
247318
99
99
99
162178
99
106207
134219
49254
3798
99
441610
99
278990
99
503736
348800
149786
99
37655
9213
45174
315612
96033
99
99
13196
18624
99
105414
440704
3382
99
29302
48732
99
626
137870
53580
211920
99
99
21768
58843
204142
165082
88064
460941
99
99
99
99
99
520282
99
243003
99
99
16874
14801
99
121654
99
197192
99
62559
99
420001
154170
99
38811
99
490255
99
99
99
99
312370
267791
3163
99
99
50974
52304
53923
132476
99
99
244042
136130
99
99
80034
99
99
99
71743
93526
99
5715
154510
99
99
360840
81631
127355
20561
3365
504657
99
82554
99
247705
99
248587
99
99
120043
95763
99
99
99
185023
99
203950
521138
99
88959
140400
36495
210400
216389
99
23659
247620
12636
85534
99
78206
99
99
140968
99
13751
143679
99
99
99
515998
99
99
247973
17492
99
356332
99
99
99
327961
99
99
99
104071
99
231706
99
99
99
116303
99
99
98
99
99
99
99
491967
55758
200492
99
99
99
131747
254517
130322
99
99
25534
99
143084
99
374885
51338
99
99
99
27793
134251
70906
99
4187
99
19125
99
286935
60
99
37049
171166
14332
14401
571792
92
99
99
99
321249
223298
99
134019
16193
355531
99
99
99
315418
42745
113296
99
72815
123748
99
99
99
99
99723
103409
53243
9049
99
3225
170403
248299
99
99
194769
119464
169910
99
115610
289510
25113
99
99
99
64466
478503
79918
99
199904
94501
9748
99
395418
99
92899
27631
99
208174
99
99
99
108739
99
112078
99
32132
99
35196
99
99
392745
99
267722
99
99
99
99
99
99
99
99
122096
307773
206083
99
34558
103780
99
99
99
99
165618
200
411964
270885
99
61729
99
564175
118971
99
63780
410507
144881
36150
9619
99
99
99
99
229954
15850
99
99
211280
99
10568
98
604843
99
164137
114945
342992
30513
99
16003
99
101169
37711
99
99
49708
99
8835
99
99
99
306380
99
99
99
132259
100659
99
97456
112832
99
145138
197753
99
99
99397
99
99
249277
48139
99
257412
311987
70219
99
99
120590
99
99
267287
138460
2414
15371
99
99
16604
34928
99
99
145229
188
99
2250
99
99
99
91501
99
45658
99
280295
98
178540
99
99
285753
187489
99
3501
14784
147132
99
21560
251526
99
99
99
99
99
99
48380
115781
223122
99
99
99
44293
283570
99
417860
94587
99
99
580220
45606
238836
232791
99
99
99
99
99
99
105315
216640
99
80676
51700
6644
194870
171447
99
99
99
351423
99
77983
34705
99
58624
42107
99
99
491228
99
99
99
99
398668
99
135711
99
99
99
33216
99
99
99
99
124365
99
358567
28516
99
99
99
139448
16956
99
39003
99
1850
95983
99
290528
99
87
99
99
10587
112389
99
99
99
89
318387
99
225830
283659
99
97687
99
379209
99
99
53122
99
98489
99
99
99
185967
99
99
394048
99
8841
99
99
224152
342805
217675
99
174929
521425
99
60646
84296
99
75974
99
99
13939
99
18181
99
220418
99
228908
99
99
99
78636
99
99
99
99
99
109611
251204
99
99
406316
99
99
215792
127302
75087
99
5117
429920
99
99
99
99
93256
30726
30568
39894
129712
300155
99
7424
195123
337367
99
366629
5930
99
99
99
99
99
99
95
99
99
99
99
7317
190509
99
99
38013
99
99
101851
99
304749
151011
99
99
154329
417354
152373
122683
99
99
101924
53587
99
99
99
292918
68369
56855
99
99
47985
27950
403949
33321
554
99
99
105552
99
169517
52233
99
40990
99
30904
99
196423
14343
99
99
110391
99
99
99
246086
99
99
99
99
291657
20760
99
99
99
99
1570
99
571227
305436
193535
99
99
98
400073
99
99
272951
24358
417365
99
99
385097
99
99
171855
140614
99
117497
70959
99
191293
149298
228883
99
99
271321
229695
498424
260
111248
99
99
99
99
98
48054
99
99
99
99
99
149666
53488
48303
184577
99
99
99
4589
99
99
54878
97
99
99
117641
72321
99
99
631
11300
113585
99
82560
112716
99
99
194359
110884
99
157154
388851
99
99
99
232354
124717
271247
141640
99
99
187794
113656
99
99
450897
99
99
336236
99
99
99
99
99
189253
99
99
99
99
291286
24399
99
320422
99
92515
37333
99
99
99
302746
99
331847
99
76173
209284
487370
99
99
25600
120611
424810
713
137423
3081
445254
92345
85536
99
31793
99
133718
99
99
174485
99
198974
9530
183443
99
99
89291
99
98
99
99
171775
99
59573
43020
99
99
439995
98940
617
29037
287043
99
99
6695
