99
99
99
138995
99
141084
467364
99
99
33345
99
81879
99
25582
271737
99
99
145459
169323
99
286548
118486
99
99
2454
99
99
27645
99
99
99
96970
56493
164085
99
152242
99
24331
142887
118012
120005
4187
158806
120636
99
99
99
84227
99
99
99
99
99
98569
32084
330382
92
28694
17986
117943
99
99
99
99
7585
54662
177337
99
36649
99
46394
59388
99
103525
10232
172295
99
99
99
368411
203099
99
99
99
99
83
99
99
99
99
99
99
99
99
212711
23269
262511
99
289418
99
314065
99
99
99
251720
98
450551
344128
99
99
99
128001
7746
44545
29723
99
98
19293
113029
99
47589
99
25203
8538
99
198239
99
99
92
15275
99
218284
3445
44509
99
99
99
44410
99
99
211525
99
98
99
273701
330595
99
35361
99
10490
71029
213003
65008
99
99
99
99
267579
82069
137827
99
99
99
99
99
99
8853
99
99
431444
97604
102888
272867
99
99
38587
99
194024
99
99
28680
99
27957
99
99
111936
422443
99
153034
27398
170410
53496
120404
92
183713
369487
43202
55951
343268
73281
445647
91461
99
99
99
511217
99
99
99
99
99
30649
344673
183407
201823
99
99
298488
11143
99
46777
99
110593
59520
99
99
290504
36677
100541
99
223265
239548
210700
99
99
99
99
93803
99
13277
99
99
99
118695
20501
99
47406
319503
99
213186
99
578732
99
99
238357
45507
99
99
99
4170
15228
21369
289323
99
99
81812
99
20895
99
56338
99
99
27335
99
185508
574692
99
99
99
167119
146099
18630
99
34466
53887
99
99
99
99
99
87191
99
27
99
99
167300
99
99
16339
60454
99
132044
412122
99
55081
68764
99
46350
99
99
18149
213842
99
99
99
328150
71925
99
99
99
99
264997
133583
239311
24637
38996
203191
326643
18952
210004
99
69831
46464
99
99
99
99
222168
162626
99
199833
99
99
86610
107992
99
15638
92904
90
99
99
99
99
12111
99
99
99
99
219382
160816
195975
99
72307
227039
99
10634
119657
9034
99
256505
99
98
99
12103
99
178813
170187
99
39786
127751
99
98
99
31330
36637
79288
148965
107759
439943
99
81897
55317
99
251798
99
99
99
399897
99
140207
161490
271718
99
99
375704
99
99
99
222436
139831
99
99
99
246712
99
99
99
99
101533
99
240799
99
99
86069
99
99
74462
99
99
23563
5021
428748
99
99
54991
76151
99
99
99
96665
36175
99
99
146116
99
99
99
99
99
99
20861
23019
99
99
99
79439
99
293812
99
58952
99
99
211626
73877
99
98
25080
99
99
274960
59482
299015
99
92313
156523
199845
103926
22500
203839
312520
67652
99664
21932
313087
505177
122960
99
99
329375
403643
98
99
338848
99
99
99
158837
121151
99
99
65135
327178
34407
323025
99
432076
173129
99
99
99
112342
190682
1610
99
99
147934
130970
58269
99
99
98
49730
10400
18495
17287
75184
99
99
99
99
99
99
77723
192320
99
99
162229
99
56664
99
99
99
481423
99
87611
32837
99
99
99
99
66657
99
99
99
266524
44002
99
129016
74192
99
221804
99
42569
99
99
123087
99
250275
287516
4358
99
165317
552624
153577
528906
98
183289
24100
113131
99
510786
99
139040
99
348861
98933
99
99
403228
99
209925
99
99
99
152532
223304
99
99
94668
198427
99
99
246757
99
3567
99
99
99
99
99
21540
321211
99
421152
191990
36960
99
99
179474
30979
156107
99
175979
99
180184
154327
7693
99
272865
99
68630
99
99
99
163957
55705
29147
115894
99
60099
99
105940
142573
99
99
312495
99
226833
99
99
99
44738
93
99
99
44429
99
99
140323
99
99
99
65418
99
350379
99
99
99
99
53376
99
99
99
13999
99
169754
99
80279
99
99
99
107812
99
162175
99
277108
57571
74161
99
102921
209029
348112
99
66006
99
99
59647
320777
99
99
317508
359791
99
99
99
99
99
99
99
99
429261
99
99
246010
144977
99
44391
99
10856
99
99
24683
99
99
99
214232
99
99
99
99
131110
99
101014
135294
99
99
99
99
6421
99
29094
533316
99
99
35090
6248
99
99
315758
290059
99
99
99
99
99
99
14431
11546
186039
182519
99
40291
92663
99
99
99
162825
99
99
99
437182
143682
246976
48629
99
387478
99
99
99
99
99
48128
105840
11011
99
78419
99
104662
99
99
99
16677
99
99
80328
473841
99
99
99
99
99
378826
38822
64330
99
178343
21218
95117
136566
22405
99
99
138614
99
34593
99
38683
269703
115641
99
270141
99
99
99
127346
99
186912
469515
480365
99
308601
185384
99
244755
99
90118
98239
99
99
99
99
23066
99
99
461530
34
99
99
352621
15172
312697
99
129031
99
99
98
53071
110633
36313
99
99
15867
99
133466
99
99
60033
99
68246
99
99
14591
99
205162
99
99
280372
236603
187438
99
13082
12785
99
114733
217788
127837
99
189964
78120
99
99
99
99
240121
146746
99
47804
111082
80411
99
99
99
99
260442
99
99
99
270908
99
137056
52176
32710
232278
99
99
68091
99
99
99
99
99
99
99
188866
99
370057
99
99
37463
15882
30149
349881
99
65
99
90680
24964
99
8274
99
592711
99
165783
98
3347
94109
13706
98
99
99
434954
99
99
100798
17261
99
7975
99
32974
99
252394
44975
198809
79282
124016
99
191385
51073
99
99
60580
75701
99
99
19092
99
98
428381
255075
78309
99
18448
99
311467
99
99
195603
99
138152
99
99
126569
95269
99
99
99
30169
25783
274170
98
111920
99
99
31117
98305
99
97
67609
99
231652
95877
460950
133693
7706
3561
99
88527
99
99
99
81347
14714
99
46250
99
99
99
99
145609
97
99
348969
140610
99
135874
432024
2291
99
99
99
147339
7264
163263
335559
123539
177245
98
99
99
100250
99
156821
99
161204
9498
297842
99
39265
37149
63045
40329
67910
99
99
99
138398
245897
369822
99
99
338767
99
99
285190
99
7346
145013
99
128825
68799
99
99
99
89925
71612
99
99
99
99
99
99
335842
95
169983
322707
99
99
99
230951
50972
99
99
74933
99
70915
55000
99
99
99
99
91242
310824
150980
99
99
99
20359
99
99
99
6473
99
99
12227
1004
99
42309
455624
99
62978
77462
484336
99
118675
99
99
55660
166624
531304
543509
371885
99
99
99
360801
99
99
30952
42556
99
99
99
99
99
99
99
99
99
99
11764
16704
370198
99
179958
240076
99
420058
99
374028
99
99
54878
204463
99
99
99
287262
446431
99
231873
188268
99
99
99
99
418222
99
35295
99
99
6567
99
99
98
371439
99
173540
96
3977
188247
99
118686
19989
420198
96
99
99
99
99
15008
99
99
52367
345835
99
287095
13251
99
224083
99
147167
99
119582
99
99
99
99
241901
99
99
42613
99
254233
99
43263
99
93
99
150219
72615
99
99
99
331531
99
78248
19053
235631
99
120994
102791
99
98
99
293492
232582
35208
460524
99
280505
99
378003
99
532083
111560
99
161258
99
447880
99
85349
99
402867
89424
193562
28255
99
144991
602308
99
126060
360656
122797
99
107230
26896
2244
99
99
99
22468
99
465316
99
99
99
99
99
295390
59627
99
99
178520
46267
22930
44297
213420
20645
108643
99
352668
95
99
233077
99
6881
99
419525
99
99
309496
334755
99
22828
9099
217396
260783
249544
8417
48312
99
99
360525
161346
99
234680
99
231665
99
280791
99
99
325727
42418
409121
260455
103
39692
99
99
43839
99
99
209835
276174
4390
398873
99
28016
99
526659
99
97
98
99
36833
99
99
120559
99
99
163353
99
83370
99
137930
99
99
99
99
59334
14635
99
77532
99
167311
375128
99
145629
171923
99
99497
102897
99
99
99
591
211318
99
99
99
99
99
99
99
99
2848
34160
98
99
38543
99
6854
99
49915
245606
34123
99
99
98
18953
225864
112745
99
498246
99
133545
99
99
99
137079
99
99
99
99
99
107915
99
314540
99
383216
99
99
99
99
99
27488
99
99
277139
99
99
439177
99
356254
36217
146525
36466
99
99
129312
99
99
208512
7520
383694
158653
99
65272
99
99
264682
99
99
99
99
25935
237803
239286
99
99
185097
191052
21357
99
204902
268975
29947
33985
31611
160830
15509
305263
92029
99
91203
99
12897
167417
99
99
99
99
99
97652
481214
99
60077
85038
99
324295
325666
321507
99
4184
3841
530457
263069
99
236259
127150
99
99
79265
462272
99
99
99
99
99
99
99
99
99
241030
145571
369311
21754
245598
209680
258224
344529
29964
250476
35225
99
7364
461381
11295
99
490531
99
99
99
99
99
395
180838
99
99
99
398820
99
509524
99
99
34986
99
103838
462190
99
99
21675
251103
107412
99
99
99
99
430781
40838
111402
99
42341
99
99
99
99
99
88164
27406
99
99
186789
98
99
12377
188051
99
70099
341498
170177
99
128232
99
99
99
99
3227
99
99
99
245072
41087
62344
98
2847
99
99
99
382548
99
81098
172054
144608
99
99
99
99
99
99
278079
99
99
57203
99
99
99
99
466919
93962
38375
99
98
99
140084
99
5318
99
99
509730
99
504
65866
99
99
99
98
67857
58871
99
99
99
99
99
59658
99
99
99
99
99
464505
90291
99
99
99
99
99
477254
528424
99
137822
99
120321
494628
99
99
99
99
99
289116
226107
73190
34379
99
99
80353
74213
99
99
99
99
125300
99
99
56583
1065
416096
99
99
85
99
111994
194886
99
151912
99
99
98
99
249209
99
99
98
364733
99
12726
99
99
165488
99
99
99
99
99
99
144716
5154
99
120787
73395
99
127071
99
99
115537
5020
99
119210
349439
257843
99
174223
99
48950
229942
99
5787
99
138502
16900
99
362185
99
58211
99
99
97
99
99
99
381504
248548
99
45329
81608
63018
99
99
99
99
67769
99
38293
143582
319704
99
99
237525
15649
99
137269
202433
49064
84755
99
99
84172
99
99
123359
99
99
99
99
99
99
20134
99
99
99
99
29287
318381
21868
99
16855
99
99
99
35828
99
394613
61801
23764
99
15099
99
136805
3568
99
68847
122359
113833
179047
276990
9046
99
181847
43762
131251
14326
7155
99
411617
99
99759
98347
326504
71885
321440
99
29050
99
3497
99
171818
179996
99
99
99
99
595642
282523
10966
46506
99
21477
99
42963
184872
99
99
99
99
99
99
187990
99
418570
82650
99
99
10317
99
99
99
99
201365
98
371521
140226
451089
100031
97
99
87936
99
121540
99
12200
99
99
99
99
88093
92513
99
126673
99
76934
264982
99
59188
587364
196790
126591
99
99
74677
99
102614
99
99
99
153046
99
99
88
103604
99
99
588750
99
98
127651
99
99
8666
237761
99
114053
184107
94
52193
151597
99
356548
4377
19919
312628
50074
99
99
24674
174602
99
99
99
5262
99
99
99
8168
191469
20470
99
30493
39962
99
99
361543
99
99
251821
445185
99
162699
348491
99
99
158232
99
99
68244
99
44247
99
99
99
99
99
10314
326273
171151
147960
298135
268982
99
119362
335405
42714
63492
99
99
99
18089
86939
27298
279125
99
331848
122194
99
107397
317939
156668
99
175032
99
18315
99
99
201414
99
99
22228
91118
99
296006
99
26892
99
420229
130338
99
311813
99
99
99
99
264200
10475
98
99
99
99
99
99
99
99
129463
99
99
230989
338012
178091
35934
99
126270
8209
99
450193
6542
67218
99
141634
202032
342603
99
99
99
60002
99
99
107228
97915
99
17752
99
117066
82059
217126
99
99
99
410486
99
23445
351031
264043
99
253287
99
99
99
99
99
99
99
88
99
357974
97592
99
99
36414
99
99
78071
422732
186993
99
99
99
99
97951
98
99
4096
99
99
35787
99
99
99
99
31252
217773
241755
331453
99
99
72691
119698
99
99
100439
421453
10385
142014
99
305850
678
99
99
114602
279247
99
432042
142357
99
181416
13942
401553
34512
99
3938
99
99
99
271650
5042
552972
99
61143
199726
99
99
99
99
222023
79716
92536
99
99
29551
26193
88260
99
14255
99
99
99
132024
99
99
99
99
99
99
99
99
16760
76516
72262
99
97
295992
99
6897
94
99
99
99
99
316892
99
161771
17348
99
15998
126358
218027
138113
99
99
99
99
99
71822
54286
65119
101790
145134
99
91485
99
99
99
99
99
99
44314
99
99
73556
99
127904
156537
97488
80236
33495
13127
70287
99
99
99
121814
59132
98
114778
249816
2789
95786
98
70686
6
57462
99
23717
107290
242615
99
99
148310
507444
99
99
50577
130571
99
433121
99
239624
263
99
99
148462
164393
99
99
49890
62667
99
96149
8213
404888
99
99
99
99
99
99
99
99
99
99
449633
99
18390
435931
153975
99
99
98
346742
132716
99
191745
99
6309
235047
59308
453348
17734
193462
99
32503
30895
4519
350563
99
97
199456
99
445199
155478
99
148064
99
99
99
113818
99
199274
3140
54015
161963
99
167100
97022
38132
463774
99
192853
86
99
254356
99
10460
99
229809
99
99
99
141841
200214
443044
8409
399199
99
120274
73876
249482
99
513587
99
194709
12249
520012
26824
99
99
99
16855
345128
99
129341
99
21629
568
99
99
99
314895
10604
95483
181251
99
29663
176457
65845
89575
99
119393
280906
99
99
561926
99
55931
351254
99
206744
99
99
99
99
99
99
99
99
99
30968
99
99
11463
99
99
144466
99
28508
99
459839
99
152155
2434
286257
30379
99
57638
99
111034
3008
99
489825
28680
71435
99
99
99
99
99
40155
226875
80732
199768
99
99
99
293533
60359
14029
23074
419534
99
99
99
109625
168793
99
99
99
23634
99
67770
99
955
99
281726
98051
143196
99
99
65681
99
554279
99
6836
97
99
294857
133277
281613
99
99
99
99
180295
273788
27187
99
99
66889
39590
22285
99
361216
99
307532
99
99
115439
379422
99
23582
530348
148733
117963
128621
86902
227557
99
99
99
99
24590
99
99
99
99
99
99
88179
137315
99
295699
99
153723
98
99
45464
249941
256895
350280
140851
99
99
64697
99
27286
481430
99
99
207246
99
99
99
99
297080
267209
338569
99
628
99
99
8235
99
2395
129870
111951
5749
95
99
99
138719
63481
330181
474455
120033
328501
63705
99
55980
230593
99
67435
287339
99
99
99
99
99
99
58979
107087
10292
110810
15070
99
99
359835
99
99
127331
99
99
159259
99
99
99
15549
99
99
99
99
99
61192
99
99
98
57482
99
99
65298
99197
99
99
99
99
217199
310630
99
262998
22508
526898
99
335859
230095
99
99
99
99
99
463939
99
299760
33091
99
99
99
61711
99
66552
23226
99
32763
99
99
17254
46981
25943
160134
9486
99
99
351506
99
98
99
1824
30820
116146
165157
98
99
99
99
99
99
144777
160841
99
120696
99
99
99
88652
314150
99
25107
99
99
460277
99
99
99
99
112152
360678
99
553733
99
99
99
96769
99
99
99
31286
99
51982
99
10805
99
72936
99
49569
99
99
9373
99
401905
5509
99
89
39281
96364
206257
199421
99
99
190754
139727
99
98
6952
365591
99
10870
99
99
96
99
234857
95
235710
11852
47039
99
99
95
3477
439268
99
305932
543811
68817
98
242503
40498
99
99
99
513366
99
99
99
418091
65376
16916
99
99
72906
58099
90462
99
99
78327
99
99
99
99
53
99
99
28525
441983
36229
10424
99
294285
99
99
99
430491
197401
99
99
21557
122958
99
99
212433
99
99
99
99
99
99
4568
96
136709
339166
99
220106
8889
99
99
215653
455797
2469
99
99
1901
99
99
199693
399131
377870
440
246598
31419
22697
42463
81
198353
164226
99
99
118955
418033
89616
99
99
152881
99
319349
62897
99
10108
56
122744
99
173120
99
99
117936
11893
94
29248
30866
99
130500
390909
364803
99
363042
58294
63957
99
99
356880
393
17606
99
113617
99
121670
93548
99
259066
113825
56321
99
99
99
415198
99
99
15039
99
99
547299
115804
223465
336027
99
99
99
99
4434
99
512636
99
89
99
125384
99
99
99
99
98
363091
68475
184215
99
99
100868
99
99
97
99
333423
99
21380
77987
97
166488
344927
75329
47731
94
34357
99
87202
17137
236204
99
99
99
99
99
430295
99
309179
62492
99
99
198528
99
99
99
125531
99
182498
53271
46244
99
39254
70529
99
4330
162177
99
143274
99
99
99
99
99
99
97
74516
87242
99
26899
459884
99
4410
145488
446824
72590
99
99
54942
24649
486574
101349
99
2043
99
99
31215
99
2563
200335
170735
119905
208578
87516
99
394011
244896
99
99
99
156752
99
99
47099
99
99
99
99
113276
71049
99
99
99
99
99
445816
99
99
99
99
442752
44412
184494
99
99
62302
99
54886
213034
180818
49169
99
177679
10277
99
99
539960
99
99
30604
58776
99
99
99
99
99
99
99
99
174335
99
2395
200402
99
99
99
99
99
32598
99
99
490982
99
176104
99
194818
99
99
12705
99
24927
99
232067
99
99
86464
99
30263
99
11891
99
214240
99
99
36581
40970
99
131371
31605
57200
539747
57515
99
3716
162049
99
256802
339630
120079
23050
217655
37874
99
155499
509864
99
29464
290238
99
99
150457
284536
178459
86070
99
99
236565
99
52432
268186
8303
99
99
50721
7456
451545
99
50781
99
99
265187
129067
532630
99
14200
120454
96464
106623
99
99
14949
99
179944
99
43087
99
99
99
99
99
243574
99
173403
194553
99
62667
7736
9228
99
99
333537
1864
251702
99
99
21231
99
25789
99
99
34113
99
217711
99
99
99
417667
443593
99
99
1621
7652
99
99
9071
893
99
94629
99
186875
295709
388240
492700
99
99
151058
99
99
99
99
61659
99
29968
74
99
99
414105
237175
99
133326
99
27873
99
99
99
99
170822
397150
99
99
99
20
99
43288
383
107814
10325
141263
99
62830
99
86332
99
99
225281
99
5040
92932
260182
153499
99
99
99
99
99
190121
99
99
99
126946
114154
99
159272
357674
54338
97763
186304
70198
113893
99
99
99
99
318764
99
355467
267152
99
99
131277
136437
99
99
99
439414
16038
99
43594
99
99
28383
99
99
306810
99
8471
44039
172929
204611
99
99
99
99
361702
99
328532
84283
341338
111194
99
119214
99
119917
99
99
450717
99
99
293477
1588
77061
109460
99
47474
184
18334
99
239830
11856
99
281747
279152
37854
99
10944
51698
351293
178095
99
173841
178555
212248
10573
99
131546
99
105030
90874
22242
3507
99
99
99
99
99
63374
99
19964
183828
69950
99
99
10478
99
13930
99
409363
99
99
61273
20864
51200
98
99
272802
436115
99
120792
8022
15867
99
22380
98
80901
99
99
262344
99
99
99
13526
99
99
216538
99
218543
1202
99
99
99
19102
29791
64752
99
99
105339
60208
99
99
99
98
35418
217025
99
156209
99
99
99
99
157629
93
5884
99
99
72296
89245
101038
41913
99
99
99
205499
99
57809
237743
99
339335
99
2928
99
99
192553
99
378995
73409
98
99
99
99
32018
99
55884
99
10444
11203
99
98
142347
346324
99
120412
386790
99
99
99
204746
152399
117373
99
99
59798
99
99
172685
454572
245728
38463
205829
440248
37357
127905
140496
99
99
99
99
237188
99
99
460958
201024
99
37327
99
99
392610
8280
14996
25203
99
99
43871
139165
116931
73871
99
36562
92524
99
99
99
23098
99
99
99
99423
99
191908
6907
99
65969
218647
99
387625
99
32285
30022
99
46117
285175
427346
99
99
99
71
99
256905
99
99
99
590730
99
106142
296702
73938
99
99
99
204458
32094
99
10935
4275
231420
99
135031
99
99
47644
18081
4040
46562
9694
99
99
99
99
99
99
99534
10661
99
99
99
99
15542
413850
99
299107
26902
99
99
99
159984
99
99
99
99
28694
84615
99
99
99
37268
99
3525
359444
99
101847
68450
134329
293203
99
99
99
47760
573713
99
129346
125705
67750
99
53821
99
99
99
99
97
99
87198
33881
99
99
129521
74181
468827
55247
9153
436199
86841
99
99
56407
99
99
99
99
99
99
99
158900
99
99
20653
99
110765
276879
11084
30967
39597
11172
94215
99
223268
99
102752
155927
302670
99
376415
99
109241
11406
99
71511
99
82
95
99
254079
99
344247
99
99
50390
2389
99
79153
516238
99
310034
199989
99
143902
108947
46724
99
99
99
13312
83710
99
323548
99
99
133178
212187
121899
172365
130076
195288
96
99
24849
1362
99
194290
99
99
99
99
362710
202471
222085
185421
7893
218486
99
42094
12494
262587
99
99
247109
106972
99
99
99
99
99
99
80194
1207
99
99
51403
292062
192066
99
413066
159970
99
99
99
99
125438
10933
99
99
99
208776
47580
100458
99
99
99
99
210028
99
99
233861
99
99
55391
99
99
73837
259172
134240
26341
99
584464
99
99
99355
99
45960
51177
1581
99
255467
99
8232
99
107048
379911
99
99
99
99
99
99
67010
306044
6501
99
3317
295330
409760
148293
99
76289
280654
207219
75172
99
99
246154
298348
179327
99
99
80074
99
129545
158746
364135
99
99
46179
98
92766
99
358022
209023
87763
99
207998
99
9374
99
99
301383
138433
131082
6717
99
99
56313
99
477812
250249
99
214107
99
27534
283551
99
99
63795
99
53618
99
223481
142560
99
99
166073
99
99
99
39527
191197
98
99
88949
144122
99
373437
99
99
99
99
85878
98
99
99
99
464114
28702
99
42947
109943
99
99
25556
99
37200
99
99
89466
219074
180441
99
99
99
147348
101400
27922
99635
99
94540
95263
99
317061
99
99
417027
99
98
13976
174984
99
99
438673
99
99
94239
99
99
99
99
211439
202112
26896
101725
420805
137273
99
99
193584
202164
99
352070
99
38194
1366
99
99
99
7067
99
99
115541
369716
99
22142
99
340129
99
14541
134794
98
8299
47890
99
358187
10018
99
99
45078
169917
5758
57872
55957
99
99
99
579635
99
99
99
99
99
85789
99
250124
99
99
252138
99
99
201365
219668
99
308622
99
99
50449
99
99
13822
136616
151292
99
99
74004
98
27698
139065
99
99
24430
99
99
99
99
99
99
99
269436
99
152500
42693
99
99
160471
338622
199237
241648
129455
84641
99
358203
99
99
99
305282
53221
99
99
162315
99
98
99
20444
99
84378
99
99
99
99
99
99
104288
99
50670
64950
2250
99
128149
99
99
348615
159004
99
99
99
99
377752
241411
427780
99
99
99
111606
340545
99
134627
168448
99
99
23994
75872
53772
99
174168
182476
284429
99
490435
99
99
99
93867
1580
99
99
99
72946
343982
498936
99
99
99
99
3110
145959
328543
48041
99
360653
8733
99
99
99
99
99
99
99
99
277706
99
199
99
99
39
99
99
251022
240604
99
99
99
99
99
99
75775
155864
14680
99
385661
10759
99
99
99
99
9139
72536
28335
134765
99
99
14981
99
67436
99
4504
63053
272002
242825
99
354482
103220
99
16584
99
99
95272
148794
390308
169025
41679
99
99
267990
83223
243797
48122
32183
50777
99
279580
254668
99
201021
105357
99
129595
98
99
99
63352
13679
31723
48
139592
251048
99
99
99
99
99
99
407380
159783
99
99
522022
99
391717
99
174517
26085
44101
26096
99
99
77574
99
64192
20028
99
98
114909
99
99
99
43114
2027
3669
99
69077
99
99
291170
36569
197363
34595
61334
97
1217
99
14120
96
150956
99
99
47108
99
99
99
437725
99
99
98
99
40822
99
99
45412
256753
3526
99
1852
216355
99
7031
99
110877
99
99
99
99
252984
55909
99
99
60475
99
122262
19416
99
99
45422
99
255470
99
71995
51074
14572
99
99
99
46892
99
140051
69533
99
28957
286774
256605
33835
18658
247841
99
99
99
373387
99
21362
99
99
99
99
99
142981
32085
41522
508112
175821
99
99
116492
40038
99
222599
99
99
99
99
99
340973
99
99
99
105210
99
194260
43484
99
178602
158887
97535
99
99
99
99
98
108227
99
99
7477
99
326330
142216
122399
117654
81045
99
99
279684
167526
55010
33876
28057
99
99
107231
99
99
12937
363230
99
99
99
99
289931
99
319350
322731
99
99
115473
574252
99
99
29555
99
146820
99
99
99
99
280566
9572
106394
99
255326
99
99
470034
99
99
99
99
448976
99
11626
131907
212889
99
99
99
306311
164751
12781
99
99
104421
114112
99
57896
99
99
99
99
278588
99
113976
257584
22874
99
99
99
99
99
144506
99
99
99
95
99
151398
109245
99
99
99
99
193536
312167
99
95545
99
192788
99
99
40048
75850
443597
99
99
33706
99
99
99
16248
91421
99
99
99
99
99
99
99
122792
95777
11486
69176
99
99
99
33391
99
99
99
98
99
99
7562
99
99
290211
99
99
99
99
99
18098
99
99
99
7536
99
142561
175203
99
99
99
99
99
2588
573756
114457
99
99
99
99
323840
99
83752
5888
99
162762
44483
99
99
70173
5562
145976
99
400646
99
99
90
99
396169
99
64021
178998
19591
240933
382692
99
116770
62055
24275
119146
99
99
99
99
99
308181
52816
99
86287
44654
58687
28938
99
24113
99
554809
99
69188
99
99
422752
99
156724
99
99513
397894
27275
378653
99
298888
48864
254590
289502
69025
99
76977
114895
99
88289
99
226013
99
405288
99
616
141263
48456
28738
81234
99
117201
63518
188006
156579
385466
99
42951
130440
289705
99
99
27068
99
99
114716
102102
96
99
99
99
143624
422471
99
78794
99
46722
124652
46022
47194
99
10682
99
237192
99
99
99
99
99
41525
1253
47305
2574
27174
90
307841
99
199314
99
303164
177508
98
282244
99
1237
99
99
99
99
415276
99
99
99
340593
456092
140667
99
99
133751
99
89838
99
118460
58434
99
122635
184859
99
412658
301817
99479
234163
66883
99
100557
103595
99
99
99
312450
99
99
99
549417
99
99
205450
20509
63650
99
296143
11108
99
149908
20767
175644
99
39357
180968
99
413227
91956
203995
99
320392
99
99
99
99
99
99
10130
99
41844
99
99
328897
102493
83850
99
99
99
99
99
533
99
150199
99
243259
99
10823
19605
99
143454
99
2576
99
158667
13054
99
9816
99
214409
288561
227216
99
7676
99
33315
99
99
267075
99
25438
17872
251307
279794
99
99
99
13253
99
99
99
101821
99
14079
3986
99
46125
19354
253215
99
99
255423
46269
169394
99
99
530038
182503
99
99
99
99
99
99
99
99
444773
125964
6389
135424
99
2299
99
227648
326836
17757
80407
99
99
99
109257
99
4638
99
129513
99
99
99
128587
464532
99
4150
99
82341
99
99
6150
268631
225514
99
99
99
99
485456
173543
245734
99
99
99
428028
99
63295
99
99
99
99
99
94003
99
341368
93
99
54301
99
99
99
218512
99
99
99
99
99
99
99
114221
386073
33279
99
99
99
97311
99
99
206137
60103
8357
275350
99
99
138135
529117
99
333291
512848
57231
99
12994
99
99
99
274339
99
74309
99
99
99
99
117794
98
328428
99
134849
99
99
133104
133412
99
99
557838
99
99
109716
36418
224667
354885
99
74740
99
40229
108102
32284
501396
99
98
99
99
99
40659
87381
99
99
107404
61553
99
99
25619
99
59823
99
99
99
99
73334
9962
99
99
352316
11822
99
170015
99
214934
239220
280438
98
226545
99
79229
118095
536407
144864
99
99
111297
331601
18484
99
148649
28194
99
99
387752
15118
98
183241
99
99
99
99
99
99
99
99
99
99
99
99
99
89162
259728
99
30606
354793
256981
99
99
15791
351047
494066
99
99
99
99
332590
287102
188788
99
99
99
180757
99
55466
24826
99
9863
99
99
99
16383
90489
99
441230
340080
15140
420434
99
99
112359
99
96
34504
114057
99
269985
44135
91919
301109
210011
99
99
19107
13381
80299
99
99
97
99
99
99
99
196658
74858
99
99
65406
249306
99
287483
48810
116498
54290
99
70677
63967
99
99
37303
99
52692
99
99
80598
99
337238
6124
99
18680
99
99
99
203275
99
99
82691
99
549712
99
99
71415
99
60814
99
99
99
99
99
99
99
99
111552
99
44969
99
99
99
99
99
99
236864
99
164411
99
104632
99
244389
99
99
155546
99
110133
51374
99
410919
224145
360343
99
27620
99
212247
24228
7240
99
99
99
99
99
127611
99
161946
99
284969
324127
99
99
99
95684
181923
95
52682
161688
99
47597
177498
99
99
99
99
99
99
99
1466
99
99
99
299696
99
99
182323
99
192079
267739
363906
157354
163311
99
512232
99
99
99
253507
353834
99
33262
99
99
99
3492
11348
99
294889
1721
37390
99
99
99
99
178706
99
99
121516
99
99
99
99
99
154863
99
99
99
151238
220946
230358
99
334030
99
99
3779
99
10566
392499
202849
111291
121719
99
99
130210
99
10196
99
30313
107910
216850
52192
99
99
104247
2430
174155
99
97
98
99
99
99
23555
214177
99
208463
99
13414
99
501685
84828
1506
99
99
99
136488
99
99
99
160029
151083
99
99
99
444229
269128
99
139336
99
99
452338
305725
99
99
581846
99
34848
36362
22103
99
115929
274879
2924
105448
99
21568
163225
22980
38156
26366
306979
99
99
99
23299
37770
361704
99
108517
183757
147862
419509
99
99
205016
999
173167
235839
16988
24133
9726
99
121131
11024
99
99
99
92683
185400
99
410904
98
12725
99
99
13028
11946
327945
246168
99
99
37630
95454
18685
289310
108652
99
99
274343
48433
3842
188460
99
99
99
99
53228
22168
99
43556
99
99
99
11507
26267
146799
35743
544991
99
6165
99
20848
222899
273653
99
99
99
75601
16396
35813
26918
99
99
213341
99
103665
99
104764
84
99
99
85259
99
94
99
231634
99
116751
99
99
118288
99
99
70125
185324
99
99
99
99
170553
99
99
358367
99
179658
99
39639
99
99
363597
99
57
99
99
99
50041
99
34113
76559
99
99
90975
10608
373411
394328
188819
99
157780
99
99
99
77
49885
36574
37255
364156
42203
278705
59068
19748
20340
369839
46779
104219
99
99
99
1472
99
26361
99
99
99
99
99
105959
38682
36439
9590
99
99
99
140245
64881
99
241838
99
418064
417449
270261
11400
99
99
84076
95485
169326
99
405758
61112
21758
589893
99
223669
215745
99
99
68416
99
99
99
99
141184
220101
375862
451201
276981
21889
14740
2897
109740
99
99
99
23422
99
99
1867
46107
95
99
99
37807
14976
99
14474
192235
99
18496
99
91490
262063
99
66099
149105
10679
99
128655
99
99
99
17457
456991
13729
99
99
269401
99
99
146672
85382
545
99
363512
99
6324
99
99
99
294798
99
99
18101
99
99
99
99
476125
47217
318824
99
99
99
99
64614
99
54559
99
99
99
48797
84921
99
99
99
15702
99
99
99
148805
158094
99
99
99
99
260065
419851
247020
17560
99
38658
99
69483
99
99
3531
99
99
8910
99
99
282022
111681
99
99
99
99
99
99
46545
99
314499
189834
99
195001
316130
99
2581
99
99
88520
154612
278049
99
258893
99
276440
31782
99
99
99
99
99
99
99
16366
5619
99
99
99
105926
18443
99
99
99
99
78841
99
99
99
4875
265937
91674
99
22266
99
99
37620
247778
250102
262498
393457
99
99
99
99
16658
186913
35812
18148
99
50125
99
96357
421937
99
99
99
99
204076
99
99
114864
99
22398
88931
99
478
157502
99
8629
99
232811
97
97
99
99
30775
64078
99
99
99
99
99
99
311086
309348
104169
99
99
99
214775
130424
99
99
99
99
111452
99
99
99
99
99
325402
99
97
69903
99
27750
99
5386
58460
2539
99
99
124804
230878
99
52207
99
69083
132047
99
99
265769
34758
174761
99
99
99
99
62084
99
99
180827
99
42645
99
99
447200
99
99
99
99
99
99
303152
99
99
99
98
99
447925
99
99
72034
315983
99
99
98
150327
113288
99
99
99
99
99
99
99
506455
99
59728
99
99
79
191171
224261
248405
159963
13461
99
262027
324696
99
99
99
150637
23039
99
22878
78372
21468
321644
156117
99
99
210430
107381
99
148410
99
258205
265831
99
273229
3917
314502
195
99
99
39466
81864
99
16249
99
419502
99
34728
99
150837
99
99
99
45751
99
215747
272459
99
99
99
99
99
5305
99
99
123
17493
99
45721
99
103648
20440
72493
99
99
365477
99
93963
38011
435668
99
99
99
99
99
98
99
99
82
99
18142
240017
86848
99
124066
241128
99
90634
390895
255317
43298
542577
99
34160
577457
25532
99
90558
99
99
60822
404013
99
446655
99
99
99
517
99
99
99
99
98
280136
37251
32318
61618
99
328678
64125
99
99
99
186519
99
99
99
87734
99
99
99
99
328232
12043
99
34052
52980
128190
15017
176174
229125
5203
10946
34201
99
224618
41748
99
99
99
99
512139
99
6468
207189
162934
66389
323029
151623
99
105373
99
99
99
171182
51458
1713
52597
99
99
337296
99
179684
219346
66709
99
241058
99
99
385187
99
99
99
76409
99
99
307162
19099
156989
9795
496215
99
99
2683
147494
99
99
1629
99
99
16108
364960
17538
99
99
288519
99
99
99
99
99
99
33870
112660
93019
99
99
23966
99
99
365458
99
99
99
131973
211985
99
192010
163100
99
99
153019
223297
99
81972
50961
419637
45912
292707
127894
99
99
99
99
99
18635
212628
347296
352619
142307
99
229776
22540
52592
99
99
99
99
99
98
20180
99
99
99
99
99
99
99
26644
99
439258
129386
99
99
66093
8329
99
99
99
351592
519429
38893
259593
27844
98
1440
39546
99
99
99
99
99
586151
99
99
441127
218780
99
487888
99
99
14163
38872
99
83644
99
14608
99
99
225839
92948
99
222928
280682
99
99
99
84178
99
165921
222460
99
35479
18012
99
99
99
187290
99
150373
99
75224
238384
134330
88
497247
99
99
99
99
23222
114828
99
236103
99
114385
99
62770
99
99
99
99
99
99
99
99
65548
99
99
193442
34264
6226
99
99
99
99
368439
57665
458259
31862
190135
25572
99
99
99
99
99
47650
134843
98
94770
99
99
99
99
99
270917
99
18034
99
99
99
99
90414
92483
99
99
53797
99
85
99
99
99
99
316529
99
189538
99
99
167043
57818
99
49499
99
99
190572
99
99
79551
53875
94
6851
39642
99
99
478175
99
99
99
9609
99
292896
99
99
99
99
99
78132
99
99
434179
99
99
461655
99
132121
99
108481
99
218783
384879
198006
99
161666
99
99
99
13788
99
99
99
111532
99
99
94
394068
99
99
99
99
251901
80199
49038
99
99
99
291860
44261
190524
450343
99
99
202370
99
153113
301753
99
99
361308
37484
99
99
242147
99
125529
99
99
56638
106786
104150
99
99
99
16709
99
66312
99
99
99
38889
5254
99
99
99
294223
98
229383
88603
99
99
99
99
99
99
99
99
99
319922
99
99
121196
57746
233081
99
99
99
99
99
81926
99
278579
99
21189
59530
170010
99
99
85027
99
136006
99
99
99
149402
98703
159471
99
288006
9112
99
132841
99
99
99
99
204411
99
99
6803
99
50236
99
99
99
3505
99
250475
28127
79195
3214
4509
100755
167590
99
99
99
99
99
65742
46787
99
318151
99
99
99
137973
99
99
99
7779
202944
140207
98281
99
99
99
99
99
99
500291
99
17878
275452
257149
53407
99
189042
99
49534
12656
99
99
99
383075
99
99
99
380857
304839
99
50253
99
99
316
99
99
91722
99
51524
56492
351517
347107
99
99
99
99
105807
99
99
383083
99
559245
36731
152875
99
106345
99
99
348370
99
64256
99
113797
99
12038
183101
127290
99
99
11603
99
420819
314
40912
99
99
526474
99
99
103724
99
4690
358069
99
99
99
85336
37103
99
397344
122229
420318
99
43525
120910
99
99
99
201724
28264
99
191433
114536
280889
208120
99
341358
99
98
196921
7804
99
221728
52561
99
9811
23220
422081
137258
99
13141
100503
99
170224
126435
99
99
5046
61969
99
103957
17993
99
99
99
99
4169
99
6624
135366
261449
27046
20180
86037
99
167007
99
171480
152447
253045
99
94
158489
99
99
99
99
46933
148984
99
266434
99
73119
52975
153366
389556
99
74966
99
99
78858
99
99
99
16070
91552
15435
99
395
99
6920
99
85407
20404
99
198241
99
24487
99
99
49625
560710
176035
44454
125993
154893
87691
99
99
99
25229
59789
19277
99
99
17382
99
99
69268
99
99
99
169325
463811
162
99
124575
423
99
99
99
99
165706
205750
179119
122127
99
99
99
99
99
159429
141600
99
99
9279
99
99
99
99
99
99
99
99
99
32586
99
99
24153
26404
4363
311946
99
172452
99
67897
515
34867
203675
99
158
99
396157
98
99
2865
99
99
44779
99
99
238094
