99
435884
99
99
99
99
99
99
294962
56278
192969
99
99
230342
99
59484
99
246243
32803
99
99
99
99
99
156239
194410
99119
99
240010
99
99
221535
99
99
99
253135
99
99
256649
99
99
99
99
99
99
296257
154663
229993
99
99
4433
99
403137
99
61713
99
309882
99
99
99
99
99
30619
77035
99
74
377200
98
326228
29506
99
99
99
75997
99
99
99
99
156209
99
99
166895
99
31047
99
99
99
9766
99
99
99
560834
99
16114
326783
68024
16144
31483
99
12605
245254
70767
99
355743
99
99
202067
99
99
64721
435720
196075
99
113975
99
99
99
99
99
230503
99
99
99
454182
48854
99
99
99
96
62293
99
99
99
503004
23451
99
99
37801
99
319216
93275
2361
99
99
84196
19447
270020
24800
177676
149130
99
99
186369
99
99
41599
99
583257
54420
99
38734
99
99
99
69207
264188
326297
111719
99
160681
307910
97588
30102
86585
41322
99
132003
138595
99
194274
99
99
99
33524
99
99
471180
99
99
99
99
99
120475
117207
99
99
99
99
18102
99
74154
99
91436
99
99
217938
42584
561275
99
480
35038
35441
244670
71190
99
99
99
15991
467530
22957
99
99
99
146526
36898
7483
376445
99
99
99
99
99
409737
168439
69402
99
321080
25739
116728
384503
350033
99
99
99
99
153859
48485
158750
99
99
127308
166370
609039
244292
173592
422137
180992
102385
120553
83512
67067
99
5452
99
41339
450191
250494
99
174095
99
99
99
137547
98781
6627
99
162687
99
99
10226
43072
99
99
99
414245
99
99
99
99
240278
201605
333954
99
99
99
152060
13238
16555
99
99
99
121137
99
202084
21772
99
148239
259799
99
99
99
47523
148246
99
99
99
259736
99
25397
13805
99
59563
99
99
117868
99
98
99
35457
99
99
99
119151
20890
99
99
13052
204055
99
99
99
99
99
99
99
137476
213907
99
99
99
297923
99
42408
99
273763
49819
525458
28092
75328
290331
19595
55622
99
183473
99
116540
99
148677
99
107563
99
141309
502633
10946
7585
150423
99
99
99
310593
99
252661
16014
23063
121292
99
22979
99
99
99
99
99
3925
362088
99
99
176372
99
99
242635
19252
178947
20445
99
430924
99
6462
99
90
1256
99
101247
99
108812
15258
165242
99
340546
65353
337452
99
106469
99
99
47327
99
4299
460813
99
99
106172
29879
40525
132934
99
43131
9945
12645
125201
99
99
99
99
99
99
99
178483
99
15616
57457
99
205773
99
99
122658
99
99
66
206016
96
99
121915
99
99
99
330369
99
536439
374131
306160
189170
99
166668
350861
227795
99
99
99
12004
531478
565695
28879
99
144225
6840
99
123659
99
176550
99
16268
33527
99
99
99
68868
287568
113914
136753
1498
99
57043
93170
99
99
1727
187945
99
99
283916
118854
409626
113389
51770
392943
99
99
99
99
35177
99
368523
86971
93371
133790
99
35850
299592
82725
87072
49859
380367
369519
269684
23653
99
452587
65969
99
269650
99
179407
99
136928
99
64222
99
99
104964
66981
138685
132187
99
39878
566921
165702
99
47083
99
73669
99
176678
251714
6875
99
88209
99
136772
99
99
99
99
99
99
429603
67811
70334
99
99
102458
224532
134584
22
46770
99
99
99
99
99
99
99
281007
254227
353080
19176
97
360251
195339
244975
99
113952
99
62840
99
241926
99
99
99
99
13821
69573
11645
99
99
99
99
382402
99
253216
99
99
99
99
99
99
99
104780
99
99
99
99
48541
99
99
117383
99
99
99
337118
182011
414027
99
383081
99
99
161143
76517
99
39515
68397
13579
99
369232
99
301586
87299
339396
99
99
4973
99
99
130348
99
99
99
178552
99
28102
99
99
29178
99
285164
99
18277
99
10714
92700
98
99
99
99
99
121887
99181
313552
99
216629
368864
98
42197
22968
99
99
194414
99
529610
231648
312005
99
99
96
390348
77301
30339
99
173565
99
22564
99
88751
28350
244809
15441
99
28553
272682
206398
99
365183
99
18647
172861
99
233429
62153
99
517508
200779
404875
33062
107710
305023
149559
331010
72232
99
99
3056
99
99
153691
99
237211
512338
20051
109438
19402
25469
724
99
99
99
99
99
82
1807
33832
99
471826
112876
260897
99
99
92326
116224
7989
99
99
99
23604
182885
57454
5135
99
222829
99
99
105764
98
12248
99
49770
97
99
99
12397
500691
99
99
204872
99
193380
93885
75824
6027
99
99
135804
99
99
7129
443488
99
7715
28965
99
99
22855
99
124943
99
99
99
62756
37677
99
99
99
186561
99
22796
11705
352811
99
47981
99
99
62264
4675
99
23921
99
57185
163653
93
99
99
170491
172501
138273
99
285350
111229
99
99
96
121896
75107
32042
99
292603
99
142320
342063
99
99
99
18537
99
99
99
99
342787
118206
99
138286
142762
95069
99
99
99
99
99
99
18260
99
99
99
520031
26625
99
99
99
99
99
193067
99
22533
99
88119
154224
2510
62412
315728
82355
99
161141
99897
99
39689
99
148898
99
53996
99
20167
99
99
560423
99
99
99
309593
295711
219570
66521
99
99
80738
99
248248
99
99
81739
99
279434
90269
99
99
99
99
117809
99
101932
99
12969
99
99
47845
86351
154768
52627
99
61198
99
317405
206666
395447
47066
136703
38012
99
187292
136331
99
99
432290
99
99
95
8963
459530
99
99
99
136533
99
296927
102245
99
99
65379
99
175673
329
105892
99
5226
137751
99
188784
11699
91619
99
99
62501
156465
99
31491
90170
328712
7653
113950
99
440959
441151
314835
33948
14619
99
99
299984
99
99
99
4977
238219
85845
99
95
99
99
99
46248
10945
80722
110983
198661
99
54000
223808
99
436354
99
18003
381263
99
306146
151716
99
68598
233898
93217
332070
99
99
99
99
507580
103713
99
69445
99
126450
99
169961
353963
42072
99
75537
99
99
153633
106554
99
99
184465
99
114149
226886
99
96
99
65824
137705
99
99
104633
262959
99
99
99
95
215789
99
106785
99
99
167190
29819
99
153328
99
99
74195
176579
99
99
9792
99
99
305740
99
45030
260645
327254
25992
225953
381307
99
189037
111580
9599
92921
99
89456
270480
99
39356
99
99
99
99
86970
112039
188427
247745
99
99
99
29256
8263
131297
99
99
328659
99
22605
379029
99
163990
99
78
99
103915
99
577065
420537
99
99
99
363782
127969
99
515961
99
70323
36564
63268
421898
57950
99
99
282868
4029
19186
494416
126113
120867
321361
99
99
99
235987
62195
140198
99
99
99
203462
59535
99
99
225459
99
99
152667
55361
12075
99
99
278923
300333
159154
138259
6764
99
99
99
99
2468
99
99
99
99
43221
99
74966
99
99
99
99
25269
99
99
99
443418
99
359376
88864
45561
99
22344
592808
99
75162
122568
414139
99
99
99
247031
99
12038
99
204311
76113
99
99
99
10320
198019
99
99
99
118628
99
75
99
27576
117761
62806
99
99
191620
234772
302300
148358
98
99
99
99
499101
83254
350283
99
99
99
130069
99
38767
99
185464
99
99
99
99
317221
114663
223961
44794
140035
99
268430
202596
573602
104209
15355
3116
99
99
3797
56949
146668
99
99
33153
99
442024
99
221227
44324
154407
209953
99
109019
99
92
99
99
99
86091
24679
9156
535392
574293
38977
99
275806
97282
99
219711
99
14721
21505
99
99
79002
562962
23935
19540
155905
99
99
315598
17441
99
119881
99
339
99
78587
99
99
488047
99
99
519722
560397
332258
99
35668
99
99
99
351683
99
99
99
5201
99
99
57902
99
99
99
25443
99
102818
99
99865
20594
99
36812
99
99
99
99
99
19945
99
9835
99
8996
147199
39667
41291
68800
99
99
435035
27714
381696
95
473480
28501
99
290750
33809
131296
121250
99
95
80141
99
99
30481
73936
63780
218459
99
99
26197
99
99
69465
30501
99
38790
65841
169461
99
99
367615
99
86741
52367
99
171741
93859
234808
99
99
99
107051
124963
17846
150156
356706
97224
99
2408
99
99
261853
99
99
45729
112605
77949
99
99
99
99
99
168239
10314
290164
99
598618
459501
182205
92336
236836
164167
200658
65787
99
99
219346
99
99
99
99
241867
99
99
99
99
10798
99
21649
99
21194
122004
7641
99
99
99
99
534447
345453
39145
145683
354910
99
99
99
198850
495264
99
291927
242376
164389
99
99
99
8094
250046
171332
99
342390
99
79547
281006
99
10329
114385
99
99
99
99
363831
99
165929
160115
58939
99
99
99
99
99
227981
99
202880
104013
99
12555
547035
510775
78463
99
99
99
99
99
411146
319413
99
99
99
99
99
137563
339754
84961
99
99
43373
484370
9445
186833
99
99
112829
99
48366
214957
99
327657
99
205920
359873
327061
367250
99
99
99
99
78609
99
200155
47584
254482
72593
22860
99
127827
311421
99
308713
41143
99
99
28392
99
99
49356
578703
168867
99
99
99
99
212279
99
141777
153877
174880
49572
99
251805
81087
230047
255464
137567
18233
99
9303
377230
99
99
78101
99
99
68233
121297
272268
416608
99
321464
99
239728
99
76653
99
291859
89
22073
181003
18560
40281
150558
262721
99
11023
212325
99
97127
99
99
99
99
99
86693
158404
113605
99
93474
1039
99
30941
344079
99
99
99
12887
117762
99
99
99
99645
99
99
99
99
1086
99
14811
99
99
111196
99
99
99
123980
324933
4471
99
99
99
99
99
446946
99
35994
313571
39062
309280
174989
99
99
219593
37560
14564
117400
99
242885
85715
62901
99
105368
13918
99
25416
99
99
99
99
99
97
188581
442042
60425
99
99
222537
85887
99
99
99
99
223671
62627
61420
99
469510
99
335379
99
136910
154326
6884
42398
20261
15111
99
99
429668
461130
94059
539220
83264
99
99
99
99
13118
138143
99
25857
99
99
99
187544
99
509128
74597
99
99
99
222032
99
301275
99
182201
99
99
99
58859
347397
99
15356
24036
39608
47829
99
99
165489
99
208883
99
99
99
4696
99
99
99
382422
315777
99
124956
278190
99
35302
334647
99
107185
12730
124649
38007
99
99
175982
524292
166594
122213
99
219863
99
99
99
99
99
137976
102544
112667
318726
2799
99
47005
204303
274771
95
146007
99
99
99
99
59635
99
99
99
174838
99
13478
99
67368
99
93866
222557
99
280001
280188
99
99
42437
99
183413
371533
12154
517925
99
240583
99
99
99
99
99
99
98878
99
39014
99
99
425974
99
99
72097
181056
99
99
12860
99
6876
63432
9028
99
206992
99
99
156716
36046
99
99
99
99
103316
252295
99
99
98
99
99
99
168036
15466
99
135986
99
99
99
99
26535
95
99
95
99
109550
99
99
99
99
36732
99
295016
99
99
99
57942
495851
99
328589
99
99
165223
62880
99
98
24716
17285
459564
52567
97
99
146148
99
429365
373667
281113
99
99
99
164051
99
99
99
29452
99
99
365198
261811
127227
99
172846
40612
99
120526
99
66576
80675
77122
87
199335
76769
316933
99
99
99
99
99
440575
85
99
422627
99
99
99
181314
181808
147587
217555
183753
99
293111
326143
146603
99
98
99
11875
100839
99
99
90345
159198
99
199206
99
149081
99
205624
99
99
290657
99
387617
240745
99
253287
99
4439
99
99
21367
99
16333
99
99
99
541795
99
64584
99
99
99
151765
138888
99
7492
99
99
99
99
172400
28824
114354
99
99
99
99
99
116961
99
99
59837
99
2232
99
299203
4949
11587
80876
397043
99
341385
99
19691
99
99
99
19164
99
99
91
228174
99
99
443204
2340
71433
99
99
284912
99
39076
99
362612
96
242862
99
257780
90
8795
167916
17399
99
932
99
159989
28299
99
99
99
99
23115
99
99
99
226628
47239
98
99
99
99
99
99
76896
99
155711
291973
92577
99
407901
60405
99
98
92803
99
76319
99
63538
1506
99
367629
21151
99
262203
97
99
99
99
99
136344
99
35638
99
99
99
321257
103395
99
321102
3540
99
99
15296
134250
99
99
43613
84516
354420
99
99
36294
108916
484502
99
39040
4933
99
99
23515
99
244996
123508
99
99
41548
153402
99
87372
99
99
253613
23017
99
416015
93841
99
224342
99
59029
99
99
215440
99
6022
332006
99
99
99
54224
344629
230702
321622
99
99
8506
99
392852
56524
136832
2580
99
301394
99
99
98
203128
26849
122034
9127
99
99
99
99
99
427637
275822
99
28254
1444
201048
5817
99
99
125464
99
99
139257
99
401859
309373
37229
95
459571
99
99
155555
4340
58680
28764
186958
88326
99
25798
60204
99
99
466789
99
99
96246
366649
99
98
33180
99
181258
99
114337
99
99
102107
454172
99
159939
99
32975
99
99
61274
220826
32785
50107
99
99
99
99
326825
94624
130820
99
99
68371
99
346687
367700
99
99
99
99
30714
19718
194881
230157
99
99
117469
99
109096
99
155811
99
97765
99
99
335307
205800
99
99
99
99
10450
2590
91171
349891
150870
204173
99
282766
99
99
154169
99
99
145870
99
60237
99
122804
8847
99
99
99
32508
5421
99
99
99
99
157825
93979
41336
99
99
200373
99
99
99
100453
126850
99
99
99
99
99
326790
99
479436
80467
99
2756
99
434848
79376
99
99
99
169742
135928
99
161825
99
99
99
99
99
34344
62328
99
142752
99
99
205969
67652
7602
99
99
99
109609
26816
175448
99
418956
99459
318825
98434
265800
6231
99
42640
99
99
99
95810
110960
99
99
151328
101754
167655
99
4069
99
99
99
23040
16618
99
99
382
9427
99
63542
99
99
87056
99
112169
99
99
99
99
99
24030
99
23756
423273
490186
99
288844
63009
99
99
7643
99
9370
561075
99
479778
41254
12649
132013
213588
99
99
99
161982
99
92401
99
139932
122406
457022
99
427820
99
99
30167
14289
1911
14360
99
99
376375
99
99
8423
266072
99
99
99
99
126596
13798
520519
99
99
99
367134
86584
6838
224388
134827
99
302884
9720
99
24508
218567
99
99
99
87487
377047
23279
215321
99
353410
304594
99
63594
99
118340
236104
219969
47180
172214
99
99
99
99
99
30710
99
20296
99
99
99
99
11279
115153
32223
47128
99
99
99
99
234893
99
99
115925
99
144668
10417
55173
41273
99
99
5784
513308
99
138445
99
58216
268596
99
99
9773
99
85559
134950
98
239897
99
99
119175
109915
41879
86064
95083
99
26364
114159
99
436612
99
18682
25732
99
99
527100
99
99
128862
99
99
99
119516
99
99
153690
99
322721
26309
99
108704
98
320763
23824
99
162248
99
300220
99
1525
99
185131
31170
267939
99
99
99
121270
94891
20973
226875
99
31939
99
99
21570
32401
99
224561
99
37589
99
99
560457
99
319051
513805
101017
99
99
99
99
58396
399735
82386
274305
167803
493575
68
310922
99
99
33999
99
123019
99
99
121647
99
99
99
115682
426428
351501
31117
99
154408
18517
143441
46061
99
99
99
99
129846
99
197377
99
99
138028
325204
99
264751
99
24576
99
218002
14130
220350
140420
180576
99
99
98
145269
288250
475896
53995
99
40284
99
18178
263348
99
185753
99
99
22805
306975
78005
3522
91417
113298
99
37485
99
56257
99
326593
51808
99
99
6875
99
99
1076
374702
99
99
172671
99
99
99
99
99
30185
299783
88456
75168
2138
281154
483314
163081
99
92322
20383
99
296941
235071
283159
99
99
99
125280
46857
99
89049
99
294056
99
99
43766
99
99
99
99
99
99
98012
79538
99
10728
99
239047
66229
11613
99
99
153917
99
31841
99
99
99
99
38744
99
99
99
58502
99
330649
68801
99
12448
99
99
98
99
157238
293218
99
99
99
91788
237197
99
89861
99
487704
99
99
99
99
459867
265203
99
222479
99
99
99
371456
38832
211880
99
99
272562
99
99
25014
99
99
99
28370
99
99
99
99
9253
99
99
101360
383906
99
99
99
410071
44763
99
1587
12107
343215
99
99
99
2134
103699
159402
67602
19616
13633
158466
75058
99
99
18737
99
305066
99
459352
99
214648
112431
99
185073
99
110587
90
176842
99
143983
99
99
65537
96836
195237
76842
90056
386094
117443
59788
99
49887
135018
99
36594
348367
525345
382860
99
99
99
98
99
99
234349
36302
99
99
2935
98920
99
99
99
99
99
134762
99
18915
99
225851
190683
45960
56337
99
99
147304
470701
67346
99
99
99
99
178975
228034
99
75682
57993
99
259716
99
99
100657
336011
99
99
99
99
99
99
7645
496773
99
270736
150347
364389
99
1442
108701
99
109738
102966
99
96
99
263265
99
99
99
99
4298
299389
139221
387888
99
99
107375
99
12254
198878
99
176483
99
76674
57517
99
99
99
99
44160
152352
26986
99
99
99
67683
99
99
99
90977
107528
99
137076
542927
280009
99
18272
99
158311
99
147629
99
39857
57950
453425
309563
99
99
45482
100022
157153
99
354183
99
44817
364936
99
97
529543
99
99
99
21305
6106
102060
99
99
99
99
99
83694
99
99
120972
99
3007
3839
99
99
3462
99
92366
57724
99
99
99
99
12547
99
24453
99
99
99
12850
313505
150282
99
99
99
297483
136818
99
99
114491
99
99
99
146158
99
99
99
76116
99762
285912
99
75423
99
68624
76764
228847
27024
99
10694
99
90717
18582
375878
6869
243871
99
99
82603
99
64216
99
99
160990
264660
99
99
99
29053
99
173117
99
71543
99
151552
99
99
157101
99
185848
99
406305
42989
38312
185737
181159
242350
31892
99
99
99
99
99
341137
115753
99
99
1503
351656
99
99
377792
33254
99
99
132594
146378
64723
99
95382
322666
49060
296843
99
99
99
59463
99
99
194768
99
99
147761
99
99
99
119810
23071
283927
150421
99
99
99
33778
60097
111678
101104
99
99
184460
116611
99
128513
398361
23737
99
99
337535
99
99
8789
99
251168
1457
93531
99
21718
99
3303
99
93116
10549
14934
99
99
15498
43726
255103
24205
282112
356411
304149
156214
99
99
309040
99
9807
166820
80543
99
5168
99
18846
99
98
138178
147197
99
99
443558
257616
11568
124829
327430
3436
423517
99
99
99
99
25899
99
53827
85924
99
99
99
99
99
91483
99
99
74043
99
1308
292694
331798
99
471304
99
97399
61499
213564
99
90748
99
92423
21167
99
99
35325
99
150554
99
272473
53570
16180
99
99
99
3962
99
99
131760
86457
99
99
1294
99
108961
99
99
99
422832
339339
99
99
132915
169605
99
30663
99
99
23088
423236
99
15611
99
7450
99
99
99
471599
527479
607426
420501
99
89091
99
99
11496
59018
114483
16033
23113
99
278829
99
99
53117
99
99
99
99
99
99
119547
99
99
41800
6299
47111
99
345301
99
32423
258020
99
99
99
24889
125140
99
99
797
99
228000
99
509546
25837
233949
99
99
270552
90468
255375
87478
208465
99
43722
99
99
99
363107
129111
99
99
7400
46730
99
70703
244434
99
99
200361
223678
99
168600
99
272512
334811
99
6373
341091
98
163089
99
151760
46486
99
99
460630
99
99
169979
99
99
119902
128050
99
76201
16362
41699
99
415250
213108
99
169818
99
307568
70604
132181
16923
99
214477
296273
53279
99
134962
97427
99
99
297138
99
46106
99
99
99
99
95
99
99
32256
180322
99
109087
99
50536
30599
419067
11481
99
1779
283661
99
533583
90699
99
331745
428123
99
99
99
45300
14285
60461
483951
99
99
99
283064
99
99
99
292879
99
9092
36
43553
99
98
99
99
11024
316097
99
34219
99
363041
22097
99
18134
99
84079
99
99
99
99
146407
99
99
58425
99
191712
298136
99
123571
33379
99
329915
3317
133719
236772
99
98
99
99
157284
99
99
70957
99
98
99
99
99
99
99
99
99
99
286271
64315
67981
260638
99
99
173606
343638
498664
505477
169909
8278
484093
383657
99
99
28393
126394
99
32110
99
168019
94033
85
231973
19185
99
70669
279167
18618
178146
99
267762
99
155009
217321
104157
26222
2637
99
99
132562
328309
325625
32218
99
96437
122160
99
40867
99
210559
99
239127
99
99
113233
99
99
149532
99
120249
56512
18890
410113
295072
78542
99
99
57221
99
242404
99
52723
19679
58
21887
172470
142726
120202
109311
432776
352078
63858
24772
169276
99
85047
99
99
335034
99
99
327469
290770
48745
99
35595
99
99
45870
99
99
138292
336449
385556
139238
99
98
99
325221
99
96
541746
151263
99
99
105002
99
98
41825
99
403927
99
151266
172499
93
391636
99
99
11944
124598
99
29724
99
40704
99
3520
23097
99
99
95
99
108266
246577
99
99
99
111151
325697
99
99
99
38308
99
122679
79272
99
226019
98
210955
99
99
15873
99
99
99
101842
194871
31735
48524
9431
10664
6195
175951
85700
99
99
66341
99
85079
60357
122399
181104
99
99
99
200546
99
145165
95
99
222974
99
98
471296
99
99
44805
354829
83789
99
99
102992
99
99
99
248697
96072
99
99
78759
99
99
547083
99
400448
99
166258
99
285566
104797
99
60756
25994
116518
99
99
99
28544
246489
99
367228
99
118535
99
36874
99
99
99
99
99
99
64132
99
152877
19635
157317
99
96
99
99
274929
38006
99
43500
99
99
29753
589692
99
15632
97
159385
374306
99
99
137705
315356
98
99
99
105745
16570
102863
99
99
99
99
99
250169
235811
99
245242
431626
180566
92899
304617
99
35582
114282
36113
136706
80245
99
82416
180666
180499
145370
161318
66053
99
99
42011
262555
320194
19874
99
495183
438753
267179
99
440960
99
70702
99
99
99
99
8503
99
99
99
357518
99
65
430401
99
99
97
45808
99
99
316611
189322
99
139857
11237
174449
398314
151571
99
71106
67010
99
206711
348832
99
226339
150430
99
602538
152798
318698
345176
99
99
50643
99
71978
459613
99
394942
99
15060
143552
35338
99
99
99
15283
453347
71356
99
63128
99
192659
1339
99
178272
93882
99
99
54472
291328
166410
99
109497
191612
99
99
128425
99
99
95
1361
233248
99
99
99
86959
36459
99
99
51138
99
99
99
55351
13594
229927
69824
99
441041
244774
99
96616
203079
99
31825
10190
99
431039
52041
99
133516
555837
197717
99
63395
99
103075
107778
91418
99
98
99
99
13774
82962
54759
99
99
378157
106369
99
28545
254345
99
196937
99
471187
60260
99
26175
66176
98
99
99
575
99
409771
99
99
141147
99
146985
99
21903
15274
232282
99
51848
99
43287
229476
99
99
99
161468
99
273729
293157
99
24344
302408
171868
99
202834
99
99
99
99
99
99
83141
328176
99
99
99
99
15717
215741
158457
328665
80292
37313
99
428922
99
25433
454361
118175
99
99
98
99
14634
99
99
99
97118
99
33363
6724
99
31832
356439
99
146379
99
99
40509
99
425842
57851
99
99
99
99
99
99
357269
104154
99
26969
99
299020
170052
9366
99
99
450569
99
219730
99
97
108427
248324
99
99
4172
99
99
245956
11547
99
66708
26959
312670
99
147507
99
99
86620
6292
13347
20264
425769
164088
92364
122397
99
216620
478465
99
192346
99
462149
5235
99
99
99
430322
277962
114263
99
99
99
196340
24367
130074
99
24799
334105
99
99
99
456955
344383
362973
99
99
99
99
99
50958
99
99
410733
91126
90808
81249
198571
229350
409142
75596
21731
99
119052
139363
99
167943
99
72695
201281
357347
266586
148082
38778
99
99
99
99
99
22885
99
142259
166958
99
97121
299676
99
78810
99
112829
476293
87885
77434
28716
73782
99
181831
40222
198691
60139
99
189628
99
54634
99
144262
380343
99
56647
29996
18111
99
99
99
99
99
12986
61932
99
155
99
141391
99
424500
99
519453
43133
99
34478
244685
196809
378141
99
46343
99
200536
99
99
277565
135036
49679
161331
17237
98
133555
4844
449540
99
363095
99
309853
10054
99
99
194364
451091
62934
99
99
45876
316440
99
99
66900
99
99
99
294020
5195
99
176030
66810
64209
72
99
99
99
99
99
145162
188224
99
13130
99
163927
99
84194
61090
169648
15891
213059
99
99
340266
5383
24022
99
99
383564
40519
99
7958
130637
9600
11276
99
61924
227086
2559
374448
99
99
99
2811
179927
99
28079
99
91
99
99
119043
349791
15515
15393
99
99
98
99
219340
99
99
42974
223650
7930
99
99
60
337078
99
99
99
9863
3367
99
99
51097
99
99
99
182231
99
99
99
4388
144761
99
98
99
278759
21303
172343
99
76147
353451
3895
326679
442491
23724
99
99
99
99
99
99
271759
214854
198
175009
4087
80718
166766
251435
330980
99
99
150855
99
534527
99
99
7590
99
99
98
99
99
99
99
99
123126
218124
392857
99
99
99
249941
121525
14554
99
99
99
99
99
99
99
125560
99
42864
405348
49990
89130
236948
99
167982
411243
33676
99
99
58012
99
50387
288951
1626
99
76116
99
99
99
99
99
93
522977
99
98
99
99
253723
134977
99
193485
99
2662
13899
9943
335598
232630
159116
99
265405
99
99
99
2807
1262
281181
324053
197725
47253
115410
99
99
99
99
99
99
99
150760
104253
99
238802
99
99
99
99
36076
64146
15008
354584
99
99
249083
99
18988
34400
13514
99
99
99
99
76729
99
99
99
33919
99
1716
98
278705
19812
180274
114111
125045
392863
171931
99
220736
137315
99
99
99
99
99
99
99
67794
99
99
51734
99
99
106968
73396
99
100322
355455
14858
443978
58961
238496
306647
107230
312869
159743
3079
99
158227
73993
99
99
62475
98
267591
99
132898
283955
127740
53320
63490
105603
99
62492
273681
59383
47558
94506
99
99
99
99
109508
99
93
506614
522089
99
99
99
14300
465
503815
99
99
99
99
99
472303
100196
73001
99
99
149803
44227
11
99
20204
99
99
384370
99
99
99
99
263439
99
99
81721
190940
99
3262
148702
33734
99
99
99
99
117041
16780
99
99
142663
15530
135877
313023
86171
112803
99
62570
99
213390
246415
99
99
99
99
258730
99
99
99
46000
99
98
99
369456
9761
99
99
99
99
99
99
165534
144515
99
86489
99
99
23722
1774
99
186720
125704
98
99
99
8684
51203
125540
113236
99
99
99
99
99
99
68478
99
99
99
126498
80472
99
34946
332421
133382
99
99
64594
99
98256
99
35767
459449
280474
21206
99
10252
99
35809
1011
102452
99
62802
99
202947
501429
60371
99
99
99
59472
18155
99
99
99
99
297349
202428
99
99
342413
99
472647
290370
99
99
99
186253
99
99
257654
99
99
158963
26100
103784
48596
99
99
99
227300
133313
99
22860
99
99
99
99
301651
464871
99
99
99
38815
99
223515
94
6992
159912
207916
457031
99
146803
49220
194833
99
148458
99
142825
99
99
99
99
99
99
85120
514996
99
99
118234
99
99
14302
462539
153166
149108
99
99
99
99
99
188401
99
99
99
99
230026
99
151994
31077
99
99
64495
99
149845
9511
99
99
322224
166170
536747
124720
116851
493873
99
248013
99
197578
118475
99
219504
99
99
99
67462
99
99
91085
86364
99
99
63950
99
99
99
99
99
415243
99
99
51669
99
99
329109
99
292184
23414
196362
99
99
310606
416269
113649
340715
103781
390044
78890
99
9359
98
450672
99
54862
1306
99
32047
166792
99
99
99
99
95
99
99
99
315263
99
22834
99
99
99
99
55887
99
108558
99
230955
98488
99
64093
99
99
99
99
76570
449908
99
99
99
99
67052
105782
99
99
99
99
35438
14282
99
99
7739
225286
403580
99
99
87012
99
99
99
99
355090
182131
99
99
71618
99
74626
99
99
69138
47137
203304
99
99
435477
55196
522221
99
99
330347
99
407173
194335
142709
307699
190999
113114
122242
34144
40454
446516
94
99
99
99
99
214056
264707
4497
42822
30641
306347
99
120785
365819
25926
99
208390
99
99
99
99
206745
549320
7384
194076
144979
186800
451344
106074
73646
99
100121
120003
99
246147
17375
46720
205927
99
27390
99
99
99
38370
136428
36545
11873
49571
99
84846
89670
101980
99
99
53993
1093
190413
99
99
99
99
97
99
99
216777
99
99
99
99
337569
99
4398
188088
99
112123
99
65725
99
280104
3542
276305
221026
99
14018
99
156880
99
99
78701
99
249426
99
99
99
99
99
6581
235489
155592
99
99
177102
99
99
11246
396764
99
99
99
440451
99
143107
99
97520
99
99
99
99
4458
99
99
19756
36781
28348
99
3612
140673
99
99
99
99
259810
97
165599
99
99
99
524142
157705
99
99
201551
47938
99
160650
99
99
152308
99
358358
93
99
99
53969
320602
259709
104369
64511
99
299012
99
99
99
276164
99
184685
159562
54851
99
20233
99
94
44621
10485
85678
99
99
99
99
99
99
47300
4785
99
99
99
99
134572
306927
46201
257050
99
99
191085
100713
47506
99
99
97
217996
96
99
326298
26499
157266
99
712
32815
351
99
99
99
77811
99
201827
4276
181703
99
354270
99
24069
180547
99
99
99
99
299083
184908
98204
416402
79109
99
99
99
99
99
99
403505
384358
177662
368508
354215
280254
99
99
383913
99
166920
99
99
505845
99
99
220421
99
99
34835
170432
38363
99
107676
190040
99
308436
99
99
99
8856
99
509
99
99
259444
95
10031
99
99
196013
99
99
208192
99
99
320965
335155
99
5286
158048
99
15279
428176
20938
99
63831
99
481442
259657
99
144794
99
74563
99
41148
14652
370388
99
185146
99
99
91108
30624
99
13958
20055
71549
333613
381365
139357
468540
286752
84817
99
99
99
187
91399
99
99
99
99
99
12220
99
285713
99
33913
99
99
99
140342
99
504236
172604
34254
99
273771
99
94768
99
256608
99
89970
129141
99
579772
305619
13233
56504
22068
99
99
99
116483
99
99
38027
99
87590
89318
99
99
99
99
417571
95645
87646
99
405900
99
99
181892
38189
99
99
25245
99
313590
99
72879
99
254040
307719
99
14727
189472
94
99
171592
99
99
99
160691
103014
18028
99
242823
76998
99
99
99
3125
145700
99
9214
99
99
17218
35392
99
99
155352
99
462192
99
99
99
99
99
31335
37565
99
99
99
179366
99
155698
158705
99
99
99
91903
45063
86284
98
99
36894
99
98052
99
99
275160
99
99
99
99
99
99
148379
99
99
233803
54828
131008
232371
14190
99
99
99
99
270905
91437
113550
481086
231750
99
99
99
99
122374
405341
90371
99
163526
382859
99
99
99
152277
99
24230
99
99
21659
27701
305943
102874
38287
86549
31416
224037
72
61035
20733
99
222957
99
90624
96
342416
427852
78695
20541
124450
99
225637
274548
99
99
99
99
99
17705
99
99
99
11279
42227
99
86387
99
29661
99
99
99
197160
99
99
99
81
99
99
329527
347919
153036
273806
99
99
242610
99
99
99
99
345605
77589
30540
248242
91
99
99
127986
4034
172426
99
159479
122734
106355
99
99
99
56335
99
99
99
103915
99
101177
99
145509
73910
233451
99
8514
99
99
99
99
145901
21336
99
143578
316566
50997
24712
200140
99
99
138447
13878
99
99
99
305162
209377
378627
99
99
99
275045
75775
5078
99
99
114133
21362
188654
89809
99
99
99
99
42497
12235
99
329589
59650
99
99
25768
57332
99
522
579042
150945
99
99
75312
12180
99
99
99
112866
99
99
125469
323144
130678
68
99
119668
99
99
18969
99
99
99
99
93877
300642
98640
284123
43404
99
99
189849
99
384981
36742
16974
99
99
99
99
339073
42332
99
99
99
99
121900
226660
99
99
99
279263
99
99
99
99
149232
162635
99
266738
456161
68718
99
154170
393801
99
99
19115
351568
3843
99
89207
348036
99
18870
99
99
212307
254054
121909
99
99
460721
338803
312445
473312
99
36638
455955
99
278259
194296
99
55821
295643
10210
101284
99
99
99
99
424
11706
99
99
194953
291212
99
202993
99
292061
99
46659
83698
99
99
29972
99
99
121414
183969
349876
30402
335563
28801
98
99
74581
99
408
319290
79350
229808
99
99
99
49582
153697
285421
386421
37666
266255
99
390803
91
99
171732
172046
99
99
173419
5790
96
99
61457
99
99
175043
99
425810
99
91755
65496
99
116650
99
99
99
99
99
134585
99
99
60679
18486
280367
99
79843
99
513979
99
52711
53048
99
3559
99
99
295148
122614
95
56080
99
99
231584
99
99
99
99
99
99
68583
305431
99
99
280771
17451
99
82548
99
63601
99
198994
38070
152056
99
99
99
163894
16331
99
99
135925
54572
99
9686
392245
223691
99
99
99
128502
43503
99
99
99
18596
176572
99
65493
17758
99
99
99
112929
371862
99
99
9917
99
14433
99
280237
710
66204
553721
427953
99
227470
99
67765
99
52715
99
99
175601
205203
96268
99
9707
176215
99
299517
99
99
8792
15306
87291
99
99
8120
263470
97424
99
367566
99
157108
99
99
99
188379
99
99
247981
103778
222022
99
99
99
276824
98
99
99
99
99
15725
99
99
60404
160267
396933
114399
99
239450
99
99
99
99
360238
106180
134045
254861
99
234627
99
99
99
174652
99
99
99
99
99
99
99
99
99
99
99
99
272180
99
99
99
282229
25461
99
99
444025
99
53708
21425
97
48206
266150
123991
246139
99
99
160991
99
192914
97811
99
192915
99
199294
99
53058
18044
279115
19215
99
99
99
104824
102021
318602
99
99
99
99
99
99
99
159889
99
43791
99
10809
99
99
99
99
163852
157414
391662
106980
228499
125703
122782
99
99
99
7406
129865
249338
99
99
99
82863
80837
322660
18194
99
19498
99
20952
259721
99
218378
97
99
15119
99
15080
160076
99
99
17417
99
99
99
194069
45137
99
99
157607
99
99
61734
99
120580
99
233604
157719
187496
99
310510
99
99
404433
99
99
7629
115222
61198
25717
179989
99
637
99
61895
37061
99
10364
10764
98
99
99
1147
99
99
99
2193
51102
99
258360
99
99
27201
99
99
139474
99
47151
498312
99
99
131701
99
158740
99
99
466828
163033
59335
99
99
98
99
99
238117
20059
99
99
99
236115
99
146855
99
413664
99
99
296773
99
99
99
248425
99
435377
99
99
30475
99
99
99
99
99
99
99
324251
58734
99
189462
30935
98
132353
99
225868
179730
74524
99
124974
99
100816
99
330550
99
99
95457
342578
182685
99
10163
99
99
127195
99
99
99
99
571131
1315
142009
99
11996
99
132733
99
2441
206731
99
131121
99
99
99
94006
264721
416039
99
236480
187329
47068
76211
48599
99
78
99
284207
99
99
95779
68123
99
99
566201
67441
6700
99
99
99
99
489821
63512
99
226987
99
99
99
302510
99
111648
99
200207
99
99
114308
39460
99
72361
99
164295
254844
99
5283
99
99
398567
33036
336358
50596
99
34441
99
99
151734
57940
314073
22653
99
108096
99
99
138747
99
99
99
37671
99
99
99
2416
99
99
99
16699
99
44240
83866
142213
99
99
70079
99
99
99
199512
29380
99
84045
99
39727
99
55200
99
485418
238304
99
99
99
99
99
99
99
146329
99
407509
27515
84082
356058
240595
133795
40208
152983
99
99
181010
99
99
479842
99
437801
222190
207943
336711
189624
99
250411
251511
44142
62405
306044
268779
99
114032
198144
39404
99
99
8460
36297
99
99
227069
99
99
3333
99
85261
2265
323000
99
21365
219462
99
358850
99
9444
24852
75480
99
99
341435
325147
49622
99
99
14787
99
197279
74635
472250
89473
99
407470
430980
113860
99
99
99
538220
76499
99
99
35435
99
7516
99
4366
99
99
85273
99
373467
99
95757
99
99
99
27136
99
99
30991
80513
324397
119553
99
197627
99
294
99
150205
125570
99
99
99
97029
99
82837
99
99
60452
99
99
318274
99
21190
99
11799
99
99
148149
99
99
50467
99
99
99
99
99
99
99
15048
20142
24558
99
55695
99
99
99
134583
28064
13216
99
99
97
99
162280
99
99
99
99
97829
46182
110610
99
99
99
275146
99
22556
82307
99
99
99
99
99
50655
87153
99
99
356127
7309
83
99
99
8529
166559
128861
28387
99
99
99
219033
99
99
99
99
99
99
483
99
118318
4149
529584
99
62908
97634
99
448662
99
99
99
241128
426287
99
78540
23481
47900
157965
91
131736
98
208490
99
137994
99
197177
99
19250
99
65771
98
99
154985
99
99
296997
107421
115315
19079
99
94
99
99
99
967
99
12120
32700
7586
206264
99
99
99
33703
123206
16400
99
93290
99
99
156186
307670
369002
95998
99
3557
441482
8427
99
51025
130547
83083
42444
99
99
411664
50467
99
99
431768
204366
99
141701
99
63441
16408
99
99
99
25128
117184
99
99
96305
3010
