99
99
99
99
99
56645
99
202013
99
99
134091
99
99
125009
99
359500
30151
99
99
99
19983
406738
99
43828
99
97
99
6557
99
99
99
459360
479269
87861
99
97
99
99
7244
99
99
99
83260
5958
99
99
99
177593
99
507641
99
5025
99
6450
99
99
325929
99
110646
35709
99
121088
98
14290
99
99
99
335087
4444
438507
97
227936
37974
292938
99
99
99
99
99
402387
127475
99
99
99
99
6775
100242
99
198602
99
24950
11417
99
99
59113
99
17401
99
99
47818
53092
99
110168
99
99
99
122949
136368
18869
99
99
231427
99
265443
99
65381
99
13208
99
99
98
85374
99
99
99
79058
156220
99
99
96
99
41734
2214
385896
99
68925
176765
6690
99
10907
141208
99
227182
81010
99
99
97
99
50640
99
99
99
99
99
99
99
3159
99
99
137735
96
109067
281848
10050
56735
472629
226368
99
99
99
99
99
99
99
72344
99
40838
37753
123032
313124
213837
99
99
10785
99
217639
99
520611
99
26586
143437
99
227989
60762
502633
23987
131340
99
99
238129
350611
147846
99
134309
3867
99
99
157599
30124
99
99
99
99
99
99
41648
25571
99
99
121981
104786
42980
99
99
99
155681
249005
157694
99
126585
99
357161
99
99
371082
99
99
65774
241439
433790
99
52053
99
64508
165541
99
99
322501
99
99
186181
51955
22874
99
99
36503
116657
99
99
99
13328
99
188025
349730
99
70194
99
99
44725
99
99
7398
151955
99
99
99
37398
99
99
168063
99
399928
110992
99
99
305048
99
99
128691
96437
99
49828
331946
203308
98
99
43267
460112
66779
99
13733
24100
99
130925
99
99
99
99
43193
287489
99
148741
99
155
99
99
99
99
97272
97706
99
144890
99
99
99
99
199665
99
13052
103768
99
29235
99
295030
204525
122047
246798
99
136854
99
133226
13291
19659
99
99
417671
253776
99
208913
12059
99
3048
99
208341
99
4600
204423
99
435071
99
137231
250284
64316
454834
482762
341130
99
99
99
99
145733
99
275
373138
32210
99
99
37824
252531
99
99
99
99
95524
99
99
173675
99
99
98
99
150461
99
78241
99
99
117617
87104
112253
16936
391184
320659
110211
99
99
99
60700
574014
98
99
99
99
51190
99
443889
99
99
15959
108235
111274
49130
99
99
49805
99
328017
474442
99
210284
99
99
65040
99
99
350399
401771
99
68537
99
99
4333
99
99
99
99
99
99
99
99
99
99
99
26262
99
99
143614
71006
251466
99
1655
99
99
99
99
186948
200923
99
99
99
99
366783
317488
354115
265800
99
40570
512523
62920
99
485470
141458
99
3868
99254
99
84244
471577
108825
174532
437943
99
378182
189584
5688
18162
99
99
99
99
99
133263
99
155588
99
99
99
99
99
196443
13040
99
99
99
95994
99
99
99
99
99
146477
62357
99
685
99
281208
342900
99
99
109059
153451
48172
84697
386835
40747
76
368552
99
245353
99
158796
99
1635
4213
99
113158
43049
740
90710
235795
93781
99
87383
73870
99
8901
99
99
116244
102652
35275
314134
99
187739
99
99
99
99
99
372307
349451
82830
99
99
90915
99
99
99
141311
99
99
99
99
99
115214
16657
99
99
99
99
99
62132
77212
99
241923
7692
407848
55877
99
99
98
295096
99
99
22935
99
99
99
99
378434
99
99
99
22520
99
99
282778
99
132554
163028
99
38286
108546
97
24359
70270
115756
99
99
99
99
19875
204970
109451
18588
99
102184
10664
99
19949
99
170479
92777
4104
100759
8170
99
99
341974
99
99
99
1650
99
460100
168207
155146
99
99
160356
99648
99
514582
115965
99
99
215993
5397
218352
99
29412
129305
99
103877
99
99
99
48789
99
99
480102
81608
108716
99
548471
99
277538
54995
297022
99
99
250459
453244
99
99
99
99
99
409626
13775
99
99
248604
4761
99
99
123802
46676
99
112709
145053
99
572642
99
206069
401269
405202
302663
225838
99
5920
99
99
68885
99
480088
121522
112326
175713
99
99
99
192365
99
99
60498
69158
99
9817
99
99
99
99
97
99
26437
99
98
99
99
237533
99
139287
99
298762
257181
94
99
99
99
403049
80958
230606
99
297919
338638
99
34296
3309
99
99
161261
99
19306
99
549770
258895
99
300476
516495
135494
99
99
410887
12090
99
99
90781
52552
99
99
99
97
99
4641
99
472325
71008
210790
186862
186001
99
99
183728
99
99
99
236386
99
507979
99
99
217211
11623
99
80686
99
99
99
36194
6085
85396
144517
99
7479
9877
31413
305021
117903
99
322119
99
45639
43895
16130
99
71706
172409
51988
31893
69446
99
136148
99
99
99
9851
99
177744
344025
132696
99
99
99
99
6384
99
99
99
189791
529262
99
10044
99
233004
99
173044
54366
384323
99
98
382779
5702
27306
12559
99
99
263658
80060
99
143672
250015
51265
99
174395
322571
99
379091
99
248948
99
146799
99
99
355032
36288
99
15115
99
416921
431891
99
103679
99
103533
99
282602
99
99
172248
99
141250
170696
325668
99
25821
99
99
99
99
62202
201241
33727
99
99
99
99
152286
114482
107942
100309
211638
99
1463
77768
44665
99
223070
445452
99
71594
99
72981
18053
99
553274
99
52266
99
8743
31572
99
99
99
99
99
431856
326960
120435
99
18820
306132
99
134328
99
99
99
99
4374
144629
103353
436616
99
99
99
55096
148754
183047
99
109306
99
99
99
520415
99
54827
99
99
134108
99
70034
99
99
99
99
99
284727
99
99
99
25842
20859
11702
99
99
529693
99
19564
99
99
99
99
121688
112239
99
99
99
145919
99
99
131360
168385
6477
20117
21234
99
99
226913
99
278706
174012
361649
99
143800
239229
197831
99
99
254821
99
165337
217451
99
99
110012
50985
99
99
75967
99
95
31556
99
43710
323106
99
99
1187
124441
99
19524
366167
99
250366
99
108110
229883
99
79708
375662
161042
362375
161095
99
99
99
99
99
14184
110869
292089
99
99
99
49532
451033
99
177723
99
39200
99
99
191848
99
70963
99
99
99
99
99
20339
99
18454
163892
99
26892
99
99
139724
80498
213377
99
99
75944
99
491915
365269
99
332534
196659
119714
258189
99
698
92053
12210
99
15
392
90349
99
26857
27968
243556
128139
99
35122
99
265555
99
99
333042
455537
99
127529
99
99
180586
171324
99
97
99
104946
99
271756
346048
70501
99
99
99
315766
99
498
96
107325
36710
99
3270
99
143933
288866
183706
100197
99
99
24791
99
99
99
116763
99
210577
99
230598
99
47957
320541
15558
312106
41053
3535
99
104280
104697
184579
50804
99
100903
206771
99
143187
99
99
99
99
56934
99
127225
99
99
99
4329
99
735
126409
208788
137012
99
99
150277
141477
99
82264
99
244272
99
654
99
26192
262222
99
196973
99
99
99
329714
99
99
99
99
99
99
99
19125
297212
99
110834
99
353337
99
99
101030
81284
50301
99
99
415855
46813
132810
97
43584
167895
99
6576
99
99
99
39603
251385
99
8618
105572
99
99
99
99
99
99
99
68476
57883
99
99
132851
99
99
250162
12301
99
482469
121824
360820
458547
99
99
99
54238
259623
99
99
99
99
22317
8025
99
99
99
82693
99
6034
99
99
99
8015
99
478828
138482
99
14566
207318
92525
99
58057
99
99
121569
83232
99
28888
178681
266661
99
99
47433
99
99
99
99
94954
99
35603
99
343576
99
99
197556
99
315499
453998
19107
98
315141
199920
146851
397940
95
436912
227564
99
116252
379157
110901
99
99
230226
99
154214
99
99
99
42555
475619
95482
99
99
99
99
99
30937
99
209523
91425
33125
78932
564096
197876
138145
50266
14708
99
99
409829
423818
99
99
72113
140275
99
81290
99
99
99
117986
99
99
12567
99
136151
99
99
405215
99
94684
90042
99
256871
99
99
70386
99
99
255332
130004
99
99
99
99
99
99
584853
99
99
99
198066
99
99
228506
99
476274
147594
99
293166
90443
86535
99
13927
145182
99
88605
541986
166285
99
106787
99
99
323268
411281
99
99
85566
327573
99
217433
99
99
98
99
99
99
99
99
99
99
545827
134065
99
1221
285093
21056
99
99
99
99
341520
99
99
99
131464
286770
99
99
99
99
54996
40324
99
65791
99
99
96177
99
99
493733
243801
390545
99
235626
99
109046
99
6143
20153
85343
99
524743
489368
54193
99
99
135853
525479
15953
99
65472
22533
78026
99
458223
101078
97
99
99
42166
8162
34249
423464
13936
99
47307
9398
99
99
99
99
56958
473771
301434
493327
99
29001
421169
28514
304435
809
99
99
236068
35848
214806
99
99
99
54156
183207
25313
99
509045
284327
99
99
295700
51833
90061
99
142947
79971
287271
312375
100397
320505
346156
99
99
99
70632
99
99
99
115082
154448
41798
543130
252072
99
99
24929
99
99
99
99
98
99
4489
238503
99
99
99
99
297
153515
99
99
353579
272452
99
206354
18861
60088
42036
99
73842
96
99
99
35883
203498
162588
41235
99
90394
99
87963
99
219846
99
359714
99
19947
155531
319353
95268
2875
99
412466
197000
99
37835
99
99
99
222431
99
139337
33157
207774
99
13489
362962
144468
4133
99
99
130361
99
99
523645
99
76533
99
493440
99
99
99
99
71497
61749
99
228040
155674
133786
94547
99
99
488450
115210
84015
99
99
55907
99
99
99
273864
3236
99
29547
175832
99
99
99
32694
97
148311
99
166405
108170
99
325572
99
99
199737
60602
99
99
99
99
197012
99
175503
99
20552
99
356976
99
99
99
24136
99
328250
99
137071
99
99
99
99
203690
99
99
99
13716
99
99
183036
39068
99
99
108927
95936
99
375202
61257
186583
99
99
254580
99
8932
330862
459321
15095
231512
99
208160
99
99
99
86135
99
220267
61784
99
2885
99
36207
99
99
381626
299887
99
99
91061
41388
99
236
99
78500
265134
46400
99
99
81
99
99
99
320651
99
11365
99
99
46009
99
432640
99
492770
124988
99
99
17577
99
99
99
42599
99
99
296413
21123
277355
355033
389754
99
223744
504580
99
99
99
99
99
23571
48871
33331
52590
99
24606
126743
26427
99
69695
99
75
99
99
65741
99
99
119079
484487
422001
42637
99
99
333192
136170
99
2251
58263
99
284451
99
51383
264816
95
60444
99
280955
99
70022
98
57046
57260
99
97
99
2633
54635
8762
99
99
99
99
99
317007
99
242231
99
149758
99
134581
99
99
30891
99
203887
274859
396739
59275
99
99
99
244883
99
99
99
99
99
85025
99
99
173041
398343
64530
495831
99
99
99
99
99
90
117609
24291
99
101309
257173
99
63689
16010
278239
99
211968
391478
99
94
74126
340946
67117
99
123101
99
99
99
99
99
58778
9970
99
47878
90515
403671
99
389929
99
131126
99
99
99
96
99
99
99
99
83811
99
99
99
476489
99
118747
277079
78304
67069
67822
164778
99
99
116025
94
3646
64351
99
99
2957
123690
99
99
9715
99
1024
38404
99
354753
99
146029
99
99
99
97
99
183558
222562
281371
49171
399287
38884
99
175920
37533
70191
3846
99
99
18657
99
84525
255359
65324
5875
191979
291919
216004
99
99
99
99
99
210983
99
158336
99028
200401
99
7400
219945
5709
245078
372376
69376
99
106214
99
272167
135991
48359
318256
99
98
37781
99
30498
99
99
99
365485
99
73647
210840
81420
99
168303
353488
3570
99
6302
50719
8315
315781
2267
99
99
99
457662
26032
99
29632
99
236357
99
99
255685
372114
8483
52051
315315
108611
99
99
99
99
99
99
371950
370949
99
99
99
99
99
244301
99
99
99
99
99
99
99
99
316658
99
83232
144031
246087
99
124846
243545
192662
99
91917
94
99
207487
55279
99
99
160716
99
99
99
256508
99
99
20933
99
99
11097
25732
263995
99
241757
99
42767
99
216173
99
99
5224
99
301683
99
190222
84040
1365
391112
127770
99
99
99
99
18361
99
57368
46852
234340
99
99
99
370759
99
99
439926
193213
99
123599
99
3947
99
93386
231539
99
48387
99
576606
99
99
99
159443
159913
96445
99
99
83425
394737
304233
3761
168339
329684
99
401217
28102
99
99
246078
67337
99
99
99
99
443860
99
238976
204290
202510
157673
139832
99
99
191665
83317
166775
13316
99
99
99
99
157106
183938
99
340131
146619
191965
329929
455927
99
139436
99
295553
99
78526
205583
85778
99
355857
99
99
99
219898
99
99
40036
414829
64178
287378
99
99
99
17694
431091
99
99
17105
15187
229253
61919
99
99
99
99
99
99
156815
99
231843
99
99
99
99
125485
99
100062
23369
99
99
99
223027
49777
3668
5940
187406
112385
167919
187868
59704
99
296567
199046
99
99
99
99
74017
171927
99
129367
20487
99
226823
4335
73041
83360
142262
99
99
99
305319
74985
53939
99
99
57146
179382
99
131460
99
36585
99
99
99
196063
99
99
99
29799
21249
99
192412
214027
12241
127768
99
216651
338598
28744
337219
99
391294
317268
116853
99
65063
37081
99
96
344374
303929
99
99
99
403315
99242
99
99
38551
2039
15081
99
71329
99
99
58189
164357
99
9547
99
99
99
99
99
28814
99
13650
18763
99
99
314714
307981
99
99
99
205316
99
99
99
98
99
99
173110
51379
99
99
99
99
68350
99
34778
214321
99
85029
6550
284457
99
99
12369
99
70405
99
99
1877
99
99
99
99
99
99
232683
71588
99
40147
99
108238
120031
99
99
99
99
99
126616
311741
153960
92224
99
99
99
109582
99
22065
99
99
99
99
99
99
118547
99
405031
99
36824
99
15893
99
99
99
368232
99
99
99
99
86
99
39038
248967
99
99
102396
99
150426
207003
99
1089
119903
99
63365
99
4438
190526
72128
210964
99
94637
99
99
99
99
10669
248668
298553
99
29577
7262
99
300104
99
305617
504244
99
99
99
44626
99
99
99
212281
320010
23227
99
99
99
99
136700
99
99
41424
273628
30761
99
99
154187
397750
99
99
99
99
99
99
225920
33610
99
97
183405
264314
408097
49112
99
99
99
2721
129525
99
431700
6234
99
278854
99
22599
99
1789
99
99
3935
107160
99
89
83623
99
70395
399876
52723
99
99
13922
99
28667
99
99
99
99
145252
99
99
517344
99
2520
93
25380
99
116654
296711
99
99
46696
163151
11552
99
99
415062
99
99
168291
99
402700
99
115235
332105
188167
91
99
87
99
17525
36001
99
10532
94401
9717
99
284563
486144
184498
465694
94
22278
99
98
243959
175535
72864
99
99
251114
99
99
99
188790
250934
157950
99
99
620649
99
99
334080
318503
11727
99
378
99
99
430478
99
99
99
246002
61842
99
369813
99
71011
99
99
99
99
151108
344865
99
99
99
99
76140
99
99
99
255069
99
99
99
99
97039
99
99
29359
99
99
199113
126691
99
99
99
99
252899
1766
115662
99
99
12842
171106
88652
200291
99
58472
80618
99
99
451666
99
12014
38231
99
67691
26636
132203
99
23149
99
99
359567
99
283985
99
99
99
99
99
99
99
107657
99
99
98451
99
99
99
407126
99
99
95824
76744
219920
77
99
585
230500
99
172640
155181
99
42842
223097
99
33345
99
43894
119940
99
107830
1702
5185
78087
99
99
99
99
99
99
215914
11652
99
152226
24529
99
363
106418
99
99
99
97
99
99
43832
28615
46830
99
99
99
99
84015
50132
464504
99
233721
99
57178
99
50
187415
98
232587
127321
18634
212377
99
99587
67354
270451
23402
99
99
7926
99
62615
99
207679
99
99
99
99
65665
98
24980
271555
99
291926
71967
99
471994
143448
99
26993
9551
99
99
59308
202166
63772
99
99
237027
99
342682
99
99
377986
99
27279
62827
99
20385
365898
99
99
98
99
99
7152
28514
99
99
99
136
99
99
168157
99
99
99
99
99
99
134237
99
99
309916
172562
99
97923
99
72109
44706
99
26879
99
99
211439
99
6196
245674
5137
113838
99
19681
308547
99
100731
123920
373052
99
399482
171611
99
221071
99
99
276273
377822
2431
237589
96
50850
99
99
135131
1088
99
99
67144
463054
230346
99
99
246280
233122
4824
99
84574
99
99
99
99
46183
99
99
99
72136
203460
99
308242
5776
216577
364
156022
99
97
99
56387
99
54681
99
99
94
72047
26790
99
44435
174969
304387
99
165122
59014
99
50115
69551
99
99
207377
260004
99
99
99
171428
99
99
99
378084
69316
99
203866
475749
218234
99
99
78646
99
44922
99
99
3866
252107
33683
133715
99
433024
99
487017
99
99
99
99
329720
213183
2273
315026
99
99
76490
99
85965
42820
99
65834
13605
99
140900
260889
93260
30189
99
99
99
47217
99
99
58920
99
463086
99
395808
141235
37814
99
99
114569
99
99
23288
277875
545046
99
99
99
85505
99
53504
10575
99
80086
453482
9424
99
99
99
14705
99
99
25430
99
99
65346
1450
68447
99
177292
99
93115
67714
99
99
39774
23735
93182
99
14286
99
58828
99
99
79470
273950
351192
180706
417619
99
99
88752
212316
178962
465232
124148
99
44464
99
99
99
99
99
541317
99
99
126851
99
296174
15802
99
99
99
364692
134076
464620
99
159023
10469
99
238845
78505
99
476024
99
94
91533
431807
99
78465
99
183681
4945
302947
99
578788
23636
99
417581
233639
99
21021
234813
99
115761
99
53308
216101
18323
101753
9072
99
99
158485
2279
99
99
99
99
99
99
99
97411
99
99
99
47397
99
99
99
99
99
99
37945
99
99
99
67742
97
99
332645
99
266768
99
98
125795
77249
99
2299
293508
556654
99
107227
99
99
99
99
53395
499409
99
89561
99
445672
99
3995
99
186621
63926
99
99
41791
85729
46221
3820
44519
99
287499
20379
99
163294
99
76976
99
159869
99
99
241876
99
313079
198520
123223
99
6571
16493
96174
99
99
99
99
523004
196488
99
59199
23856
99
70979
65112
377953
18270
99
255707
99
99
35043
99
352654
99
99
99
20363
394299
99
104455
287473
123514
110891
107071
99
99
137979
99
99
416277
99
99
99
188668
93976
281609
132206
22830
4192
234591
21889
99
175005
16877
101555
99
87
108384
99
99
122473
487177
3506
35094
14795
99
99
99
36087
99
99
34220
17169
163596
187987
110545
99
99
35477
325254
99
129266
99
95382
5757
99
99
98
99
99
99
99
4663
99
267812
99
99
99
34524
99
41943
99
99
158374
204717
443737
379182
99
488468
374858
99
98596
23068
236905
99
65636
99
26963
99
99
99
88546
99
44197
10495
99
2129
99
99
1798
58212
137935
231518
99
99
99
99
99
99
99
99
99
99
343894
181963
99
99
81399
25939
99
99
142712
134681
99
99
211480
99
99
99
99
184402
1278
3349
99
348454
227119
99
56740
99
17229
88877
99
99
99
99
99
99
99
99
99
98
99
99
99
230831
246885
99
99
99
111266
99
135124
47056
498974
202458
591504
542046
164590
6137
99
297993
4699
70963
441384
99
168841
99
646
53320
190030
99
472257
397840
99
99
99
99
99
98
94
99
98
396152
99
204898
351833
97
173076
72372
185271
54232
403836
99
99
99
90258
92449
143287
99
2577
307797
550345
99
77705
160743
1960
99
99
99
99
99
260
65750
58574
29433
37409
68836
115285
27089
66993
99
114236
99
10122
44124
118026
259002
13057
99
132673
99
99
99
11917
99
171608
142491
524979
150652
111369
99
99
231454
286691
9380
132195
99
108780
3377
99
401445
99
207470
5318
54555
42472
179263
99
360714
99
5522
94331
105768
99
99
96
30358
353730
23780
99
99
382314
99
530841
99
99
99
99
230353
509670
99
39393
15726
99
99
99
165307
48325
99
99
99
68279
99829
23368
80283
99
142286
150935
143277
99
99
99
99
99
99
46389
51239
99
99
30099
495444
85834
99
99
26251
99
256251
1032
285842
99
99
181614
99
99
99
99
99
99
48466
492131
375964
396031
434876
67250
79224
307137
120745
1421
214998
140274
64813
99
54281
99
99
99
98
99
446433
99
99
262638
99
325881
99
99
119653
96000
99
99
99
5733
66387
99
99
90799
99
317216
99
378669
7860
49560
19985
135871
99
379484
105698
99
464186
99
99
61919
99
58725
9375
12652
272407
66201
24535
94802
99
12079
225249
99
62084
95
260505
99
99
21511
382259
1309
99
357654
99
61221
252554
91372
172437
45252
99
99
47658
99
99
56721
99
99
99
99
99
99
14977
75334
462319
99
99
99
152792
99
99
99
99
99
24334
328145
99
99
5462
99
234652
286349
99
99
99
79884
25908
99
369352
20038
128606
330241
452
99
99
25260
99
105680
504409
224349
99
92391
327524
175520
13438
126072
41185
13214
314095
99
99
106392
17603
99
11949
187110
50640
99
99
66451
196101
546745
99
236570
41059
461349
99
99
99
93882
99
79630
274105
379924
49644
126543
249798
52466
99
22012
86984
269990
99
59154
99
99
99
99
13074
94
99
99
99
99
160286
334824
137251
99
99
99
88130
99
95840
476432
99
99
63160
99
32699
121468
99
135103
99
99
40698
99
99
205415
8159
99
263488
99
58473
386402
305906
99
308558
99
142491
99
5881
177248
124175
99
65215
99
99
99
357062
164218
18549
157097
99
23879
99
144157
99
305711
99
99
99
99
79176
99
99
99
2651
99
99
99
99
221750
99
99
499491
42345
81119
247863
98
486416
99
99
99
131422
96641
99
99
193164
328602
136352
97
99
99
99
85576
99
99
65785
99
40630
99
99
520830
99
99
99
112728
99
98
99
192711
99
18532
99
99
99
163851
25770
102512
99
28831
213373
372464
377866
99
99
99
99
80297
99
99
99
99
99
218503
99
99
99
99
99
99
251671
4535
99
99
100609
99
160993
97
397451
99
373901
98714
99
438769
1641
99
99
99
99
477222
26043
44017
25378
81277
107300
145699
99
99
159438
99
99
99
99
272380
2851
57861
576554
367618
99
81923
98
8360
99
99
99
99
178491
24013
27022
99
378912
147859
99
254308
99
167075
99
271592
99
19400
99
99
99
99
161191
98
28522
29682
346044
163066
284991
99
99
99
99
99
99
256
491837
99
7808
99
99
99
127592
256709
45276
62630
205260
99
99
99
122438
99
22166
99
99
99
99
3704
99
354511
209008
13580
130532
99
99
92417
43292
226003
99
99
99
99
170825
18009
380829
251563
99
62844
99
21777
99
98
99
99
99
104528
99
99
99
99
202926
99
99
99
217115
121613
468359
99
99
246540
99
549640
99
899
99
213284
210849
99
99
3650
98
376800
99
99
99
331673
11357
940
184095
114220
347519
99
261493
353447
95738
99
99
28460
99
46733
99
99
99
65883
225217
372694
8677
99
160089
143568
99
99
290147
99
99
99
99
87562
99
297771
5675
146587
99
99
99
6717
99
99
99
99
349942
90119
99
99
2710
99
99
118118
82537
172668
99
151381
192861
99
68394
534965
107776
13532
103746
7149
99
99
60290
99
114034
99
229583
99
99
373361
19348
99
40085
99
99
99
99
42270
287250
99
99
99
99
479732
99
99
92
245723
99
21020
100935
99
99
99
4565
99
99
99
99
99
99
99
126038
99
46035
398450
41370
99
99
48425
99
18406
99
341346
13343
386279
99
99
231869
99
463164
99
99
387017
99
99
99
99
99
99
99
99
64514
99
20864
99
99
99
99
243131
99
83604
99
99
68731
128184
107140
54808
99
99
99
99
99
99
99
99
67693
99
99
99
143802
99
99
99
99
99
99
99
99
78967
48091
99
49269
99
482322
99
90183
56447
153989
99
99
99
10070
52653
561787
43210
99
252134
139554
99
119890
50484
117119
99
164722
99
107693
99
99
95111
99
67418
87
137489
14294
99
99
169677
99
97
99
514293
267390
273667
99
557
99
128838
94097
99
99
99
8900
123197
40337
290871
35611
99
99
99
99
23473
99
289611
99
357435
152075
99
99
99
99
101472
99
38980
99
99
99
99
94
277354
121730
99
68287
345926
15203
99
99
99
99
99
99
226151
70622
99
99
124778
245797
99
99
14076
452082
491286
302451
99
68045
99
99
99
99
99
111030
206027
108614
99
99
99
99
99
111796
111363
99
158065
20824
99
99
99
99
99
227833
99
495187
99
99
328546
31199
12886
99
124941
99
236144
44431
153571
128382
225039
451431
99
99
40945
172381
119643
99
99
99
99
154627
99
73695
260631
99
99
99
99
41293
74488
361936
30774
10627
451695
99
99
99
99
99
99
99
99
99
99
452549
99
407605
99
99
99
99
194656
28464
99
293650
385263
99
2325
19792
99
479518
99
26977
99
232111
142579
99
99
346022
99
99
99
105261
61034
99
99
471718
99
99
99
99
471424
225204
227339
154059
99
99
99
99
99
294135
99
233341
99
99
99
344190
99
99
99
99
283471
278774
71717
99
288870
99
5415
389810
99
104519
99
332236
99
268992
258753
99
192438
14589
78826
99
95740
220140
99
399035
280202
95078
99
16019
403077
558357
99
99
145133
76005
99
99
32963
99
99
99
8631
99
99
112057
20278
99
99
143023
99
99
213233
99
99
99
163534
99
99
111676
99
99
54147
99
98
99
99
99
191553
99
99
72505
99
35386
99
11177
99
99
99
26100
99
112368
368054
99
48638
99
99
3827
99
99
190761
238140
228377
365880
99
106306
69448
99
99
280581
99
73078
99
99
99
143271
423017
99
99
270650
99
99
99
21464
477078
183594
99
81678
99
5478
99
237254
1473
99
16173
207978
99
99
1665
99
99
99
116887
68517
75827
99
92956
222875
99
22989
99
99
170538
163997
99
99
99
99
99
99
156593
99
99
6095
99
99
298076
40443
72477
99
99
151221
132358
201551
99
339897
148616
99
22762
99
453578
99
99
99
99
99
427748
143728
283102
99
493607
440016
420885
99
4465
520672
99
99
504180
99
120091
57449
150666
132445
99
76245
3146
4924
99
99
388162
99
16983
99
99
217590
15032
99
41085
109542
108933
205832
99
99
35106
147820
448722
99
99
375376
99
99
99
99
318012
548962
99
96
63269
99
17356
70402
273215
147034
99
99
15899
99
86017
456012
99
99
7295
424294
99
17283
185318
303124
429019
31494
18845
99
99
28074
91387
99
99
99
171467
99
99
437520
99
237982
50606
25256
151935
236483
99
116748
99
99
428620
99
99
223323
202615
82993
68499
99
234465
234226
154641
99
98
99
66269
99
189542
497942
99
202348
322935
311266
332821
99
323118
27305
50746
99
99
521843
99
21459
99
61716
99
99
99
53109
99
84476
122184
99
266713
99
266136
99
27466
99
54867
9801
99
587212
99
99
99
47843
99
99
243273
99
431877
99
99
110911
107466
99
99
99
99
285537
24936
99
99
24214
99
99
19176
57935
85848
99
344751
193106
99
36293
42863
304581
99
99
99
99
357500
99
99
99
170607
165649
99
592963
270021
100374
99
99
99
132800
99
234580
132550
99
84558
99
99
99
99
198866
99
99
117455
99
114833
394198
36256
99
438
99
170374
4818
99
179149
29297
99
55962
66692
99
99
274755
99
99
102384
72
99
362878
99
99
99
56373
42509
148347
20357
478033
99
99
100299
99
99
99
226181
111123
39303
229069
95327
363858
439064
99
34957
99
378476
30929
5649
99
99
18490
455213
99
176879
279638
54333
2662
547177
284028
99
99
99
26416
99
232694
99
200033
409142
99
99
99
472276
99
18437
12569
99
335649
99
99
99
19919
161857
199211
298286
99
99
99
19788
99
99
99
99
102179
304654
3629
184461
99
98
99
99
384823
99
99
6729
99
99
168474
99
58904
99
109510
20726
99
147091
61876
18620
479675
334931
99
98
99
485527
99
99
99
588095
99
99
521703
99
64776
5430
99
99
99
11469
99
1506
99
99
189545
99
47978
99
99
99
318955
92842
40932
73078
99
420367
191136
99
99
99
464308
64837
20719
32860
99
299706
99
262615
2549
209585
99
369102
144746
350742
99
115258
99
83386
99
99
444952
40047
99
83879
169722
99
56963
54810
99
99
99
99
99
99
49995
353263
99
99
322188
99
99
118671
99
457350
99
99
98
93885
179020
99
99
99
358516
7319
99
107570
99
99
99
99
54296
1440
12835
99
8360
22325
266741
93891
99
99
99
99
99
99
119120
99
99
3820
99
77094
113070
128600
34940
99
99
319869
99
89091
118641
243507
99
590927
253047
10345
465034
495919
99
484328
190227
61280
226679
121539
99
99
99
290913
99
99
99
99
62245
477440
428675
3167
306456
99
302109
79455
99
99
348400
94118
303338
142977
74178
46846
99
44648
99
50979
64455
19230
49543
99
99
99
94800
141966
532982
99
99
99
396762
99
99
99
5835
550069
99
99
99
99
160436
99
99
38313
99
99
16240
99
94
99
26739
42463
119609
38850
99
398507
99
229372
99
8358
39394
99
99
99
303919
97
99
99
99
99
226235
99
99
99
99
34058
99
26173
270393
92
99
240433
99
99
221809
99
99
99
227924
3943
65084
43005
152994
117778
64707
294894
178593
99
341961
19859
109483
301645
99
99
99
28017
99
99
48821
221817
94674
270190
72406
99
274426
99
286548
4283
95355
78153
79316
69848
99
99
182069
99
99
25295
70030
99
99
99
69998
286181
99
115075
99
93
8278
347218
99
99
98
99
76898
217907
99
53255
99
299329
438382
291760
73096
235820
99
99
99
99
99
284743
198160
484275
99
8485
249941
302915
99
99
99
49698
139870
56885
99
99
99
99
99
241612
75612
99
99
99
99
353256
164903
99
523425
45192
211042
99
99
231761
99
99
99
99
99
7610
99
99
99
99
95194
99
61504
180463
99
99
158027
30377
240350
99
99
33142
312873
99
206626
99
99
550456
284891
99
99
370861
85
445562
99
304364
99
88970
99
151657
341147
30580
23335
133190
99
99
99
99689
99
99
99
99
99
99
99
7706
99
99
99
19904
23279
22067
162256
432206
14176
234917
467956
99
99
150273
325838
31155
176629
99
99
52058
11043
99
99
23476
99
8001
60047
99
99
99
1954
99
32011
346562
38179
99
99
99
99
99
11698
99
68151
140861
194620
46816
50002
6254
295843
99
424580
99
15076
175099
543605
99
99
99
87356
311078
99
99
281059
846
84784
99
99
99
99
99
99
42611
99
418685
90235
99097
99
99
155463
99
99
99
91262
99
99
370114
46403
99
47768
99
186748
99
111671
99
284772
99
85991
86975
178572
99
99
104398
2645
366161
99
99
99
15971
155746
197761
56695
99
164685
346829
99
8459
49822
3744
99
99
99
256774
99
99
462106
99
99
114116
99
102183
99
143103
46779
32944
99
35866
156674
99
392424
59213
128574
99
99
170056
99
99
99
99
99
99
99
99
99
361461
44416
99
28739
99
199242
99
99
108328
350433
129741
47267
92883
197840
239728
167832
339511
70133
192054
55528
576213
23194
99
112933
99
533756
99
6196
21949
99
99
99
99
99
384444
99
78608
94194
99
320
49769
99
53507
228343
554701
181272
99
99
99
99
56164
142766
3148
99
61740
251309
24093
99
102238
97211
99
34488
111241
76996
202796
96039
266633
330693
99
99
69163
476968
5896
328397
99
99
99
234205
163664
99
99
99
99
99
16140
99
99
7569
150280
99
99
20204
16607
720
99
83849
94
92545
99
99
110495
55717
99
258695
99
87070
99
93098
83912
99
99
37142
494508
99
99
117465
99
15126
99
389691
17043
99
99
470711
65722
99
99
99
141289
99
99
188819
99
99
99
446153
99
72492
99
239417
99
36334
185695
99
99
99
12414
149476
99
2760
114175
99
390290
5049
99
99
44487
99
99
13287
151846
1955
93
443602
99
145435
250878
95
36745
99
99
409666
99
99
138936
99
99
135170
20942
99
99
99
6556
99
175796
66974
99
141130
99
99
99
99
230706
16349
192584
99
38121
248306
99
99
98
99
99
37843
99
265432
32686
99
99
99
99
114089
211002
312452
143262
99
99
224406
99
982
99
99
248411
66850
41862
139859
360257
102640
230976
122757
99
102497
206471
101950
348551
91094
99
99
10883
488384
325698
99
201994
99
99
99
5062
99
99
194871
99
99
99
99
99
99
400650
99
99
99
99
45277
180006
372196
99
33382
83763
94350
99
99
99
99
99
99
233250
304715
45422
301273
99
166858
99
99
99
99
15027
289753
109162
99
362304
104569
261235
99
99
99
378857
423655
455147
99
38611
99
77252
99
281622
140992
99
392759
99
99
1915
99
358193
99
99
99
99
99
198697
99
99
99
99
99
345838
69103
218672
99
99
45693
99
266592
99
519609
99
46494
10237
99
98
99
140550
30464
99
99
99
99
407910
99
99
487553
437740
97757
99
99
99
297393
171903
99
82108
99
99
50642
34586
3536
99
99
163219
176751
184497
126711
99
64898
299632
99
253749
99
99
426449
99
173424
99
99
271874
99
398694
99
99
99
538013
99
99
92000
99
577792
22417
339027
344444
251112
99
384914
438391
99
99
99
108214
99
99
99
27928
38135
268988
99
74254
99
99
99
99
24796
99
382091
99
89
60492
29720
99
140713
99
99
2884
99
99
7047
289374
224821
246538
387707
99
137168
236812
99
99
66440
74367
99
99
78893
99
99
67251
99
167931
19521
99
99
99
522
190179
73591
157426
99
99
99
99
43218
99
472480
289867
375989
40107
99
99
99
378186
36422
99
178612
8912
99
160948
99
99
32812
99
99
18599
52208
164173
316976
83901
102175
99
99
288203
125004
99
2168
99
99
99
72507
378511
99
171555
99
259287
16042
32856
166347
283333
99
99
94688
4616
288221
51535
54733
99
458372
99
99
99
99
62838
50
99
99
1548
99
99
373914
2044
25725
320556
99
99
8994
300108
5996
226929
99
99
99
99
131772
49415
99
31662
5408
141859
99
99
99
325384
1213
99
221221
26153
99
99
99
99
99
99
99
99
99
99
106864
99
99
213611
99
43458
56117
99
174205
24556
99
99
5043
99
368207
99
177399
101008
202938
338461
99
99
99
109431
67948
99
127008
99
99
144754
99
108556
219407
11036
99
20295
99
99
99
321299
99
173455
27199
99
99
239255
99
159366
47185
99
99
99875
99
14571
99
99
99
478417
33108
44706
99
172346
159244
99
213442
99
99
451484
99
99
99
99
99
99
40780
99
99
81237
99
99
99
99
99
95846
212650
99
99
99
99
81136
99
99
118532
99
60199
36232
31831
232935
200029
98404
99
115274
99
99
99
99
99
99
552758
99
17255
146537
65380
93
207216
202803
238576
99
97608
80521
99
2553
264394
99
99
99
99
99
99
99
148230
99
78062
99
99
99
19739
400375
78171
206794
99
174508
73059
99
9649
92544
99
99
275160
99
99
99
99
71389
99
99
57831
200355
99
159575
422386
99
99
45176
98
70699
99
226870
99
99
109971
99
99
585939
99
327059
99
16665
99
3130
515207
99
364797
330642
99
99
57500
15871
51044
99
418839
294597
438421
2794
26225
88074
99
252172
439662
99
99
99
2308
114319
331012
111827
99
187665
146867
99
23622
321684
99
99
136608
99
9560
99
125787
38843
99
187767
36142
63490
99
13183
37860
99
99
42685
95900
121237
41506
244170
99
250886
99
99
293809
99
99
351085
202553
99
99
99
99
18568
32946
99
97
196558
99
75775
153972
99
520863
99
102004
266151
99
99
99
99
99
1809
311337
562733
99
99
99
118592
99
315893
198170
212976
93
99
389112
99
98
99
99
20135
99
99
357402
99
98
99
99
99
99
230224
65901
99
427797
347648
332948
252115
99
99
99
99
150007
197662
101117
99
15102
68201
98
99
1376
99
198154
20882
153831
388686
99
288350
379294
133195
233357
11126
99
99
99
354553
99
137231
6234
99
33919
99
235485
99
99
122054
349910
416794
199730
89930
110452
118412
99
99
68898
343
151808
239786
155127
99
134430
99
99
99
99
13922
99
99
98557
98
174596
391135
94
226216
99
449073
5305
533122
99
99
99
107994
99
2496
99
29099
217619
247039
99
386642
99
99
99
128298
99
195667
1666
26999
99
99
125514
401775
99
99
99
99
99
99
101881
99
99
99
175113
99
291456
99
30158
269297
99
526852
99
33136
324408
570085
98
99
99
95
311709
99
99
99
71277
99
99
64170
99
552355
508659
310197
