93857
20466
99
97
99
99
39111
99
99
30456
99
99
99
99
99
99
384178
99
70818
99
24798
99
339904
99
99
145417
206133
97
14150
99
64854
66726
99
99
98
99
165003
99
99
99
99
99
99
20804
218916
99
99
99
99
99
99
62862
180047
99
36384
99
99
322186
99
54164
222843
99
99
99
64439
99
99
146027
80
99
99
99
99
316472
99
168836
263600
98
11349
97
99
447241
99
99
99
299366
99
99
324767
99
372824
8331
20381
111
96
179704
99
106551
99
99
99
138977
99
98
45724
420606
99
26504
83566
2661
99
99
167475
281803
47070
99
81450
99
99
99
99
99
87042
218852
99
53859
126533
15275
146895
135730
9565
99
99
39880
230491
99
3348
24770
99
292489
99
52980
79106
152423
10751
72640
99
65484
99
244651
95928
99
99
8833
99
8291
99
99
99
99
1999
99
99
99
2345
23722
11858
99
228812
99
7158
64107
99
14120
99
1146
19424
99
99
99
72335
99
534608
163575
118618
165320
99
99
95763
99
92889
313085
191356
13412
59180
131325
106700
191509
284712
116366
141377
46523
99
139538
99
91123
147277
99
99
99
99
99
99
553885
99
30412
32448
99
99
54887
99
129563
99
99
99
14576
197700
82840
494752
99
99
105826
3450
89164
65497
24585
60854
99
99
99
99
268358
146374
99
99
99
186518
99
98
99
8234
78
70073
165929
269264
47757
99
101962
99
77292
99
81043
255277
99
99
99
99
103610
99
99
16031
99
99
24411
345103
99
99
105156
99
99
99
17539
248131
487238
99
99
41845
99
99
98
70491
99
99
99
99
327006
99
9865
99
98
121524
507619
98063
99
320163
29647
99
18883
99556
99
99
99
286982
99
99
256507
99
99
99
99
99
99
99
99
99
99
550314
92165
23920
99
347205
99
69007
99
183342
85241
278547
43705
99
13515
246978
99
54038
99
414596
137689
99
17783
99
205421
99
99
170328
99
229547
99
99
99
99
111181
419589
99
99
578418
269541
365265
39223
99
259870
101826
185619
99
99
4042
99
99
99
99
241840
29665
139117
99
99
99
402415
99
99
99
262360
673
29339
307401
99
99
99
99
65907
138772
148470
72262
12530
62624
59067
99
377850
99
99
295774
40602
99
99
99
99
430232
136577
99
89789
326922
99
67578
99
536987
112274
99
99
3533
99
453399
99
99
99
329345
136976
99
280098
99
113998
13459
203686
158706
4452
42983
99
21391
99
99
99
81480
450246
99
99
99
99
20984
13925
71636
99
181205
99
123857
474003
99
99
375406
99
288295
320208
99
99
118071
99
14914
90041
311495
99
72635
99
149254
118460
99
5675
99
99
30530
99
214715
99
189531
148094
99
99
146761
253915
105414
99
9641
327808
1485
160447
99
192880
99
41533
99
99
6352
99
99
99
203542
98
99
99
283342
99
99
99
17573
342012
99
99
56346
8197
99
371954
99
19340
99
99
99
99
20075
99
254879
402097
22533
381950
312419
99
99
96756
50247
99
173975
183496
99
15855
11583
235408
40442
99
99
174677
122793
37100
99
35212
441
187108
99
99
40140
99
588408
104941
126537
99
99
23897
8984
99
79519
212290
300321
120364
407565
44719
99
99
166340
98
5095
99
99
159680
99
286288
99
99
28028
138736
99
202681
216600
99
3416
99
80177
81655
143271
560237
99
132634
99
99
99
99
32955
99
286086
256040
212419
198964
14688
10197
104087
278481
99
99
99
99
42185
99
503901
66198
18178
76633
424230
99
493044
99
102767
99
99
48255
261231
99
9103
84649
254712
99
57259
99
99
99
23609
99
120842
55025
99
99
435022
99
99
99
47922
220245
99
99
99
243950
99
27826
99
254152
2806
99
99
99
53310
105910
39754
99
7564
193116
364885
99
57277
99
99
99
399679
99
100537
99
96798
60046
149155
99
99
82260
32157
99
13073
320037
124420
415618
99
99
16090
99
267615
99
521073
98
99
99
80483
431906
149854
99
28134
99
57696
99
349594
99
21286
99
99
99
99
414579
99
99
99
271083
99
99
29651
363472
98772
99
400955
99
33206
265841
99
99
99
106421
99
398299
99
98
99
566435
99
148147
99
99
54935
455454
14466
81980
99
46322
99
15112
79039
154579
141245
99
5524
4077
99
15927
99
14078
99
99
352801
99
99
35996
37068
99
22391
10816
6823
69744
8871
303650
99
99
210501
99
169101
99
47887
99
78381
99
99
99
353845
8003
99
168513
99
22711
416065
236027
99
99
149338
7966
163927
67214
99
99
99
99
99
99
7451
99
99
99
99
181548
72332
99
99
99
99
9268
99
209326
99
99
39328
99
262710
66046
99
204364
99559
99
99
99
99
99
99
99
109273
99
253310
1314
99
99
99
411388
99
38285
418557
99
161378
99
65190
39347
132346
65970
486757
99
86511
99
99
99
99
99
99
99
82835
99
99
129747
9629
99
98
99
112489
146777
99
411222
99
170750
99
99
99
99
99
98
55531
99
99
99
99
87539
116389
58557
7385
99
333296
99
253920
158561
99
99
99
86894
114516
99
99
6201
59861
99
39507
99
99
99
92
99
49432
471297
105832
53594
99
99
330768
99
38618
99
99
54134
292792
99
52862
18971
99
30568
99
99
99
99
138520
37465
99
278433
14477
48191
275659
230559
99
99
186790
99
36205
99
487787
278508
99
513494
395469
99
99
99
99
99
241927
140474
1348
99
277141
192240
99
98
99
99
92048
285495
557287
132448
50551
99
193981
99
202684
99
268681
422839
99
130980
423736
99
62628
99
114305
165526
8136
6617
43330
53912
99
99
286251
126266
37172
342058
248724
34939
245364
99
99
99
515463
99
224798
99
99
120478
99
99
99
98
99
21027
99
98
99
207079
34286
485055
99
99
99
488217
173615
227505
15915
148102
245780
44547
99
99
99
99
91632
99
249833
42761
1958
71878
99
77469
99
68161
99
190457
99
99
62668
50628
107899
43964
367985
137210
216284
552151
99
99
99
99
99
99
8833
3234
427775
15274
99
100810
41659
99
99
224311
219259
221812
459808
99
99
321571
99
99
99
15473
499595
99
215905
99
48796
99
92611
82205
99
488093
99
99
27554
99
88
99
129574
99
165786
387996
51646
312394
99
99
99
1711
10572
188060
99
106423
99
99
47766
374051
99
99
18138
67224
99
99
31602
138607
185465
74437
99
412439
419002
7220
99
99
99
186725
99
235375
574756
123535
111037
54116
99
70081
140523
38646
101975
99
99
224262
186665
146691
304697
107810
154467
46800
3289
99
40148
99
403405
182826
99
99
153041
99
35299
150078
99
57112
99
216321
137470
99
99
256234
142847
99
99
412072
222039
180522
99
99
99
99
542300
77517
97
99
278880
99
99
99
99
99
50737
99
162665
23255
99
99
19556
33770
99
99
97126
349099
114483
80
99
99
99
155082
99
99
218513
53362
665
2730
99
172394
67896
35170
99
154589
197800
5428
122739
99
8638
99
111315
99
99
52972
99
99
99
99
465967
145945
99
99
198708
190571
278079
1021
99
99
189690
99
99
72370
34321
58009
329416
4341
93200
99
2426
345226
99
238011
118084
62284
33712
99
99
172904
141788
99
99
99
99
99
260462
99
99
389122
99
34843
378563
99
99
98
139687
328845
99
99
160615
156623
99
99
41631
205760
99
99
99
9302
99
70091
28844
43566
99
67879
99
25456
199305
463249
364341
99
99
99
293875
92
99
99
99
99
99
99
99
99
467289
99
465078
477939
95059
99
99
138745
157861
24278
49743
217509
33933
191531
456670
99
99
91
99
99
129356
372682
99
99
99
384028
12379
99
99
272966
3081
99
110435
99
53841
258623
99
51043
99
79340
12717
99
52985
503673
99
99
443292
365611
99
61362
99
3723
50952
137488
99
279161
64735
140277
99
58606
99
99
493163
99
313040
29522
450420
99
99
197609
410376
338535
335259
99
26592
402366
44912
112811
59220
92003
99
99
133285
396451
99
477294
99059
190206
51372
84466
99
194656
99
314304
99
99
5002
99
99
281602
99
99
99
291204
99
153953
99
87
88304
69857
58174
98
42157
256657
99
99
99
267874
99
99
32012
99
502337
99
99
99
21218
99
99
316602
99
420704
99
11959
99
99
178785
26757
99
99
113977
99
266754
22257
386820
42891
56521
99
99
99
99
99
99
392566
74644
25350
227618
99
99
304426
99
99
99
99
99
99
99
67845
203836
34131
99
99
99
99
99
207577
26190
99
504225
99
11212
99
99
99
181108
151051
99
230837
99
232376
99
470107
99
164463
99
99
113232
99
318259
74
346696
369925
236732
99
231972
407910
204818
99
122152
78158
99
21246
384710
99
418136
275140
99
99
99
148117
84295
23586
21061
521128
99
99
180033
462374
318406
6237
177606
101784
121999
122974
9212
311475
99
99
99
259746
99
99
99
430609
54857
96219
99
4286
99
111217
346354
99
173560
99
99
99
98845
132852
99
99
45266
99
99
99
86528
99
233662
49900
99
99
9413
90987
99
99
99
32619
99
45681
99
99
41899
99
99
99
99
99
99
99
99
99
29720
99
99
236445
99
99
99
293064
99
380589
53914
17470
47078
99
99
47028
388119
4873
99
99
99
99
99
99
158638
53514
99
99
18925
99
63262
99
99
295529
44434
99
99
99
99
22443
99
99
99
15794
99
285447
103855
26490
47321
99
533274
99
99
73406
99
99
153429
99
99
223318
69168
99
98498
99
99
253262
99
194179
99
99
98
99
99
10389
99
212853
147726
99
185749
99
99
99
99
148935
133541
15408
99
1879
82977
569305
96
99
99
519106
252013
99
495453
153294
99
99
311588
99
139058
99
3795
99
126877
99
99
99
350953
99
99
223282
4108
99
99
99
99
99
25682
55345
44380
99
99
335855
99
48322
99
99
99
99
511456
99
67066
99
60046
23512
99
99
178826
9406
99
99
99
9704
161962
209097
99
99
99
99
101031
463287
51465
254617
303906
17981
294875
186250
99
12856
4888
99
53015
13958
205071
8989
137938
99
99
2801
238512
99
99
272007
99
99
384373
523352
387274
86982
13464
99
377807
99
86842
232521
99
99
99
98
238598
163688
131532
99
99
364
99
286153
146819
99
99
660
98
99
70674
99
98
99
40239
85795
118052
99
350282
99
96
99
78776
16296
10568
99
99
99
61354
99
99
72983
99
82
539926
99
437757
37699
132612
323927
99
536040
6161
99
99
99
99
99
140704
113415
241708
99
99
99
119245
99
99
99
21923
99
99
484927
218891
120661
61188
99
24779
99
99
360058
99
540476
99
877
124
99
412507
69761
198449
157148
264063
99
99
436615
99
99
99
99
57017
99
99
99
99
30173
31634
99
99
99
99
5812
99
45275
228544
100258
250142
99
501603
99
99
48858
7805
99
99
446
564685
193206
31999
47306
239523
99
99
99
194649
146313
1060
99
99
154525
99
177702
23253
18393
99
215452
19860
99
10689
98
31595
99
145987
99
99
506408
109108
4095
72920
99
99
37888
99
235057
99
82575
99
99
99
67764
99
99
83293
99
99
99
99
99
99
99
60883
99
99
98
134393
130782
99
99
53514
99
12976
25395
399388
99
99
77463
99
99
10829
99
269152
52796
99
333651
6351
99
24133
18060
343103
99
51459
99
30450
92832
99
260058
189666
170469
99
99
99
99
99
99
99
299652
63736
99
45149
31152
88893
99
99
214982
33544
248914
99
6127
99
99
99
99
52247
23970
149802
12362
78406
36600
99
17117
99
99
99
99
201063
423284
99
25561
99
10123
492121
99
578524
345135
98
99
416186
99
115090
315250
69642
99
108182
99
373190
72950
99
64808
273810
99
99
99
99
99
99
342447
99
228675
424729
125681
99
7798
99
99
254356
214261
99
461304
99
99
99
369634
99
79681
255407
233436
99
538635
99
99
99
111462
99
99
33581
99
486261
99
99
99
11811
99
327642
122506
17222
50040
162133
99
99
99
99
17476
184094
99
279892
99
165199
99
119575
158068
2045
99
99
99
99
99
69735
99
24874
99
99
93936
99
160972
99
76561
103653
507210
99
99
11274
252745
99
252622
99
250142
458336
11337
49000
99
99
99
99
303182
12518
22401
69280
99
99
99
99
265750
99
92902
84979
99
99
281483
133605
99
186038
99
225668
78506
67243
72868
73525
76221
99
99
99
26551
205215
99
282927
99
572605
134782
45928
221494
164061
99
31888
230621
31513
184138
99
99
194487
99
99
99133
99
99
99
99
99
99
99
99
99
26842
68161
99
96
99
418065
99
99
192559
99
415888
317567
312046
99
99
543742
151386
545500
99
99
87422
99
153769
197948
315113
188787
398088
229889
99
99
99
99
99
241486
353779
221014
99
99
99
47994
99
99
99
95989
268626
99
92610
99
99
217823
99
99
99
9562
99
61687
99
99
4654
99
99
191363
595545
6110
99
99
99
99
99
99
99
228781
99
99
99
99
99
99
99
33656
99
99
99
3453
5692
99
76812
99
99
23060
260801
99
99
21244
99
99
442134
99
41675
99
99
99
339417
416730
383897
104750
184199
284430
116885
99
99
10678
99
99
228641
99
39305
99
85463
99
99
115654
95537
99
99
78644
200857
485
99
227597
99
99
39845
102312
99
99
211330
121465
99
99
45181
135894
264793
99
71564
201545
212019
3158
99
99
99
64907
402453
99
2292
32057
26390
99
454906
99
520440
225591
99
99
99
99
99
99
99
99
450657
171206
99
99
134978
99
196178
7497
9935
284195
85798
45782
267611
108288
16833
99
99
99
443684
133064
99
99
22032
23270
200098
175426
85955
51344
99
174136
99
79185
154991
99
203140
180712
260891
99
99
99
99
558611
127241
111168
212758
99
28221
93550
99
99
99563
99
164963
99
99
41702
15072
99
148051
99
142159
99
99
99
99
66392
99
47131
98
99
99
471616
67289
99
23565
99
279380
93658
99
99
26382
10865
99
99
48257
99
99
24005
99
67075
99
99
3679
420327
389738
99
9766
4599
99
131067
135603
167126
64916
99
122379
17554
60064
99
99
227236
146615
99
99
99
30362
99
211026
99
29936
99
239315
382430
156168
107504
27948
99
174364
99
178710
99
98230
286950
99
99
99
88454
99
99
29147
99
823
99
99
85333
99
133557
98
99
143284
257754
117346
99
118879
99
2338
99
99
99
203748
99
314059
5663
99
19608
353010
9185
36403
99
99
215072
99
347291
5016
99
583877
99
270035
206412
99
400812
58078
99
161341
203188
121077
143698
99
99
134904
99
99
99
91732
99
3996
41245
177978
99
99
99
99
373233
104351
46661
99
67334
45306
332863
495706
99
99
99
133667
4814
48514
102718
99
219553
308485
99
5376
99
99
38519
59279
108353
99
189127
99
99
99
97285
99
99
72895
99
99
49160
99
99
99
99
111515
14201
61271
99
99
111095
79278
71972
66556
1590
80044
99
99
65621
23351
1532
289542
99
95521
99
99
202576
99
422706
302702
99
99
290155
99
316784
99
21483
99
204226
143650
82746
99
99
169806
59273
99
445426
522407
99
99
99
43921
99
98
374199
151160
64731
179702
6469
99
99
165767
371412
99
682
99
99
99
7361
267711
276268
5558
99
80928
20676
309547
217013
99
82971
31952
178105
99
267367
99
99
99
146645
85835
100856
590971
2833
99
99
99
99
99
96393
122970
104542
99
35180
99
168112
99
290037
99
99
99
99
99
180088
99
10827
99
99
58822
54358
99
99
99
72415
98
204236
114239
528155
99
99
79117
99
106406
168953
99
99
289680
99
99
99
337320
543
99
99
108792
99
99
2322
113020
99
99
11620
343049
68372
99
99
99
11963
99
130701
175202
99
99
99
99
41795
99
99
99
100603
444961
99
98
51016
428109
127239
13955
354373
332685
99
99
12555
99
99
99
29558
99
99
98624
471203
103405
99
198720
99
167511
99
51431
99
99
322242
75669
436846
9753
99
99
320052
99
20139
26330
99
57503
107462
168848
99
99
40731
104117
99
435583
100504
99
109039
283233
298334
99
54628
313590
220601
99
223266
2112
2565
40213
310771
39490
99
7949
82030
167436
240487
252858
25174
99
99
99
501459
177963
99
12639
157535
133289
174903
291029
99
98
99
25616
99
99
92755
99
271744
99
482854
437947
99
99
99
99
38628
290659
37492
19250
283960
20520
99
130104
332751
144624
113724
99
99
4085
114658
99
8895
99
99
26615
99
26510
93235
18525
99
145647
99
98
99
99
96
96907
48556
99
97
303432
99
380886
99
99
148197
138502
76927
99
100059
10954
184588
131172
10205
99
39110
99
54678
99
15560
99
163394
99
160047
16530
99
240833
187540
99
99
106175
129536
99
79
109346
264211
99
115742
99
99
99
99
99
99
99
99
99
457791
210018
5616
200767
99
74538
155622
99
99
99
99
46294
285044
99
191828
99
99
99
345309
99
316231
99
75546
99
98
99
279852
367171
312403
99
432639
99
15447
22395
261127
122033
233246
99
306761
119291
99
96
99
99
315846
99
99
99
101231
99
286378
99
261615
15371
16900
99
99
586796
99
99
99
301664
61678
105121
99
99
99
69140
51728
99
99
99
83371
99
99
99
99
99
58251
99
99
792
97915
99
99
258390
99
23948
99
99
79143
99
99
41667
86805
399068
197999
99
99
99
18239
99
375919
89941
99
404961
99
99
99
99
99
99
99
99
99
99
99
99
99
125858
99
221179
99
2578
134081
99
486212
35019
116329
529283
99
153894
99
99
257869
99
99
99
317090
192417
99
101637
40077
99
161352
99
275269
157867
51384
99
99
99
99
539509
185909
354116
99
99
212286
99
94662
88761
248596
483469
220241
99
98
3654
97732
168
178110
41779
4307
42659
99
81961
99
99
17998
465000
99
99
336540
229699
150296
398884
216989
99
86509
52276
99
59625
99
99
99
454542
20863
99
212223
50493
99
418713
99
213907
245034
88217
99
203863
99
99
99
99
99
99
187191
99
99618
2484
477862
99
99
3688
51980
436222
208007
99
99
99
124057
98
99
312962
22616
292677
500477
58349
99
28046
170751
210995
99
58558
99
15605
99
40331
99
99
99
99
286290
283282
14047
7953
99
270606
99
87966
99
171068
99
48830
99
99
103049
99
578219
278471
99
99
99
71788
4989
248279
99
99
99
99
99
74430
99
170632
328895
99
201740
99
417315
164035
85
20251
77280
99
289399
36923
525640
99
102106
100899
491747
4596
99
99
121581
99
161184
99
99
358449
99
375085
343669
99
246016
99
99
75578
467621
99
106825
99
509457
122102
191153
442124
247837
7394
250772
50160
99
99
99
60175
5566
72802
107886
15513
67578
114170
99
99
99
99
99
99
266559
73162
99
99
293236
361297
99
81205
99
99
99
99
99
99
121727
99
240301
439430
10116
25968
6237
99
99
99
215542
99
99
62475
139138
99
280707
99
99
99
99
45885
99
99
99
99
99
42556
257818
99
99
99
99
48226
35532
99
99
99
99
33550
99
231897
99
99
96282
42501
333840
99
10602
13125
24261
99
99
98
448714
3268
99
99
99
360313
1227
18184
6512
99
99
489932
99
99
99
99
98
99
99
99
99
219214
28409
99
6520
57466
99
99
52944
438263
176421
285228
202346
99
99
225887
277680
99
327632
77090
37082
99
242852
7433
99
74997
99
136450
11513
133779
99
394660
96
99
107592
99
99
82995
99
3925
99
14752
99
115569
24602
99
30000
99
163979
28584
155883
205767
125722
99
99
99
99
99
185243
99
99
90
99
154261
99
99
350529
249245
23298
73775
99
99
99
53361
28734
62411
99
90402
25710
99
99
99
99
99
362675
99
99
287691
42031
27560
42858
12151
99
99
99
62253
99
33236
128511
231363
99
99
99
99
99
133131
99
9029
99
353660
99
96
99
99
207269
208535
99
203646
99
99
12531
99
99
90246
99
398555
99
99
90583
140215
99
99
77486
99
99
4433
307766
99
64768
99
99
6045
329894
49518
98
28464
82908
99
99
99
99
13480
177788
50088
8712
125929
94
99
99
324523
255952
99
99
99
99
12740
6688
99
77397
99
438373
105198
99
99
99
99
99
587816
99
49038
99
98096
45703
99
185001
8431
99
99
99
99
99
99
162009
99
145716
99
24825
99
11070
269653
99
99
99
72096
99
90816
358151
99
121929
99
26748
99
99
99
99
99
298677
24274
99
99
199667
81522
189112
95818
141622
99
99
4539
187405
296959
99
99
27526
99
84696
99
7575
524256
99
99
99
101811
99
99
150823
99
99
99
99
99
99
99
434337
99
99
99
20935
97
357429
99
293314
319382
99
740
99
99
111595
99
399382
338695
99
36376
26674
99
99
99
99
99
89378
99
44677
11803
14532
51635
99
396958
99
99
99
99
118168
21887
99
99
19060
4569
99
99
99
98
56121
99
99
140850
99
49528
56604
46261
99
99
108028
99
99
99
261497
99
94603
271958
99
57577
42202
194123
99
99
16071
188920
99
99
99
31541
99
343527
148359
99
99
194337
189530
204064
99
199543
84913
115536
99
562406
99
21451
99
99
99
111413
99
280616
133895
99
99890
7384
14236
172984
99
1473
240567
62931
85165
110486
274615
99
99
99
99
99
49152
202607
99
99
99
99
99
99
181089
99
99
153175
99
99
99
99
91045
99
315285
99
99
99
236225
99
341061
99
99
99
22145
423506
269132
179659
99
36477
99
92
99
99
99
125556
157610
134708
85711
99
99
142041
119546
68012
489507
99
99
99
429928
66646
347885
99
196748
99
99
99
99
564342
99
151394
317802
99
99
54409
318765
88201
99
99
99
392280
99
99
47402
99
221757
99
33596
97
99
99
347346
71604
99
325400
8173
212950
99
99
246268
99
99
99
280465
13079
99
58895
88413
10723
36339
243347
99
99
99
99
99
272448
99
99
132197
141207
198222
267299
99
265535
16967
34821
51228
99
99
266258
378641
330309
99
99
110644
126001
99
99
142769
83472
51597
99
99
24822
95
43328
238815
99
44441
26423
2521
99
99
28411
99
99
99
99
99
188186
99
99
322367
4008
90746
448339
101177
4740
99
99
99
159206
405299
389532
99
321746
99
99
519860
108629
128886
99
333264
99
99
52770
244278
69840
228462
99
99
99
89270
99
99
266887
508365
98
53912
156791
4144
96
19442
99
99
466697
143156
99
308028
99
139225
192938
249615
105713
49386
15267
99
99
179962
119597
11070
277508
217178
99
99
99
41070
99
99
99
134640
98
130119
99
99
99
99
56723
99
14815
99
13463
99
99
127727
99
124497
99
99
66953
137021
306736
166219
99
80938
99
100755
381769
99
99
99
245833
99
99
99
99
45170
99
99
38495
28819
99
149258
88145
99
490711
428112
95396
99
99
99
34381
287554
266822
12682
96582
99
1258
99
99
99
140185
240276
76663
21575
99
164789
101653
99
355349
99
506838
99
88702
99
99
99
99
64865
99
233728
99
378461
33265
99
14980
99
61669
99
99
384859
99
104450
99
99
99
99
99
95260
99
99
11646
99
99
99
99
99
79253
105393
99
99
185933
99
99
509966
65254
291586
99
24498
99
99
99
299689
99
99
99
99
154961
99
127584
56081
399310
115614
99
33904
309444
99
99
99
4818
56164
16340
183194
50316
99
99
99
319226
12191
99
99
99
537601
503134
99
66610
99
99
424869
99
99
99
99
99
190126
99
99
328783
176887
99
376382
21561
138774
99
113949
237088
99
125651
99
44585
275787
94033
99
99
99
99
50989
98
83
441994
99
23142
86
32364
258897
99
99
494218
99
99
99
547293
269374
157159
6257
99
99
99
99
114155
21701
99
224658
88
99
17258
303832
99
99
23131
99
477554
99
99
12067
15323
99
17951
99
99
399851
219850
99
99
99
99
277275
139203
99
99
24318
64685
99
99
99
99
89038
157852
99
155171
383427
99
99
99
99
99
149118
99
93295
229921
99
292066
189243
99
99
1426
119919
99
99
24795
488
99
84728
62285
146327
12763
99
99
99
3431
99
452264
99
49855
191997
99
99
99
8488
99
105522
252041
99
99
2776
13509
99
184521
366063
99
122305
454765
98
99
267889
99
23540
99
99
99
99
99
99
99
99
99
99
99
38812
99
99
99
99
9483
48904
226751
23271
31776
393841
275181
260787
93620
99
30668
98
99
484008
99
99
99
71078
92737
99
99
99
99
99
149667
99
25078
99
99
99
99
135708
99
24294
445479
145069
51850
48412
99
99
100064
161125
99
352046
99
99
549
99
113905
99
46182
90958
516370
100428
154898
69089
99
99
116171
393
244299
99
99
91111
99
162235
76695
99
33303
99
99
99
163006
99
99
94943
99
119091
263380
99
99
7119
99
166186
121098
18082
22787
19918
435753
535
99
117563
190032
72704
99
99
22422
332385
99
99
18180
174367
99
99
116623
360560
31891
78746
53256
347985
99
99
99
186
195910
99
99
99
99
99
99
99
99
99
99
99
105690
39993
99
99
186774
85254
99
177694
181426
99
99
112913
99
42687
519299
99
99
99
6582
260526
99
99
146560
576252
213082
196362
99
92684
234247
179672
285424
99
2851
61183
99
99
99
99
232949
55279
51891
59099
2090
99
99
125219
155968
94129
99
217197
99
99
31221
99
218023
137418
99
99
99
127206
99
99
99
99
121003
537248
99
613
350107
72151
61918
99
99
313157
99
155527
99
99
99
99
99
99
158588
70116
99
99
99
45416
88
99
99
37449
99
99
163942
267217
99
401986
99
99
44966
99
99
216529
99
99
231989
99
178951
154157
99
144537
488698
99
99
193132
366959
245127
42779
88589
69185
99
118127
6745
64529
105211
130287
354133
35305
99
99
1447
241016
99
99
22088
99
99
118878
37982
99
99
82157
104710
200207
93967
99
346220
88042
164282
99
298826
99
478803
130061
99
99
468185
27879
99
99
553036
62937
99
99
5654
99
25226
99
99
292015
99
99
99
99
99
99
73936
99
89479
217374
50963
346976
469046
99
204993
99
99
426405
353895
146298
64045
474355
279183
99
99
99
99
99
270463
117732
99
99
299808
28020
149868
345416
99
94016
99
4767
99
99
251595
200690
99
99
32335
99
145083
99
57050
109294
99
9716
99
99
99
169397
99
437464
95293
99
252174
99
228665
6044
2644
19553
375207
241387
40327
99
12
99
233025
202006
91345
31219
132754
99
390811
9894
99
99
99
59058
63093
195934
99
336925
99
99
85375
225699
99
99
99
256967
99
125685
134514
99
99
228858
99
98
99
99
99
99
99
99
99
99
99
99
95115
341758
104182
84797
176310
162475
192441
320608
99
99
99
240455
90236
37433
99
99
97657
99
297032
557723
99
190181
38272
49292
99
99
99
96578
99
99
99
99
99
99
380152
2883
13667
99
35256
99
459596
369364
99
99
99
99
50582
99
45590
99
99
98
99
99
39056
48983
99
99
54427
99
99
208096
99
236231
99
172668
99
99
99
99
379147
147174
382566
334710
99
270843
327629
297859
25957
279418
99
164698
99
272086
99
99
97
99
99
60869
179381
99
113750
99
99
170757
46293
99
4673
68618
182904
171280
197834
99
427
136717
99
45276
241390
226212
99
99
99
98
109794
53656
145083
99
99
99
99
99
99
213422
237709
99
83832
99
99
148466
99
38317
99
308619
61929
99
34121
99
57107
99
99
475482
37789
99
99
99
432241
99
99
99
99
99
99
126119
133033
99
37805
201697
233564
99
99
99
99
99
99
11994
99
359315
99
99
99
99
99
99
307672
7216
99
99
99
99
288555
99
99
156792
99
286175
99
99
99
465488
99
30285
99
138185
146094
99
99
99
157054
962
163829
99
513037
227400
390813
99
99
99
277952
99
176554
344660
99
52054
99
364471
543865
99
392790
24939
12113
99
58396
99
99
99
98
99
99
99
93358
99
99
99
270366
112324
99
99
588
4987
129857
82346
99
188143
38109
99
99
99
99
12056
305607
130385
99
99
99
99
34627
80695
44512
99
386378
99
328037
105245
218226
99
125387
349031
99
99
394994
478938
99
409460
401966
97
383097
18378
99
99
99
99
111829
99
6050
126478
124428
402914
99
41997
99
26658
56938
73310
99
99
160
99
99
99
99
128554
99
31012
99
99
8572
354354
584931
9982
99
99
99
99
197987
99
99
14616
70274
127112
47506
23164
99
99
99
475907
10680
99
99
99
99
99
98992
307186
108524
165604
99
263775
340446
99
1244
366325
537600
123058
99
138635
3974
104060
99
99
48115
95873
226761
309553
54923
168967
99
99
275084
99
99
99
75787
231789
27340
363021
286233
179597
99
15995
231901
396121
99
99
254591
52701
60851
168235
161304
99
420119
99
99
178855
98
417346
99
365640
99
99
99
99
59759
124870
99
99
131049
211143
99
99
99
99
99
99
189103
99
73545
15668
99
94821
246948
99
207260
129403
81356
137304
99
99
8334
99
262663
98
99
99
155946
99
54594
99
39275
99
113148
9170
74199
99
99
283077
82922
40729
99
99
99
172344
99
99
3101
99
10466
99
281
99
436788
99
213599
99
99
20100
99
99
99
245312
108213
99
1859
99
411991
224185
99
63037
98
84861
99
99
99
99
287284
130814
99
7246
99
16287
99
4454
315678
21277
101686
99
99
93712
99
47973
23894
99
60834
99
99
99
99
130327
99
99
99
118824
51887
99
31415
311998
93871
99
306494
99
115049
99
99
99
215732
99
50082
99
246045
99
31049
181740
624187
70586
99
99
18396
99
99
99
99
99
232626
99
99
99
99
99
176326
267029
172327
99
102796
99
312811
99
99
99
114098
94
99
99
162549
99
98
195488
328762
99
332853
99
99
231907
358444
54639
16799
347138
99
58
69
99
541676
99
99
91663
99
174834
244838
419309
99
99
99
545239
555537
99
30315
99
99
205263
99
156227
141174
21845
99
99
263169
49346
267308
99
98
99
99
99
99
458827
99
99
99
99
275912
99
99
230391
99
358673
99
99
99
99
164562
5061
99
99
99
28773
29349
8519
99
99
99
23893
284434
79669
2128
99
99
99
99
280490
99
419712
99
2708
99
34614
360988
99
99
99
9646
99
93995
99
135820
10104
13492
99
410815
301329
99
53347
446962
171723
99
99
17975
99
99
99
4590
353
99
99
69761
99
352036
99
99
99
245591
99
99
99
99
151220
333699
334913
388311
99
99
186721
299977
168336
99812
110648
99
99
99
152924
99
29829
15337
99
99
99
337086
99
99
99
155369
99
253135
23
33980
190149
51532
99
99
99
99
148233
131085
222826
99
261951
51267
99
25111
35826
289340
99
87555
66369
99
98
99
10327
99
99
39166
99
99
99
99
99
99
99
99
201163
145625
99
99
19526
37366
99
99
275562
31279
99
99
99
424703
99
125496
99
260280
99
99
99
256052
17731
99
100230
134838
274394
99
99
28929
182004
568877
421115
99
230804
99
133095
157391
52601
99
80822
205546
99
469309
58681
99
512587
99
253279
99
99
99
99
436016
99
99
246708
177856
349
99
20326
14574
14637
99
99
99
338378
99
99
455790
12695
31327
99
99
99
274412
178915
460135
99
199249
66781
99
122543
99
194749
17779
99
99
99
704
99
99
96992
99
111415
99
230806
165971
167756
79071
99
20693
80780
98274
99
99
713
99
99
99
99
99
99
99
99
415702
99
99
99
29386
99
99
97994
99
99
99
99
99
99
99
99
99
62907
99
61410
99
99
199411
5178
99
238532
99
99
138750
198580
99
99
151874
99
218122
99
99
99
98274
99
893
372204
507418
44231
99
99
99
99
99
70
99
115991
477450
5040
99
99
99
90
99
99
23559
99
166147
77751
99
10235
273947
99
41691
99
99
99
99
69303
99
99
36825
99
99
1686
99
99
307081
99
41703
99
106198
99
99
99
27181
99
459188
213025
38059
99
45922
99
99
99
99
93415
21388
99
99
99
3098
99
99
9425
99
121135
99
99
99
165637
84476
99
99
99
29934
3707
26476
99
380070
99
52649
50679
99
99
99
183834
99
99
99
99
181331
99
99
98
80644
99
6878
120335
87882
99
97
99
228914
99
46778
290337
99
99
99
99
243579
99
202056
99
98280
99
128000
30582
39364
420635
99
9369
311174
1025
98
23904
95
99
351305
99
146615
99
99
102586
98
283953
35737
99
99
99
99
99
99
99
92715
55545
75540
99
99
99
99
271704
143227
141675
298745
99
47902
99
49498
165883
99
23672
486980
98
99
36052
99
99
99
51294
99
99
98238
5227
482685
302778
99
99
139160
99
99
112960
99
99
114124
84579
99
97
435766
156684
17726
99
99
99
99
99
99
65975
130113
20893
178605
2558
99
1314
99
19482
504708
441261
323481
99
99
99
52211
99
198849
99
99
188193
99
51215
50078
36586
99
163238
99
99
64398
82675
99
330814
99
60538
99
99
106049
52467
99
99
393377
99
99
146936
110542
99
369338
99
446476
108272
99
116579
99
99
99
99
99
153957
99
350362
99
352614
178805
99
538390
447245
10112
174329
99
58945
1847
99
149890
220078
277516
63422
225070
99
99
99
99
99
99
42022
99
149419
129650
67542
43016
99
99
202188
185903
408493
532595
84129
128197
182772
148921
99
99
82194
99
369038
99
7843
169838
58758
155674
10568
99
121542
345666
60711
248442
99
99
99
99
660
78456
99
341306
48393
99
99
99
117915
317410
99
99
246834
93
20197
32861
99
99
99
99
99
99
99
443279
99
417654
99
99
99
588961
206578
99
21890
99
272815
319267
99
99
99
99
99
133977
96716
99
125945
428155
6621
72220
99
74074
23657
99
363184
99
99
99
99
99
56789
25621
394235
99
99
99
119773
99
99
276481
5168
168496
99
99
19286
99
47885
99
99414
34837
99
99
354808
99
338100
81378
65302
127495
147093
99
99
99
99
99
27463
184435
99
98
146618
117139
99
19907
43744
112189
99
99
99
124022
99
99
5044
185472
99
99
99
99
99
99
192930
25267
99
99
99
99
39365
161373
2495
23631
417516
99
99
308250
99
99
229838
195033
167360
99
88718
45876
68394
2333
68017
99
12909
76511
60798
99
57080
99
99
114853
278441
99
87502
57906
99
2446
153449
99
99
475498
99
17006
99
99
99
472524
147952
101084
191632
99
99
184274
99
485309
99
99
12155
225873
161699
99
99
1090
99
970
99
99
191940
99
1049
99
111628
68709
99
99
99
362323
99
99
99
150196
99
147867
276648
369257
256044
150636
99
99
312458
237607
57249
229226
119754
24578
2647
99
99
91720
99
24075
9411
563818
28899
99
99
9089
54532
30506
99
259201
99
21847
99
99
169587
25441
435893
99
81793
99
214262
99
166768
92401
47320
99
119033
99
99
99
5354
326459
347938
99
185309
497912
110247
99
469115
75051
99
193917
524489
148422
48098
85607
12857
288648
321379
448246
99
99
41203
43039
266497
98
77824
99
12223
266122
99
99
99
245915
99
31395
99
5386
43257
99
52665
215204
99
99
1194
115340
164726
127917
42332
472821
99
98
143771
99
155308
105096
7517
99
298925
122234
99
165131
101558
2253
348828
99
59000
99
99
99
52715
99
99
99
212137
99
110176
99
26176
102568
25008
99
68542
86249
62445
162582
99
371982
353864
99
91895
99
99
163254
352523
99
187624
99
99
99
19207
99
62317
173143
130851
124175
109783
4678
219075
99
185214
364515
99
383955
99
14981
42423
99
39503
99
99
259028
35475
99
61333
99
61566
187883
142789
269736
99
150998
57882
15175
378
63210
57529
502280
22589
99
530357
33395
99
97
99
99
267201
68386
99
591728
449126
124198
169695
228817
46769
449189
5883
98
19935
41070
99
12475
50976
64544
187553
99
99
346587
99
99
40286
18533
99
137564
99
58367
99
570383
99
99
243724
99
384251
99
78814
99
234306
99
99
99
19012
99
99
99
15708
76716
16139
99
9946
181463
21634
99
99
99
488491
99
150497
327410
99
326272
99
99
501591
51904
125247
99
368172
99
99
397857
99
21095
99
99
88465
99
99
135297
82973
99
198449
99
442030
99
99
99
99
520207
99
99
99
119914
264173
99
117698
91978
7967
99
247344
99
99
144833
71686
55962
1142
99
13336
78216
99
28786
99
133061
99
229464
99
251164
99
99
99
99
99
99
99
99
151952
99
2211
99
5853
226513
198651
36513
305104
99
70188
99
79396
314433
99
99
151922
57965
96
29416
99
99
99
99
55638
114002
99
312258
99
35978
241595
99
99
96
99
99
336199
307877
99
99
72883
99
400723
99
99
99
88613
48359
99
40714
16444
99
99
364320
99
1089
202058
140727
134035
396
41582
99
27112
149975
72466
322643
99
99
99
191246
99
85783
139282
2757
97305
243724
407520
99
99
99
2913
74747
72439
99
169267
218656
99
22302
3394
99
76044
99
99
99
99
99
99
140932
458869
99
99
99
15756
99
99
99
99
99
99
25420
99
99
