115038
234213
99
18567
181097
1027
97
223464
99
209907
59605
62837
99
155301
17985
93291
99
99
99
99
205227
593885
99
402859
99
99
98792
40793
158121
12743
99
351189
147395
99
283549
99
556820
394556
99
99
99
104889
99
99
134762
99
55498
29390
375164
62890
26243
99
115370
97
99
5767
47041
99
12667
99
99
99
65230
4700
290696
99
99
350918
99
99
51250
99
99
99
99
99
99
99
99
100374
99
35117
85831
99
449000
99
99
156970
115906
78101
38984
99
99
99
385679
116877
33725
145457
99
15651
26697
99
99
99
106631
52345
58912
99
99
30612
147018
127390
274319
99
341809
99
99
254254
99
219611
99
74075
31007
99
99
99
99
99
280467
154000
182962
99
113368
99
99
99
214878
99
80555
99
43389
99
288922
200832
99
137691
99
99
481311
99
99
99
99
97
99
99
356400
99
1976
135681
12197
108120
99
99
267077
99
99
99
70143
99
31570
446776
99
4868
99
99
99
99
99
44763
159940
99
79419
99
99
99
58501
251145
4246
99
99
240607
443765
3985
99
77485
333661
99
99
405701
67072
4608
256804
99
342943
380671
181498
6736
80206
26449
99
99
13722
99
78301
99
99
83994
99
99
3947
99
99
41271
99
166151
99
99
99
99
214830
250959
99
820
99
99
99
582117
99
138793
104471
99
99
99
99
99
99
398485
133259
99
467070
99
99
99
226244
10186
212345
99
17391
575791
99
99
99
20886
317810
58260
232369
99
99
250684
99
336574
723
99
8460
99
99
99
99
99
99
99
99
99
246916
59425
99
2102
135560
99
99
99
79866
99
292206
99
430659
37169
99
99
526
99
99
12752
179806
99
70298
434851
99
99
99
291811
151951
99
178876
99
99
626
98
12658
99
99
9387
75169
111480
99
99
11756
75191
99
99
99
200102
93
318729
99
99
9336
215371
90365
99
50366
93
99
40649
99
195602
99
59528
402394
99
2407
99
440463
99
261526
99
125370
99
486609
90234
103671
173883
427360
28397
99
99
37622
99
208758
99
43697
99
455906
99
99
99
99
99
47478
33775
99
99
99
505064
99
99
337158
435152
34467
15283
99
99
99
25853
232578
250020
369230
54084
223474
325264
32264
29693
27854
153350
99
48865
272051
214098
446205
99
99
99
83055
99
36872
99
17180
177533
99
69559
23758
99
99
27069
99
49341
109391
666
99
99
99
38958
33513
149895
11773
99
106625
99
94701
99
291249
59623
264810
80272
264636
99
316640
234966
99
57787
99
99
199555
99
99
92240
366220
99
7536
99
99
380379
463863
271324
99
257222
99
265184
97
84598
44474
99
21348
99
99
11385
279175
99
165312
104634
99
99
99
99
99
99
418696
99
3512
281398
312502
144281
99
35429
99
50387
116345
99
144813
126539
99
99
366784
28549
99
99
99
99
33945
194220
99
99
99
163924
99
99
99
150165
99
145151
115613
67
292916
99
99
99
99
18394
181985
155906
99
99
99
99
357725
99
99
280203
99
238347
31360
99
99
99
171998
268565
99
56631
99
99
19462
99
216140
99
99
36909
99
171948
468330
99
99
99
110880
99
248590
98
230737
99
117425
47060
281845
99
171921
492671
99
99
319079
99
99
323782
416871
99
257769
28184
99
99
99
418246
99
99
99
99
261574
178775
99
99
99
99
99
99
99
124197
99
20644
98954
271128
7458
230729
99
122382
99
67382
99
99
99
57236
99
74820
99
436084
99
41720
39345
779
99
99
99
99
97
99
99
99
80670
34410
99
99
99
27303
324425
99
178617
188754
99
99
207123
99
99
99
99
99
99
99
29738
99
99
99
99
407190
67002
99
99
99
114476
99
99
137027
99
18400
52305
99
233597
199877
128702
99
99
45069
99
74186
382703
136501
203662
189291
99
99
224308
99
292476
25893
162315
99
96
97
99
99
99
99
211699
152750
99
54159
18958
99
99
312067
77999
250934
99
99
441463
99
128173
330829
88221
99
99
99
99
105359
99
99
104894
99
99
96721
99
99
217167
99
112317
266850
99
40391
181642
99
99
99
166462
99
77501
99
99
23663
99
99
108264
99
288819
87
293363
99
99
39886
99
99
99
12949
11679
99
99
99
20590
99
60791
172479
116183
99
191547
99
172821
99
99
47926
99
99
13007
99
273737
99
328138
99
16900
63173
186
106696
99
271259
67368
31673
8554
99
131131
147562
66545
218042
99
99
97
8518
203295
99
130290
339261
99
153391
99
43007
52748
1454
99
99
398025
99
99
99
133252
34871
99
283171
99
336364
99
99
99
156192
99
99
99
11216
134596
126293
99
79500
99
99
99
278097
172777
494303
99
497091
47686
99
99
90366
99
202898
224382
87802
99
556380
99
432600
156472
99
99
52754
78781
99
21806
99
35090
99
1618
75260
99
99
76421
99
99
204330
94
99
99
99
139282
99
91768
99
99
99
401923
99
99
381175
117598
22266
150523
65950
268961
145445
137162
99
17847
89718
99
4966
91549
99
99
61265
184834
99
175815
325335
426488
99
80094
99
99
99
408160
99
99
259333
142419
103427
506010
20254
99
99
97
99
99
99
99
113228
99
99
99
193919
251363
381501
987
99
93468
26426
112256
7264
99
65220
71998
161994
99
99
215689
169369
99
99
221845
216204
99
25366
99
99
99
92
99
138941
99
18079
191938
561946
117271
99
99
99
99
69918
209337
99
41101
257
99
99
415994
99
443663
99
480692
99
149464
172892
71036
99
99
148623
99
99
99
99
144363
42823
379664
159126
86991
187455
99
202883
164554
99
101229
224458
2372
444868
22480
50021
99
90
17677
99
109479
99
99
237846
74025
99
99
99
99
99
123343
211142
99
99
138789
98
99
121323
99
99
117803
137761
99
34045
99
48060
99
14266
260995
75151
99
99
20218
99
99
382556
126691
175637
99
84004
399743
173471
258804
99
105069
59058
94908
77935
97
99
34827
290793
8642
99
98008
465623
25841
6302
99
99
414374
441168
115109
99
99
125912
99
99
99
237461
272166
171374
99
99
102532
79570
99
533433
99
271204
175146
14875
99
98
176924
99
99
82465
99
99
109077
69405
99
584383
25401
63714
536349
99
88872
99
99
340496
99
99
99
44851
172597
190987
34953
350421
99
99
99
99
99
99
99
381790
99
291762
99
99
99
99
123446
92677
99
49482
99
99
179929
99
99
190684
229849
99
99
99
99
12129
299607
99
276424
99
99
99
99
67984
376831
74305
99
45883
159647
98
352032
99
244135
99
349239
99
99
239200
45828
293650
99
99
99
99
3561
99
99
99
99
31457
99
99
46167
99
45812
99
428874
83570
99
99
99
96
173838
113563
58552
386615
99
271114
99
44808
99
99
99
99
127224
361854
99
186214
99
32367
289409
99
167257
99
189923
438319
212539
29474
99
401140
99
99
99
99
99
129375
99
99
99
327732
99
333354
99
99
354655
99
99
99
159160
99
99
99
452120
347425
99
99
99
22307
99
99
99
163261
99
99
99
377078
99
11638
285232
160143
99
99
462959
84648
5444
171326
334671
99
32537
99
76510
77066
71868
16105
369666
99
99
260867
382314
81346
114842
99
185671
168001
99
99
447003
120459
99
247118
173733
99
334123
99
29025
99
84140
5915
22653
268328
99
99
99
99
99
99
99
99
359641
99
99
109063
100834
99
99
99
7849
99
61917
99
182617
99
9065
401108
83226
24002
302360
156174
99
454355
99
99
314466
99
43818
99
99
99
11859
99
131536
99
99
99
99
99
99
99
42418
99
257222
99
99
265117
99
99
376766
174909
269337
99
99
203190
83427
99
98
83
99
99
190041
99
99
99
173384
99
163260
258524
99
43933
99
506950
99
96
83018
81690
177914
96337
99
99
99
10876
99
99
99
49704
268059
99
99
462696
99
99
99
99
571047
99
99
99
99
172024
342403
99
99
116504
351151
157893
60429
403994
368001
99
383416
99
99
99
522748
99
99
34779
99
18754
99
99
2916
99
97
58771
99
55689
133739
474506
223180
156512
99
99
87582
99
90903
80539
72307
99
99
71013
32409
376479
99
20697
99
33087
99
72000
99
99
120891
41
67073
281709
326729
37525
304079
129482
99
301487
99
99
250039
101564
99
346073
99
77931
99
99
12470
99
99
99
99
99
138444
99
61984
321457
409925
31428
99
183183
99
99
93
53189
99
107229
294700
8662
99
6058
99
49397
99
76134
84565
99
397013
97
9995
83458
135960
67460
395871
115429
92861
99
99
99
99
99
99
273039
99
99
980
57643
99
99
13065
252499
99
99
99
99
306915
99
33028
99
99
99
162422
51572
99
98
99
99
95130
74
99
99
99
121290
99
99
99
322084
99
116213
99
135698
99
99
99
33822
99
99
99
344545
99
99
99
97
99
99
99
245490
21757
79469
70058
99
64194
264127
458423
99
55232
14745
133647
99
57694
41496
99
99
99
99
99
128516
341883
342792
99
380467
99
137725
62056
15324
87955
99
99
99
553417
99
99
282577
27794
131671
352731
72492
113998
99
99
84841
99
99
23005
133880
460689
64318
99
99
325116
121427
74063
99
99
308128
99
74257
99
38881
99
303504
99
99
210047
99
100629
394127
99
99
99
45006
99
99
114824
99
187035
21184
99
26124
99
127885
15552
139848
99
99
228329
256048
105474
99
99
240736
20875
99
99
99
83139
235118
282874
24409
99
99
1436
228595
244540
99
172060
99
26690
99
5080
90
1475
70666
119095
239452
361497
99
99
99
99
8543
99
531698
73133
99
99
318639
155029
98
23093
91472
99
130200
18023
99
242952
463244
34276
99
302828
99
99
99
255192
99
99
103720
99
99
385686
99
377492
60484
99
96
99
99
59392
202684
136014
99
56070
343573
99
43048
99
507493
99
99
29465
99
99
72493
99
6954
99
99
514610
99
99
61901
99
46562
98
67118
241790
68580
99
68714
445116
414968
207252
267341
211053
99
175811
195972
83001
99
23260
461511
70640
99
99
99
134295
99
99
918
99
99
286365
67537
99
99
99
99
99
318625
99
170999
78
99
82280
99
99
439336
99
29013
99
211983
109729
41916
99
15792
61176
201
99
10351
99
29958
99
99
176332
122737
40435
99
4264
99
99
99
445963
383389
219600
99
20060
99
99
527431
99
99
230469
241001
55602
99
74
99
199278
314326
99
417961
99
99
150430
224826
81997
166643
99
99
237331
98
233442
99
23217
23535
99
278563
517548
342272
99
189285
99
334744
377281
99
99
99
314386
28984
99
99
27543
99
99
62306
99
99
165488
99
103772
99
250281
162149
17096
379871
99
125731
43733
99
99
65316
99
99
29280
99
99
99
143606
53264
99
105888
99
156060
157633
99
25615
179860
259650
99
99
178341
428089
99
22612
99
99
181328
80163
99
99
99
22649
6342
99
164930
99
9082
99
147372
99
99
118604
51433
453785
11653
96
99
164592
521121
99
508942
99
280973
99
99
99
99
99
138722
99
91052
48569
232531
54644
41150
349991
198066
33531
99
316720
99
88857
164206
149098
47395
99
111691
99
14382
4515
107297
99
51087
83765
232768
270834
99
99
483845
99
99
513655
108984
99
99
78201
61061
487131
62230
99
99
172940
99
313658
154796
58
219284
72898
185808
133831
99
99
99
4855
77769
6789
99
369573
99
254396
89342
99
99
141562
19016
99
99
99
99
99
99
140608
99
99
247538
94
99
99
147390
203813
309369
21088
99
99
318136
18806
308302
99
99
99
99
99
99
99
6106
7166
99
99
118797
99
66761
71925
99
99
99
99
99
99
251611
99
48647
292382
99
99
383173
99
452591
248907
14986
6809
97855
99
122035
99
99
31640
154717
257638
7154
99
10120
28844
81565
99
99
99
99
35740
403959
514045
99
99
99
99
99
75530
410679
242278
99
99
99
68523
99
261626
43323
542329
385179
4221
99
291804
125920
359171
99
99
677
488
271905
165051
373425
99
17879
99
99
105201
99727
99
33382
121519
281329
59863
181669
151374
103748
303590
99
99
102049
99
462504
22224
10806
70936
16505
135763
94802
99
9459
99
99
108213
14271
99
99
10391
429599
99
594
33173
99
51357
99
99
171939
99
99
99
285264
45488
99
157392
232024
99
553646
99
309633
167969
99
99
49769
137704
99
87792
99
74798
546847
99
343016
103253
99
99
99
29517
99
94750
99
107680
479273
64760
53443
99
323520
37326
44719
99
231556
99
129148
376122
99
56110
315045
99
17332
118692
99
99
241549
99
205983
99
41005
91
99
362688
99
341617
260170
99
9800
10556
7457
99
99
99
99
284351
104628
99
99
33805
99
400289
274553
213272
271192
122193
222374
99
449685
99
443357
99
378972
99
188817
99
3997
219755
99
99
99
99
99
99
84986
166593
99
7315
90669
99
64576
47470
324480
52540
99
99
99
262711
136244
99
99
7583
99
99
99
99
99
117885
81368
99
99
99
94795
99
99
416153
99
32442
99
99
99
299820
47038
124911
99
99
99
1484
99
22707
97
99
6467
54057
99
55982
99
99
165302
37808
99
312505
99
18623
99
99
367761
99
99
99
99
99
99
413864
99
89809
99
99
61972
155932
99
14197
99
249213
81488
72609
312651
295388
10217
99
99
73055
122183
197354
99
99
424186
498280
99
99
263171
99
372105
99
99
99
99
99
99
99
53911
99
99
99
143047
27718
1862
99
99
99
99
330082
147248
1513
99
1735
99
99
99
99
99
263149
183399
99
11150
99
549069
68190
404213
99
370557
310085
99
99
161900
28147
99
367923
99
99
216504
462672
23000
99
99
400281
196974
99
298393
40740
376149
75673
99
99
1506
29822
99
99
99
17505
79516
99
99
320865
99
99
99
10443
203789
60175
353974
4951
110455
99
99
161314
99
99
198
99
121424
99
99
99
99
99
99
99
304051
268320
99
99
99
66285
12897
12072
99
99
99
197312
99
99
438706
99
436707
99
99
374045
285207
88878
284963
97
99
35748
99
99
99
99
69483
99
123965
92739
99
9616
8126
405000
99
2170
28888
99844
99
109904
105467
169144
543
153750
419343
99
99
99
99
11647
443229
99
1537
17663
99
99
97
99
239267
153715
99
99
99
222796
117256
64526
11326
310949
65808
68352
99
99
99
99
99
99
99
99
99
99
99
76953
99
60822
96014
314311
99
25709
327166
388698
110891
340996
192983
145875
99
301145
18196
99
221017
99
350327
189109
99
379706
65766
99
10616
176476
99
99
99
31428
99
99
99
594642
99
99
99
73090
14479
102214
99
108102
28166
99
258145
97
61388
2586
154939
99
99
99
99
99235
99
1994
99
611768
81026
189087
99
99
97
99
269315
99
114227
99
99
99
294641
96648
99
99
210240
99
99
56162
313306
388443
99
100330
139423
99
353495
217519
1074
99
99
99
99
99
104320
56420
10406
98
88
178961
22900
491044
99
196994
341792
99
278626
99
49874
99
99
13411
19927
99
99
99
98
99
99
99
99
99
99
99
15440
45032
99
62783
27728
99
365537
99
99
99
9523
39269
137627
99
192779
99
82814
187140
333161
99
565
99
99
99
38532
99
504146
2218
67664
99
99
48879
400682
99
99
374521
10178
99
99
127105
1744
302028
99
22805
99
133061
99
36857
99
99
99
1679
99
99
99
111123
172519
21516
347321
99
99
99
99
119886
45802
99
99
99
1999
45887
80377
109538
130209
99
99
99
99
48667
343100
154194
99
99
394150
99
99
132058
146538
99
98
18275
99
32362
197187
99
22135
99
53742
246615
99
122295
122381
111778
99
99
125105
99
99
99
99
99
99
354528
99
99
99
99
99
374873
99
15851
401947
99
195663
99
99
99
99
99
53539
17064
99
99
558376
99
233152
245690
1277
99
99
99
99
273803
99
99
99
12333
99
99
99
99
341660
99
182340
99
1248
44766
11780
11192
378315
99
99
993
51905
99
225496
166383
99
137
149640
286468
99
198737
99
99
231
119991
381047
134409
139280
232588
99
131788
443359
108592
99
32223
185778
184153
45347
25427
148305
99
99
99
99
211330
98
143717
29984
99
99
55099
99
91045
40418
116080
99
98
37259
20132
144479
353204
99
99
95876
67999
144621
329440
99
98
99
99
159058
91814
99
8478
99
99
99
99
62709
99
124739
99
515557
99
333379
99
41127
149673
326372
99
99069
298021
233053
99
431339
120596
99
99
231836
33715
99
99
99
99
99021
99
99
3421
186520
120531
99
97
99
419715
14143
99
192786
99
99
99
213010
99
99
233950
19034
105260
382485
99
77531
99
426041
71583
99
104532
98424
200345
37719
99
97
62555
5867
237611
99
124656
89003
99
99
29982
89482
121867
99
66784
11001
151742
99
93
425069
94
68118
99
99
99
141027
99
99
99
98
95085
99
255465
99
99
99
99
99
120081
11255
167970
99
99
99
1161
99
13293
292544
99
62517
49240
126007
35979
266203
104722
99
99
442703
33106
324050
415
99
252774
99
99
99
303112
54851
99
109481
99
99
429599
99
130966
98
168864
350084
99
99
581911
99
107153
99
453745
448337
150876
99
99
238486
99
99
99
99
99
125326
99
99
99
99
99
99
445362
99
99
99
376114
361659
99
99
99
216774
99
99
99
99
99
99
368144
99
82981
99
99
99
99
32182
205764
44253
99
99
99
59892
153855
53984
99
231781
37471
99
99
99
99
2354
155966
294936
99
99
65832
99
99
99
96753
99
97
99
275798
58180
42680
99
99
99
294175
216730
99
99
32763
99
99
36620
230853
25888
294398
99
99
244358
436141
99
99
338154
99
99
106180
99
204616
99
99
99
474774
64363
99
99
435730
1075
317435
63088
53680
99
99
99
83408
267527
61010
99
99
99
99
93399
99
13219
99
98
126986
99
55356
99
99
85504
99
99
302401
21008
268293
15338
1736
99
99
384361
99
99
98
153021
42023
82816
99
99
537877
99
91055
199529
99
70
232120
186652
51002
99
222238
99
99
156581
99
472539
99
356059
128020
99
222668
249519
99
37671
151761
99
99
20322
99
99
11722
99
240
99
293846
99
99
99
99
99
26933
99
402034
99
70933
99
99
264492
99
14188
99
99
228086
27593
99
99
99
56621
125595
99
99
191837
424461
99
63315
69155
99
313432
99
99
99
99
99
1516
342618
85
261068
99
99
180187
260032
294988
92689
4504
105627
98
348771
99
99
155208
92014
90274
113124
99
99
99
99
6855
99
99
99
113643
268486
99
216419
77636
99
449
165333
8270
99
99
31274
70419
211322
99
216224
61443
99
98
99
342988
173653
99
97
99
99
99
48227
164453
99
78331
99
502993
99
99
99
99
99
99
188709
184394
99
99
99
99
19239
96699
99
99
371344
351789
75953
99
99
5085
99
189314
64499
99
250912
206672
99
99
89020
99
24068
182390
99
99
153298
99
294458
38252
128378
65094
99
24517
18356
99
52110
206916
99
78710
154735
233145
99
99
69900
99
99
99
99
236264
99
221124
98
173490
9815
99
99
90483
104186
225875
99
99
11847
99
416919
7586
99
17158
439866
99
29798
99
99
99
99
99
99
99
99
287762
135205
99
97135
99
127506
99
99
141750
99
99
99
99
99
99
99
146854
64656
185713
15196
99
261920
99
99
175585
99
99
98806
113824
99
99
99
99
99
99
18353
99
229643
194919
99
99
99
99
3853
99
3963
99
96542
136198
266892
99
72485
11552
99
61868
99
99
120179
99
64300
99
99
99
133395
111774
99
99
110633
99
99
93731
357642
99
99
34942
155659
60718
99
426722
99
99
99
99
99
99
94981
99
388050
289689
113912
5914
8984
99
294368
99
65562
58916
99
99
33162
91
86096
99
99
99
99
99
99
5634
99
546662
99
99
520079
99
99
99
162850
513445
274662
99
21521
329770
170362
414848
175475
236780
147129
10851
99
99
87
59826
17741
99
268735
99
99
99
86975
99
318166
159575
99
99
99
296315
149750
99
7325
185556
5295
18893
352740
72536
153799
99
99
421381
99
99
99
42450
176962
403
99
99
73591
99
99
99
203487
99
99
99
99
13799
47116
99
99
99
99
99
394552
29818
99
564169
99
99
99
99
99
97218
243439
99
9322
99
80547
524032
99
160962
99
99
78652
265328
99
37020
99
99
337021
99
99
99
99
521850
99
99
409515
246518
99
38811
99
153768
23079
99
7075
99
229241
255924
328120
378
99
99
99
12916
69796
234611
359190
304413
99
99
99
6732
99
20802
99
2539
99
86686
99
241269
53762
37728
99
60380
5591
80159
99
99
99
15930
3588
110616
99
99
99
99
388316
99
99
99
99
157746
99
158252
99
19336
9824
67333
16825
99
222843
99
99
18228
99
203724
311114
31720
130804
99
99
99
99
99
99
174954
99
444663
99
44366
191907
229806
364602
99
99
169903
1600
99
147536
99
99
99
413601
139446
99
99
99
215216
99
65634
99
20287
427
155362
99
99
43722
99
99
21143
99
99
99
99
124931
64058
157170
227229
99
122248
99
99
158889
394360
99
135868
28727
176270
81376
71961
9100
241470
99
73543
136815
99
14287
99
99
99
2069
406100
99
51643
200873
3976
1274
190179
82378
180169
99
99
99
58907
99
99
91
99
94354
99
99
99
99
413840
10013
99
99
37229
99
58214
99
99
99
99
45318
99
9740
347769
99
451860
99
13757
99
128495
212049
367245
192814
99
99
280584
93374
349782
237518
99
99
99
112374
99
99
347854
4876
150064
99
14160
99
127829
99
71438
831
99
1051
146795
99
79338
99
99
11454
99
99
523238
227521
123601
181720
99
99
290092
99
99
99
21286
83589
25227
99
99
99
99
168832
29490
215982
60373
138535
99
99
3091
1949
129613
32120
99
70041
101514
187787
99
51486
78403
101185
25967
99
99
99
99
99
99
99
239371
99
99
99
247303
58446
99
129978
140022
99
65606
99
99
99
90307
253167
166092
91769
99
280392
113361
75593
99
129974
189850
30136
99
578969
39934
230356
99
223863
99
284771
99
98
94036
14114
30941
108984
95120
99
99
99
159790
17907
137578
99
60689
7550
99
1990
108490
196436
3398
99
206333
99
332698
271277
99
99
99
50664
119774
99
99
99
18440
62920
99622
99
99
99
205217
78897
341288
99
99
266349
20043
99
140926
99
99
99
99
294588
74700
99
68995
491854
181298
99
99
4417
74013
10494
98
99
287722
518649
99
99
182035
99
99
178255
99
99
99
99
99
99
125248
113635
268485
99
15885
29453
17807
99
20740
32639
152461
99
563157
99
99
99
99
257070
99
99
99
123206
195636
99
140486
99
99
99
88409
220754
12938
99
318184
99
99
99
99
37127
39168
279266
44171
99
92063
99
60272
99
99
99
110841
177538
99
500930
180839
99
403289
99
118034
99
99
164410
9720
99
37442
99
99
30394
99
99
139881
143444
99
99
182970
99
39959
99
99
99
260945
24835
266747
106101
278828
99
99
17735
99
99
211305
72391
99
131132
99
99
99
99
14814
99
69805
99
132050
99
99
99
99
99
99
44565
99
99
99
427115
49509
39366
239832
99
589518
99
209014
99
99
62235
14023
207614
99
145690
99
99
99
99
113983
296453
99
99
99
186263
99
29985
391496
99
79702
99
99
99
99
255091
99
20463
99
99
263662
99
172700
104988
10455
196447
99
369824
184187
99
99
99
99
26392
99
99
82759
149393
99
99
309994
99
372440
99
99
72786
99
152966
408503
150353
99
99
99
18760
99
269296
321674
344191
246744
263255
99
99
99
99
66707
94579
160173
29891
43092
99
414323
4725
99
99
257187
99
325522
99
219026
163640
99
510818
64301
99
99
175314
99
99
192044
155170
99
99
139614
99
89136
381628
88459
300427
168313
99
99
99
99
255909
99
24675
141308
255645
185343
99
99
99
99
321466
97
99
99
99
545999
116468
99
99
61093
99
99
162036
532207
99
36620
99
291174
283150
99
296315
467
12270
220306
99
82848
175895
99
99
412123
365623
20780
99
99
99
99
330205
99
220479
145576
99
99
99
99
99
318381
242468
99
99
99
143626
99
99
99
122746
99
99
99
16275
99
99
99
99
232245
47113
113566
60203
99
188419
18101
4101
99
37010
99
64470
399270
20601
586525
99
96
36090
99
99
44226
481186
99
99
219131
99
3309
99
103883
92736
99
99
99
297997
99
13373
105448
99
99
326087
41047
99
205061
99
99
99
99
152383
99
519203
99
99
1730
99
99
99
135279
99
99
201266
99
99
271060
25642
99
340783
140000
99
99
495203
99
99
297389
99
107273
99
17270
145316
52441
59022
140054
99
170930
99
99
242093
181
98
480278
99
122721
99
82032
99
123908
399006
42730
164761
363516
99
99
99
99
47523
99
99
205925
162703
401420
99
68636
313571
98
99
2807
99615
6148
99
99
374490
99
96501
47977
99
149974
39099
99
99
227387
205904
99
184251
99
99
99
99
99
13621
99
8945
99
99
25691
215582
99
97
9493
12672
54359
99
99
99
358909
99
396740
99
354323
65794
99
99
400085
99
377668
251216
99
99
99
99
99
99
99
526378
99
38797
38893
531206
99
313597
99
416734
99
132135
358014
62043
99
99
99
90378
197699
219453
54371
237775
99
24001
238188
112403
373072
99
31282
99
116427
99
354995
99
99
23306
99
249297
6285
99
118597
99
99
99
335284
278457
63877
99
32253
99
99
39182
99
391587
25985
99
99
122387
15480
99
99
14228
11568
99
99
99
54800
99
193969
190695
14174
57485
99
190715
127870
99
99
11856
99
199421
99
171489
98
393297
142642
99
122191
45306
465557
99
99
99
12496
99
99
180795
255402
335726
32700
41442
99
99
134573
99
99
99
92445
99
400496
158517
127980
99
99
342578
99
99
453039
99
99
99
161733
155636
99
99
99
99
99
99
99
105517
99
323642
20079
99
99
99
99
78403
99
99
99
11195
99
99
440223
228699
15481
551011
177501
3055
31410
53281
276625
15867
99
47773
253137
99
139851
99
149606
99
55167
99
99
45329
99
103114
99
20536
208051
99
270328
230301
229141
119749
16654
99
99
99
99
238036
99
20209
18428
99
99
99
404972
246330
99
269266
99
99
99
48749
25353
458956
160655
99
352279
76410
155055
5595
1878
434624
99
57682
36882
171358
99
99
283553
15745
99
59833
99
189878
99
75492
99
99
99
99
99
53753
24674
99
99
4054
99
99
21960
99
242486
99
99
99
321988
188507
60845
99
243647
99
228091
2850
99
559004
99
99
161927
8602
99
185869
287158
90129
160557
408171
524024
99
99
97889
99
149193
238451
99
32797
99
99
99
36734
276547
316
99
99
99
99
99
38171
292204
196891
99
99
127891
216083
19444
59255
97982
138810
99
99
78367
65363
373826
155872
99
99
99
99
99
99
241684
213743
28999
99
99
40170
99
193009
99
313037
99
340536
162143
99
99
42
563058
29558
99
99
99
99
99
99
47543
99
99
99
99
99
99
263773
39986
53408
64268
281476
144411
99
99
99
259668
167556
109869
99
99
806
51934
51800
156464
129856
99
99
99
99
91706
462702
99
25305
42478
99
99
147429
99
227436
68493
2025
99
137477
99
325730
99
256130
99
228347
111193
129125
99
99
99
99
99
5770
99
46806
163834
1273
99
99
372178
99
99
96
99
92295
29134
99
278306
474090
66501
130699
99
99
99
98
99
99
99
106437
99
99
167602
99
99
99
99
99
98
134534
297181
59501
99
99
99
127774
10918
28093
7962
99
2812
99
99
99
312085
99699
99
99
2694
134479
29070
99
236145
99
51
102891
99
194909
74299
66926
99
50895
99
48914
6318
99
99
99
99
92647
225321
24957
130693
99
109258
99
122423
99
99
41049
99
255847
21369
99
13913
99
120205
99
81113
99
99
177066
99
214657
37738
131883
99
99
99
202414
99
99
99
99
99
358951
99
99
99
99
6147
313679
99
116033
99
156120
139655
200192
99
20834
3430
15381
362606
36376
99
120984
540318
99
137165
99
96
8632
134478
99
99
99
99
124416
127158
411394
99
40320
99
99
235111
219062
399688
99
99
371807
99
50593
64877
91799
99
327887
97798
3013
99
99
99
99
99
16409
99
99
99
33534
99
99
99
99
99
99
227202
305599
102060
185564
39683
34662
12678
99
99
848
111080
99
48707
99
99
99
430796
99
158826
173151
245551
89
163393
58518
217356
226785
35848
99
99
439198
3146
21359
99
245043
127913
99
99
10824
99
99
99
133108
251933
235903
329242
204130
99
80492
99
47606
99
99
31
99
236975
99
77972
257509
12952
23418
205511
7368
16181
52649
147220
99
99
99
99
99
369568
34985
99
433156
99
99
106830
188360
99
99
61325
99
225454
99
149703
99
51730
314264
99
44477
99
99
99
121627
37799
123910
3225
99
99
35753
99
522
99
463
99
99
99
99
99
215298
99
99
214992
99
12445
51575
8059
345747
99
99
31709
99
13216
99
99
99
99
99
99
131281
99
347254
134335
14431
99
171633
99
99
99
99
59678
98
98
99
99
99
99
99
99
99
99
99533
80921
22529
319998
22244
17059
99
99
183465
296276
112739
99
99
99
437257
129612
2850
99
99
99
98263
99
99
121543
54287
191189
112414
99
140889
91650
96
24686
99
99
99
497614
377259
99
99
42646
14951
99
91013
213
167051
99
99
99
99
25855
99
99
24993
283340
99
102604
105407
99
375781
295354
40664
254196
110125
99
99
61085
456181
99
99
99
312617
99
136097
133658
87721
99
99
99
99
107710
100367
60215
99
136134
99
99
31814
302137
99
106910
202173
99
163508
99
99
99
99
99
99
99
345596
99
99
249855
99
78224
47629
99
99
14885
28107
368979
174530
57200
99
9050
1839
95
34167
99
99
218142
86908
99
99
99
99
99
99
99
99
99
352277
487984
99
10377
234930
310467
99
75769
101198
92818
8240
99
99
99
99
99
99
99
99
99
37515
99
99
99
99
99
495112
99
99
10607
99
297
142893
62047
96483
65278
462689
215058
480241
120634
113170
70539
105615
99
4332
99
71859
99
110544
455857
99
9412
195200
99
39688
426241
99
7262
99
145129
94906
99
99
17208
82288
59636
99
99
94625
99
221736
318180
99
99
99
99
116343
341497
58858
62509
62578
99
306782
99
99
11823
204334
197831
39547
99
99
24210
99
92
297864
99
4188
99
87666
61724
99
347679
30165
99
99
360288
99
99
68955
99
94717
529
99
11710
46246
407761
99
529808
99
99
99
291417
99
46670
37924
99
318431
99
37887
99
99
99
310668
39127
99
172805
99
99
69204
99
99
2236
161585
243547
296912
99
99
99
335298
99
99
96
99
99
99
99
99
1697
11581
14443
99
84476
65159
288364
99
99
62093
99
244053
99
99
99
22071
3472
205012
99
412817
182333
293930
99
99
99
438092
48531
133276
73500
99
99
206143
24524
99
159725
375566
99
99
99
99
99
195379
157902
99
115019
5476
178308
110040
26552
97
97
99
99
166016
264170
125231
283267
268779
99
115726
99
99
314211
375063
99
99
53609
249449
99
99353
165419
317794
470947
337584
22776
99
99
91773
99
7975
99
258066
128954
81549
531446
236292
73351
145748
178161
304680
99
99
437131
261703
99
99
110322
99
99
99
399147
99
159418
1292
99
99
99
97704
122327
154847
99
99
99
58116
43941
99
38404
99
34643
214252
430103
99
352910
312863
99
6553
447101
99
374801
128626
150369
99
99
41299
99
99
273548
171303
99
99
86384
99
406999
99
147200
99
99
137940
99
3830
77839
99
99
238195
168896
99
99
99
99
250660
92469
182449
99
100982
352728
99
99
20199
300235
468303
127684
203559
285781
77255
99
139147
574718
544378
99
99
41759
92651
116297
99
48633
99
123476
99
209983
288451
102216
143650
99
311423
99
106963
245579
99
99
49793
80736
99
99
99
295048
99
99
99
128145
99
361896
288394
53604
45900
99
99
159565
20973
44519
68462
206083
82687
2260
99
99
82811
12360
60006
256369
3668
99
99
158864
99
99
99
203667
99
29866
216432
106596
30212
243453
99
112744
361981
99
99
99
401895
99
99
99
365401
137542
29802
126650
440187
99
267764
99
99
76503
99
99
99
99
99
442453
99
99
127409
99
99
99
99
99
99
99
99
99343
494713
125065
99
99
373560
99
70266
98493
5225
99
1159
96506
86
99
25470
99
99
99
325454
171971
52832
98
99
99
23914
99
214928
24428
97
282040
99
99
186665
99
97
99
99
532
99
99
183614
156568
206838
161340
99
99
99
99
15155
4281
558930
385935
98
99
99
90843
99
99
99
99
360798
49801
92203
97700
13869
261912
99
178930
311981
99
99
121658
246255
99
2137
492090
292709
1450
93
124733
10898
311628
27791
38992
277019
20574
359408
99
336782
99
99
99
99
99
99
30345
99
99
99
481501
13533
75
5364
99
135253
99
97
676
99
145824
174314
99
49494
99
99
99
60018
493238
151940
99
13674
99
99
99
99
490840
99
99
103263
99
95
99
350247
335457
483614
99
83826
99
122134
16517
99
8745
241346
99
99
99
6651
99
99
117274
99
99
264776
69723
79454
99
99
8447
99
99
99
99
47703
33097
99
99
99
99
50128
99
72557
99
225165
99
99
99
99
96533
72268
1512
99
99
99
99
99
99
93748
99
99
9270
380920
99
27046
99
244231
99
122199
52442
99
99
567908
357989
287179
19003
544
99
21677
182778
181541
99
99
81443
49667
153065
224668
99
145816
10235
99
329735
72343
99
175463
249778
9712
3101
99
99
99
152622
385403
99
167259
99
186063
529449
537286
1751
99
6313
261142
72073
99
15121
99
231227
99
6700
99
99
99
60591
32885
99
99
99
96
54080
97617
52272
99
218697
99
399682
99
12660
99
75740
8103
99
180293
113045
99
501874
127483
31400
3533
99
66277
99
98295
75332
373995
99
210711
99
99
99
427113
492204
318370
99
68239
263277
96
128002
193597
99
178515
230365
99
99
150760
170164
99
97
157663
115821
157489
99
99
65536
130981
40724
136356
99
232973
99
231208
74
99
18227
99
97
171182
99
41772
99
99
99
17024
99
99
278426
16098
71803
10964
218731
250584
297525
78162
99
496947
99
18962
120170
243775
43418
104264
99
99
99
99
454128
558373
18908
260883
99
99
89782
398254
9904
111799
99
493548
15886
99
99
5128
127895
99
99
3462
99
99
324445
99
99
180109
99
99
99
391330
99
427799
99
99
178743
99
99
99
353613
99
99
81093
99
195140
50083
99
177990
35385
99
15661
99
98
139877
82978
99
99
86737
99
121838
99
28774
139097
80346
99
99
393214
361385
99
99
99
98
99
99
99
21637
102603
197785
93
80425
99
54719
99
99
99
35769
28287
205983
385988
99
99
35095
99
99
343879
99
30859
532674
99
99
318617
99
99
166834
99
99
63299
99
166011
31055
16913
15808
99
13518
99
1032
99
19223
99
99
99
100629
99
148309
99
99
99
99
402327
99
99
99
99
145273
3783
99
99
40737
99
551774
257106
99
99
36984
24481
64332
13365
99133
99
99
99
99
99
107468
99
99
483932
99
33348
99
99
125527
99
99
97
30468
388126
33800
99
99
99
522114
10376
99
197703
99
4160
99
12125
99
38395
220550
99
440242
118573
99
98
83773
308759
78617
4858
102041
192445
99
99
229243
99
99
99
99
107150
99
99
99
99
99
14650
355149
106439
99
99
460437
99
99
99
17461
268324
99
422794
312723
99
99
87070
99
99
133250
43389
75441
57110
10745
185601
99
180630
30320
99
98
99
99
99
99
99
99
99
99
99
99
372577
329629
10007
18107
437551
99
10948
99
200009
366926
113719
33831
99
99
219284
99
120097
10544
12063
100329
130272
99
140622
99
99
120947
99
99
99
30484
96566
255030
99
121067
378898
394749
110982
99
109282
382876
99
99
465172
20369
84941
99
99
99
35239
191230
99
334729
30278
83008
68675
595
99
111163
99
99
99
65438
35441
43038
99
40475
69387
99
99
76410
99
99
99
99
29516
349143
99
314316
99
99
9533
99
99
99
99
246423
99
303546
99
223719
34740
99
64406
15029
99
180992
99
99
99
99
99
252668
99
84205
99
99
99
237998
99
411790
99
104773
314141
99
99
99
99
99
90060
430478
141576
285450
73961
101051
99
5226
99
99
99
99
51942
99
58078
14217
99
99
34139
99
99
152758
99
99
99
99
446194
99
99
146133
99
99
48611
99
99
193700
535478
99
99
99
191301
99
99
108044
314700
99
99
99
65764
131678
99
99
61945
99
349652
13509
99
99
99
99
99
547475
319319
99
99
348608
99
45609
112525
99
99
332374
26833
99
99
99
31016
99
99
202282
99
36019
99
99
99
99
280220
99
132199
99
99
219448
90750
143624
51891
99
99
10235
99
99
99
207383
99
149581
13062
99
269283
99
99
99
99
9546
99
137990
19222
322947
441962
99
371934
99
99
99
95
109471
99
99
368352
230465
99
64029
169435
150877
328546
99
187112
99
103865
337337
191975
539477
52370
134380
51316
362399
285844
34531
99
33612
99
5314
52784
98
99
14532
349373
99
327370
99
27318
