419764
99
384237
99
205774
99
255671
283435
365269
160383
96
99
99
4511
99
99
707
99
60178
10422
219597
99
99
99
99
145961
186215
99
99
99
536320
99
63522
99
99
99
449410
99
99
62048
99
136783
99
99
99
99
76939
122511
99
108635
99
333603
99
99
99
99
248865
15187
99
48791
99
99
99
26488
31250
189299
99
450311
99
110121
317392
40984
99
486524
297531
99
89826
209251
99
260643
99
99
99
291476
99
99
99
308718
79829
2504
99
4358
30544
251153
99
253882
102865
347497
122782
334850
99
99
99
99
99
99
99
99
39655
99
99
99
24194
99
99
99
254318
176926
99
171484
99
99
99
223669
117318
99
99
72462
342974
126535
203345
12414
99
99
99
107375
48127
357309
99
99
99
153637
61956
99
201519
237578
99
3653
148577
226675
504074
71722
99
2360
99
96
99
357066
99
99
75121
481394
436702
13818
30007
270700
50092
263842
99
34734
99
99
300791
38167
99
99
99
99
200817
99
99
157837
99
99
99
99
99
287684
23246
72760
1615
21194
97
73237
296882
99
338296
99
99
78617
99
99
99
96701
1235
530047
99
11029
99
182912
99
99
99
99
75219
98
99
16086
409011
244464
99
99
338135
99
93878
99
99
98
99
99
99
52183
119467
126791
165701
99
108547
91050
99
99
237706
171191
250585
98
207822
99
99
99
99
99
467117
99
99
99
99
99
99
208407
21847
16544
99
99
11320
99
99
192190
99
223478
99
402619
6100
99
6698
33798
82631
99
99
58649
99
99
9114
99
99
50018
274910
166459
184221
99
11479
99
563197
501203
67
500499
99
99
99
99
99
10623
142580
102886
99
96
99
238081
246631
99
76051
99
84188
40387
99
99
93483
99
99
99
99
99
99
591667
99
99
114842
148192
184217
192626
99
166427
443338
20545
36928
11121
98
99
99
167576
228281
44315
99
99
179864
99
317700
98
99
265591
99
289458
7575
99
253262
99
23638
150853
99
99
99
99
2885
129747
99
99
99
96199
65009
210710
392593
99
99
108211
444539
99
138404
397709
101821
99
146259
123840
31419
59644
99
99
133838
99
99
29503
253835
99
224939
123310
19321
17373
29091
99
99
99
84354
18833
99
96873
22347
42768
99
99
99
167209
5649
187786
99
51643
99
42050
99
99
15150
99
99
99
99
435460
99
70028
176690
160919
99
23720
24284
99
99
99
99
99
145780
495852
161800
98
99
75070
99
99
492368
99
265863
99
149805
99
99
228328
99
16020
166168
63
550940
85
99
7142
99
339742
233792
69903
99
162023
99
99
161569
99
83323
99
335090
99
99
626331
553937
284081
221218
445001
99
99
99
99
99
28236
3053
89
99
101479
99
99
192403
142555
99
415211
288738
53724
99
99
99
99
554901
104965
74371
155930
99
99
104237
184770
99
127326
87138
99
309768
613950
286628
252043
50365
99
99
61589
99
99
99
99
99
124666
83915
174833
475
99
99
99
99
115953
2870
99
99
9221
363003
99
99
99
99
99055
99
103717
99
46274
87308
108712
497539
87
78852
35218
87392
76645
99
99
99
99
99
99
1592
208461
238474
99
36838
306459
99
99
99
219962
345918
99
159843
225396
356991
52783
41666
99
359471
99
99
99
336092
4370
99
248081
98322
43337
99
99
99
99
29576
18589
99
99
98
33594
48432
10287
128418
99
99
222108
37919
99
123898
99
33780
235800
97
99
77413
99
56581
250310
8225
174205
99
39303
99
99
129248
99
58471
244354
99
99
99
7821
75795
485697
123624
99
99
166680
99
38958
99
99
72334
104164
87180
217753
99
99
2947
31154
99
99
99
99
390400
99
99
15151
186092
99
99
408693
282435
99
99
281381
99
99
99
98
441745
48569
5470
237288
99
99
199232
99
99
34740
58604
99
41687
99
99
133881
99
99
202665
99
99
311229
80106
99
12111
99
404023
99
99
351825
99
101570
526616
268701
99
99
218516
88966
99
99
99
98
41172
99
99
99
99
99
99
237956
99
99
75220
99
147898
159619
99
3849
130772
313412
97595
241094
99
99
99
139198
170448
309030
405610
99
362328
377790
147634
4243
276589
99
17198
99
642
121656
411733
99
55297
366108
99
99
99
283254
399506
99
99
26342
521340
99
161280
5401
99
378047
79872
99
99
543566
99
99
10516
99
123949
107633
179914
180889
333388
298510
58893
99
41800
81716
99
18997
99
99
164976
99
16000
389475
99
178369
98
99
50835
99
10108
129959
99
99
448230
99
519298
29453
184404
247561
62581
201021
99
8556
2354
99
429570
99
47595
99
99
99
493289
37070
99
91225
227983
197654
99
186516
94998
99
226767
91820
99
304021
99
99
39188
99
523731
99
564479
99
99
313691
13895
99
99
15558
99
99
99
99
99
185941
99
91596
25185
459755
90559
18076
99
99
99
99
99
373185
127174
99
75288
310865
99
99
99
519001
99
155549
99
119383
12297
12599
99
268511
79
58768
99
153553
99
53586
91018
29316
133683
228723
68440
216122
99
99
44539
75705
43798
99
98
99
99
93
71665
98
99
77015
99
99
10061
99
14393
62367
99
32250
99
10961
99
144339
490380
214466
99
99
351469
267021
99
19235
99
210727
99
118033
164166
99
99
99
4856
158
99
99
99
299643
186377
47603
125949
99
259679
99
99
1451
62271
136913
6497
32880
99
122995
99
7972
17046
99
42623
99
99
99
57923
98
218866
99
16494
137081
99
99
99
328503
97703
99
424509
99
99
190193
99
184867
221043
309708
170813
3243
131153
39493
420578
99
99
346390
99
16801
99
116863
99
42075
16897
285339
30622
30781
99
381401
99
186242
99
158673
99
99
357540
99
398443
99
131865
438605
109435
99
67114
31036
35174
309214
251958
99
99
6876
195283
99
439111
99
272221
99
99
3117
368128
195061
99
220060
99
435836
207402
98
31134
95
99
99
99
99
400671
99
59363
99
88458
9614
99
511510
99
99
39784
99
99
69263
82618
99
13452
145795
99
23930
99
99
201741
226264
99
65276
99
99
118068
248800
99
99
158666
74293
99
52278
18809
12218
158048
65954
99
99
12363
17532
255835
99
99
99
99
99
99
99
17614
99
99
99
99
68574
31808
99
99
99
99
99
99
175206
99
225103
99
314476
237874
99
405420
99
99
99
99
99
99
6808
99
99
13691
99
99
213291
99
477503
99
152930
99
99
102550
99
37432
99
423255
99
99
99
485705
155280
191388
99
367881
99
48530
79734
99
99
99
99
24980
60536
242387
96
99
99
99
99
41318
27717
99
129121
99
84561
8902
99
3707
311499
376347
48466
43986
446788
99
23469
212436
99
99
99
99
80083
99
20639
329785
387523
99
105303
99
99
181185
99
5774
99
99
4466
66223
99
99
130105
99
9898
99
99
99
338301
99
36797
72978
99
277003
5552
99
9460
99
99
507737
99
39757
334339
99
99
55723
97
355884
400416
131535
99
77022
91052
65540
118697
99
99
9850
25506
69117
99
99
99
99
120926
80444
16112
326131
1993
445804
74564
21604
267098
99
64888
99
47685
99
38202
99
29222
99
124221
99
99
99
99
168739
68150
99
75519
99
99
66147
368922
99
99
99
199955
309210
83253
230837
99
38353
99
348543
211136
99
38912
99
99
99
99
99
99
952
95973
99
248321
126167
99
69
99
99
115604
99
99
349346
99
99
387556
99304
101710
156990
20183
367673
99
13486
14230
99
12452
122701
264614
56666
99
1440
99
99
99
99
99
99
99
99
99
273281
99
1086
136547
16126
116095
42301
99
99
99
99
238372
99
99
191487
138898
169623
99
99
99
172670
54507
99
99
153446
99
99
85067
99
99
99
38892
99
99
361609
99
99
77456
140390
99
99
99
117655
99
24526
99
58872
99
99
99
107352
99
464205
99
99
482557
99
99
38699
99
99
97094
99
224426
67515
191407
99
99
99
99
92
99
3796
99
99
93
375524
146881
99
99
99
79780
300254
356522
99
99
39421
311521
99
333154
99
99
264463
64772
99
99
99
99
99
143927
99
380856
60891
188197
135006
137396
127407
229393
99
99
99
99
99
104190
99
93755
161011
99
99
393562
99
377348
145272
99
232939
99
6732
99
98
303879
99
97081
99
108800
99
302544
1950
217056
12751
7707
33222
70786
99
50843
389528
14584
16396
34510
98
6349
76633
99
99
99
53690
201208
99
99
104604
22941
170767
99
99
99
382951
99
517507
84612
97
510857
99
249983
234805
36605
137825
99
99
400027
99
99
99
304926
99
99
246250
544378
99
23023
99
443792
99
99
79082
220072
99
99
99
206575
99
99
99
99
138933
142301
99
87342
416786
99
99
75478
99
99
99
129036
99
2690
124964
269937
99
330942
99
99
27725
99
311282
58518
14104
167414
14341
72505
99
99
134081
99
99
99
893
99
99
99
14728
232450
2801
215426
550895
99
99
99
99
99
99
283303
99
36874
99
99
99
73328
363663
99
33304
99
321178
353958
99
384789
99
216881
99
287580
216694
394571
99
99
2830
99
30282
214909
282707
99
173928
99
110038
99
99
7840
99
99
31631
158751
131124
99
534893
99
55000
263623
603429
6094
99
99
99
43604
99
99
89
99
378617
315069
539325
99
210570
6078
165982
99
262194
99
53377
99
407907
99
99
596362
162221
164779
96
11538
99
99
99
99
99
99
99
99
99
153129
99
99
99
1196
136263
33969
99
99
99
98
29115
308103
136218
110134
99
190779
10708
99
329870
99
20869
39757
99
19577
99
99
154601
99
114461
317596
425188
99
99
99
99
67401
99
66140
41517
99
99
494916
99
185341
11755
196464
99
323750
99
99
430649
99
99
93686
99
55214
99
99
291231
99
84670
73879
167755
99
77070
285226
99
247816
99
56598
199613
99
99
99
234780
197775
98
99
99
99
99
368933
99
119538
370209
257180
241500
99
99
99
99
99
332953
26664
53165
147207
449325
99
99
99
99
99
2170
369318
99
192384
69783
99
99
99
303986
197574
363196
99
277001
99
522648
101748
99
758
99
158406
99
15912
270167
99
49
454033
99
188678
99
99
99
99
99
99
99
99
99
37598
99
99
99
99
258946
158792
479535
99
1493
296058
99
99
99
73550
99
99
99
99
99
294
99
198056
99
99
34988
99
99
99
97
270844
2410
99
212234
99
99
99
99
31773
49247
99
20285
14360
195608
99
167450
99
99
164979
99
99
96
288856
99
77189
99
196292
99
99
99
150284
99
99
99
96318
48686
606149
191758
225231
99
99
99
46136
99
99
145967
99
99
166072
23601
99
140445
99
98
12345
25311
250214
99
291405
99
138977
42020
139970
123159
99
2186
283570
99
99
81499
84748
99
85416
248180
274091
475725
99
99
99
99
99
45611
134774
99
99
99
99
248181
162388
404161
99
154612
99
99
99
99
99
90010
99
99
2534
99
99
99
30995
62116
416060
111424
99
99
234048
2707
140984
14234
99
99
99
99
99
99
32860
11551
22431
407119
22223
99
18776
51285
99
99
320785
99
86266
99
99
122604
99
99
21973
99
99
3338
183821
231836
3405
96231
258800
99
99
99
539415
99
22671
341600
12060
81546
99
285056
99
99
66528
99
394579
99
440131
40859
99
99
108033
17032
99
99
120793
348585
98
99
57936
186671
99
99
99
238548
99
39892
52867
99
200032
64948
99
211160
102856
140374
95
99
99
444051
99
204850
69142
70060
99
14671
193159
98503
99
96
99
4104
78
99
99
298670
86780
151850
99
370499
337946
88744
59376
6482
308176
99
99
123077
471800
309033
126948
99
18332
99
213326
161093
99
120142
99
70377
99
5823
27418
76364
256566
99
75933
99
99
99
99
99
99
12030
14324
99
99
99
193658
99
32792
335569
272092
241451
99
99
99
99
99
99
134468
89984
99
99
99
99
20438
566486
99
99
446562
26140
99
99
186590
99
448465
99
99
99
99
120445
200121
45485
186861
99
11269
95663
99
242959
99
99
99
369866
99
99
206907
99
404531
99
99
99
99
99
99
99
30721
99
99
99
99
190154
99
301941
99
64552
99
436181
99
99
70470
99
99
99
6091
99
99
99
99
99
522151
200498
95889
2369
102507
99
99
99
137321
166007
25936
205599
99
99
99
99
471624
99
238783
216171
99
352834
99
272317
99
99
8221
99
72505
99
48731
99
193016
354028
192351
99
99
99
104735
99
99
22223
99
99
99
45844
99
99
429007
77387
98
99
99
99
82213
99
483759
7727
528802
89
96
77785
99
99
99
141919
86808
17450
52220
99
42223
199059
99
40975
99
99
17665
99
99
99
410818
99
48212
99
99
205440
99
99
99
148925
263774
99
397257
89558
49661
99
99
19467
99
85010
610915
207473
283861
68428
62540
98
163553
99
117022
62179
368803
80748
313211
99
99
99
99
99
99
413235
99
99
61983
335256
99
13306
244695
99
10567
235299
347613
99
34816
99
99
99
65128
460840
99
41531
99
99
99
99
456525
99
42557
158279
99
99
99
99
179391
99
26158
638
42469
90055
2252
39531
306772
99
67827
89541
120808
394133
99
99
99
96
99
99
5173
156072
448614
99
99
99
9353
246930
341304
99
99
99
84360
178105
99
75964
294612
61
453964
99
99
118800
278212
99
99
148430
517078
99
99
460434
4034
142620
99
99
99
99
99
164111
99
116582
150022
91079
97262
87179
10686
99
56324
99
238216
99
513697
99
100178
99
99
466216
28773
51650
293703
99
99
99
69602
268961
99
99
355
99
196062
200428
56238
99
17962
99
99
99
40809
9304
25060
2917
99
202544
99
99
99
99
99
99
99
8332
116587
150440
99
99
2293
38377
98
99
171648
74391
99
99
99
99
203214
89674
56038
6177
157159
99
44703
264834
59488
183687
99
18129
31505
124241
194853
1584
99
99
44017
72854
99
98559
211957
99
149887
99
99
445198
24235
212898
99
89419
147054
99
79445
31540
63397
99
99
99
1312
165271
362050
312689
99
130374
365558
60253
99
280308
40029
277382
119326
99
456273
182012
99
99
258449
43374
99
99
99
99
99
131808
7932
99
96
99
117234
217060
99
439621
150115
99
7635
99
37764
99
39309
46
74407
99
231776
106654
99
99
99
314011
484978
99
99
47513
19744
99
99
99
99
235773
2066
99
182676
99
141077
147109
89637
7915
380851
99
99
377215
344290
271652
99
25902
56887
99
99
99
99
478376
99
99
134115
99
235082
195333
99
99
185224
99
161602
99
185172
99
456594
7166
99
425233
140627
99
99
99
99
12390
99
99
176149
99
410707
244479
260980
99
224086
67124
167588
99
99
340299
54198
242244
2585
277853
99
99
24697
99
99
99
7604
99
48316
99
263711
12936
99
273158
176450
298936
99
369141
99
45534
99
99
36769
82165
6617
99
99
99
99
99
31749
350624
99
195417
182844
114090
99
99
99
514225
99
99
141713
41896
99
99
52894
99
262007
392915
99
99
368022
99
99
157130
99
391326
178681
99
281709
99
86409
92424
99
211784
246480
99
5296
175357
403396
99
213213
99
99
45166
20284
162875
99
101023
61354
68441
99
99
106571
113911
198441
240256
157757
99
99
84668
99
324844
99
99
371430
96
554672
99
99
99
9624
99
98
145315
23255
99
187526
268548
99
99
99
117984
99
99
113115
99
99
86087
98
252478
56039
99
99
99
96
117339
6291
98855
265744
99
99
107644
80403
320539
84962
99
333810
366179
26105
99
99
99
4651
267039
41184
155108
99
15314
99
381974
114808
99
99
380822
99
341274
96
99
99
99
51190
16332
149594
99
57453
99
173686
483166
99
99
99
63809
99
90357
196955
16728
85392
99
99
99
152315
50743
99
99
97104
153855
203763
15035
561180
99
492
99
148305
321235
228539
380232
141038
40769
71743
148329
98
99
99
99
43916
26452
99
363193
578271
99
275367
99
8876
152695
99
145101
99
416065
450418
99
99
99
99
53194
237949
267013
99
99
99
168536
192238
15894
99
99
99
508587
14555
99
6820
99
357124
99
240317
95
99
98
99
99
59968
99
99
99
149690
146423
484591
99
99
182734
99
99
96
99
138216
25350
99
99
18064
6132
116611
131014
72303
99
99
41
99
66596
99
99
99
99
96
385831
99
99
104305
99
99
74259
60574
99
98395
99
769
81528
44415
2646
23966
99
82428
99
99
315385
99
99
99
328382
51041
99
1259
226288
318733
99
401809
99
343567
99
194205
99
115813
289034
139693
31575
99
81865
38860
390209
99
260434
118737
99
404112
99
99
135241
99
56688
99
23708
152597
99
99
99
126801
99
99
96
99
99
66650
99
272494
99
472553
88689
286001
99
99
99
99
3879
42526
312420
93
99
84939
6166
99
21669
99
99
40501
99
99
81036
99
35053
470285
100864
357426
42524
99
99
99
581284
317621
206463
99
260624
189351
138375
99
99
175041
99
336034
24419
424159
7879
91078
91413
219201
97
133560
99
250389
99
87909
25374
26250
99
413075
99
99
17041
99
99
2064
230104
358008
24906
219754
99
66872
99
110165
99
284269
162402
99
235111
31563
86986
99
129769
99
99
25365
281419
53028
70049
99
41699
99
273047
99
421982
99
99
99
99
99
170910
77596
355678
130527
99
99
256744
99
99
113467
320402
99
99
71211
172218
89794
23808
99
142685
35613
99
344676
99
99
64537
28994
126016
116120
99
177964
99
281726
99
207189
129949
99
99
314770
99
99
99
242239
267898
99
178973
99
99
99
72082
299781
99
7691
339891
187921
232561
481498
158918
26872
1073
757
99
168709
140520
99
273663
14131
1090
227090
99
99
99
99
99
21689
99
99
1096
369161
429029
216791
37626
153762
8540
105650
99
99
111149
99
18
99
17952
186640
99
405998
436572
178771
307368
19748
160377
99
209389
22008
185670
381481
99
99
99
99
99
475485
99
99
99
205367
258084
280231
99
99
148797
140027
269518
325276
99
1050
252201
80505
203191
2717
99
21964
99
59542
99
59697
24876
40076
11177
99
99
14737
31206
99
288081
99
99
117705
99
99
103374
48737
141216
99
99
235206
99
99
88831
99
99
99
99
99
99
99
99
165151
99
99
342335
99
121816
99
99
99
454435
99
99
76140
99
148948
336256
99
128451
211294
99
50235
99
54885
99
99
24324
99
126427
99
44741
96
30830
288420
99
196985
99
458328
99
229197
99
99
124607
284942
99
99
88818
99
27242
288084
443462
99
99
212422
16683
99
99
284017
85430
99
249669
99
99
136157
348003
99
99
347336
135999
99
164274
99
99
27868
1192
99
99
15804
99
99
98
30141
99
20976
252421
99
99
99
112350
27025
15757
2277
12307
99
99
99
99
330902
94
99
99
99
99
99
498547
99
195317
99
99
23987
255933
499307
99
99
39475
99
99
123526
95
453935
31915
99
23037
185029
140899
99
20108
99
125579
34873
99
544989
519109
5209
99
148875
99
99
99
222
99
99
99
99
99
68570
426612
99
366100
99
142578
19562
85187
133159
53594
21875
99
121677
3132
99
99
99
157856
65974
407
10478
99
99
1669
99
99
99
99
98
162071
99
321549
99
618803
170235
99
99
72431
99
319322
99
99
99
162721
152610
51410
99
57715
29470
276810
3077
99
99
99
99
2255
69272
483586
99
452819
99
98
93250
99
99
174279
951
379539
99
99
99
237298
99
40458
99
191988
99
99
145026
27413
150979
99
27508
99
54589
99
477328
968
99
99
350244
67146
103068
99
99
99
56315
5113
99
123256
99
99
72789
290247
44322
99
30155
99
61356
796
88395
293701
518359
1534
99
99
99
99
152488
109841
18293
310266
346482
28909
99
99
99
324569
99
188551
468942
99
99
99
33246
99
143395
98
39216
99
229823
99
99
99
99
99
99
44680
321545
13993
99
283176
99
390636
99
163307
99
99
99
14504
99
99
99
99
99
99
99
99
92765
99
52848
366745
99
364196
99
99
13754
255973
99
98
99
99
23331
95
96660
99
99
99
290014
99
99
99
255726
123258
168495
335783
24779
99
75076
99
99
41195
99
150867
9824
99
99
99
1838
99
99
54225
99
99
50646
23223
219438
99
120148
99
196982
99
99
93
212526
99
64
544432
99
8401
261330
60977
125390
99
73814
501523
99
99
239724
99
99
99
99
99
99
348513
282646
143275
53727
339687
481264
60932
209659
369423
95
99
1122
99
393244
229743
97
131071
22028
137135
320204
65722
239261
52708
351620
427940
453059
14997
99
99
99
418692
119258
125915
99
99
99
99
99
142611
99
99
99
132345
99
200796
78
114489
99
79917
99
57809
311703
99
99
415107
19859
126267
33233
54830
99
22475
99
99
99
19021
10349
99
99
41711
99
99
1894
307538
99
10387
183543
5030
18255
99
172298
246374
109601
78471
3043
99
99
99
38543
71126
99
99
118505
32776
272968
99
118236
36554
99
99
99
34040
99
99
131496
64282
99
4332
99
399839
124625
256858
99
99
95
179764
27154
79532
93351
98
83
96
44793
499729
99
99
99
177469
28669
99
365471
558303
5924
127554
274804
99
14812
99
2185
99
134911
175229
99
99
99
142051
398815
99
99
99
99
474579
113834
5901
99
99
99
99
87511
203935
259447
99
92728
99
99
188057
14770
99
219867
99
69180
99
99
2902
99
99
19134
99
99
99
99
172015
17461
83465
97128
99
11211
28341
4995
62311
409398
49751
258739
99
99
99
140104
5956
99
99
99
99
99
99
99
140425
278891
99
206313
99
99
142324
372
507825
480439
99
99
99
99
81222
79182
272027
99
99
244025
99
99
99
179503
99
99
12570
99
99
137833
99
99
265194
377578
44938
84994
99
41403
217032
99
99
99
99
202244
99
488320
99
260374
99
99
99
432665
11821
99
340342
99
69504
26362
99
99
99
197250
236000
24006
99
52101
99
99
176531
99
99
99
37062
90926
99
99
99
253937
23197
99
139727
280833
54800
99
99
241784
99
44215
99
159090
102742
437889
99
99
99
99
443396
98
99
99
37259
110990
99
282760
147126
320227
160706
99
117477
47484
99
113036
20054
99
182770
98
233822
108423
99
99
364010
229284
243029
99
73368
340438
235526
52742
557933
99
99
98
342458
44538
286962
244658
99
54143
98
99
352856
99
462560
71428
385971
27927
451076
504353
99
132763
30449
204286
99
50522
274353
48117
99
99
398126
62963
99
99
99
371804
42862
363980
99
9319
26464
382488
99
99
99
99
99
551592
99
2959
99
188389
99
7822
219844
99
8443
99
14159
9234
116014
99
99
312063
138813
99
99
96
188827
51318
99
99
65230
99
99
43861
485731
25577
99
99
199211
99
69520
99
99
16896
99
99
99
46649
126587
99
99
58084
99
239603
274573
99
99
200631
349973
206467
109799
60317
99
99
216770
99
99
99
99
131797
49441
117328
95695
60299
99
36184
99
99
573119
198409
600037
150329
99
99
99
1749
236497
99
86113
161129
99
99
99
336481
15789
99
368134
99
99
216339
99
99
99
99
99
99
279240
158548
99
59084
5432
52737
203594
459466
99
144374
100337
2489
469687
99
9396
99
99
251444
344195
148405
185163
99
99
68659
99
99
250447
99
517183
99
275046
99
99
99
99
99
240007
99
99
128219
99
99
97900
60785
99
25733
99
127841
203405
109743
99
239222
234951
99
9460
99
99
99
1181
27714
99
81440
4406
444213
99
372488
15222
99
99
99
99
7708
363887
102989
184067
99
99
99
99
99
180516
89
5840
99
124187
66735
346956
24368
99
38879
273948
99
98
99
188833
99
93
99
99
445277
54337
184221
99
99
99
99
99
99
210539
300497
99
99
379636
99
99
137455
99
56389
49595
99
99
99
229648
99
20681
181918
136686
99
99
374311
99
74997
1100
99
200081
94877
99
195823
99
99
68855
263716
99
156182
99
99
55621
25761
99
99
22343
61980
14745
99
99
99
83361
223920
99
99
113063
27607
76084
431566
136408
99
99
142037
126327
418643
99
99
99
209920
99
177314
99
347676
90071
72319
99
263086
99
99
99
99
99
99
298707
99
99
82022
99
21202
259006
20954
99
99
99
131913
217990
99
44049
99
99
72690
231114
78378
99
99
239652
35248
99
21325
99
99
99
99
99
99
451741
99
184147
99
96172
99
11997
99
99
99
99
137162
114178
99
53633
99
122226
1480
279820
99
99
25882
99
99
99
99
99
99
41507
345480
99
40921
99
184361
99
28654
99
99
99
222571
95721
99
99
14792
238183
106636
443347
99
99
353354
70043
99
99
99
99
99
88964
285151
26556
99
374918
99
99
101565
99
99
166140
163035
99
2213
99
99
35441
99
7573
99
154222
235388
102112
99
99
99
99
99
16820
7747
99
58347
239331
266936
99
99
4910
99
166979
139052
336700
99
84774
99
99
99
99
269150
98
48997
125498
198743
599825
246249
106604
361865
99
357388
99
329678
514601
136970
154865
99
99
176732
99
99
95340
99
338624
285711
232576
78694
401164
99
53164
99
99
99
500481
99
194405
99
445978
220408
138643
99
99
99
450881
42556
76331
99
99
99
444037
592344
99
99
212144
411894
99
10548
99
99
39687
290249
99
36975
396552
82
99
89138
162271
99
99
42878
123234
154450
61557
66857
309828
147736
246610
99
99
89421
478824
137678
272722
206611
34445
399127
99
99
99
99
99
302335
95690
75979
99
26313
14148
216902
99
99
99
99
128737
99
99
99
99
99
99
99
28831
140753
41862
99
99
99
99
335920
99
99
99
98470
99
99
95508
99
99
252224
99
72631
128806
99
99
99
44124
99
99
99
331787
99
374645
2570
187946
198147
99
99
99
96
171731
99
99
99
99
99
190739
99
9771
119296
417508
40326
99
99
99
99
99
6990
50679
99
99
65315
99
289522
219814
99
99
272752
7662
99
188445
99
99
99
35419
99
99
174303
99
359138
42295
99
49945
99
99
99
99
99
99
422407
188176
99
99
99
99
99
99
94
39078
99
132437
162656
99
179668
1780
99
158260
99
51427
99
99
99
99
99
71141
99
99
99
99
44691
216866
99
437424
99
99
99
99
418980
99
33123
99
251512
99
156323
99
463227
99
99
99
99
99
99
56576
99
99
99
5701
99
82765
225632
99
280173
99
99
99
99
99
52157
95843
105509
299169
99
50941
99
57440
91631
181469
265038
99
322573
99
7003
229631
99
99
18051
115455
99
99
527064
99
9889
61562
72799
257594
7615
99
99
34212
85251
99
99
99
99
357378
99
99
57280
76835
123557
287560
16118
432111
99
91455
315419
99
218477
99
99
99
99
307873
98
99
99
99
163179
99
99
99
99
213184
47339
99
99
99
99
95
98
94919
99
53509
4215
179256
99
123291
99
99
388694
56802
64969
34422
223365
218328
99
99
99
8498
99
72719
99
30250
99
145086
99
99
99
99
350273
289403
99
99
9200
305180
107775
98
92089
99
99
99
492461
99
319792
99
99
334750
99
5309
66188
257536
99
215536
96
99
3439
99
208187
296542
293710
99593
99
87309
12804
232312
63039
99
99
99
2614
269204
17595
99
99
99
15237
48891
401474
99
253095
99
1190
99
189705
238250
99
125104
30216
99
28222
98
63048
99
167495
899
99
99
89335
4126
135302
99
99
87777
99
143762
99
99
99
99
99
7613
2725
99
99
598979
99
99
113505
99
28233
99
18318
24891
331696
217138
132129
333027
34264
99
362554
306376
7845
205278
85937
85518
333771
99
99
99
99
31128
66331
84642
58912
208929
99
99
34786
379453
334858
392148
99
55673
170448
27796
99
99
93073
168135
99
218778
96
2318
380280
307484
96
74763
99
18550
374447
99
99
212032
235861
86864
99
238043
99
99
480878
99
101003
24204
99
99
236936
199218
82756
99
99
372065
281301
99
135092
99
160259
243228
48097
73027
99
56604
99
99
222243
99
99
99
99
168885
75623
99
420533
99
31037
158082
99
99
29824
85057
99
94715
13
99
107632
98537
170675
99
99
99
99
99
99
95283
99
32376
125095
374230
99
17313
199627
99
79647
99
165477
120649
99
56395
68602
99
147903
499913
99
280289
385777
99
69061
99
99
11609
310760
210162
289250
29352
99
8423
113828
329006
52366
418888
99
99
197448
99
117825
179056
99
156061
99
204036
101634
99
152190
311680
261650
1253
152833
99
242520
107824
124323
9519
99
99
99
99
107212
99
328
448835
91600
99
156032
99
99
15009
99
136428
99
470861
99
313902
99
171454
99
99
206225
344376
99
371613
3380
192592
99
99
99
163041
184658
14740
16541
99
556441
99
99
99
27513
217790
126482
99
210239
99
99
97
99
9464
295876
10859
66131
217793
60856
99
341033
99
102731
243611
112804
36141
245849
225979
147582
99
278251
99
314790
99
115280
5311
99
99
48423
99
153012
120685
226456
61109
98
179786
99
99
99
36889
149540
99
99
99
65012
99
99
99
27596
99
68114
99
373637
99
99
227949
99
210868
310421
28430
99
56838
186415
99
172192
99
99
99
99
99
99
99
27912
99
99
99
99
281647
95217
181140
99
65131
90435
99
99
99
99
354655
99
99
23125
64612
99
99929
99
99
335600
99
210079
99
99
99
99
16882
278369
99
99
296582
99
99
111347
107816
400915
99
99
84026
381700
99
99
99
134768
106708
475480
99
44821
241788
99
24258
99
17535
99
302263
99
44217
99
104121
128637
76734
99
99
33645
14584
158651
99
161643
18127
120522
99
99
52188
99
305739
99
120394
89343
99
362553
99
291353
133114
115738
98082
99
99
152848
99
57247
164738
99
99
10587
99
506695
320428
102607
99
477750
99
364661
24085
99
99
56156
99
2379
99
99
99
99
99
387651
99
217911
41523
99
99
99
348
99
99
99
99
5114
6181
99
6380
99
45824
99
240528
81686
73284
99
99
269853
34245
5457
459858
99
17209
99
99
21837
99
86793
99
207594
99
157061
99
374977
119949
99
145697
99
164652
49474
39777
87043
359055
99
99
99
99
99
99
144625
4164
312872
99
99
99
99
199650
17550
247248
99
99
196387
99
99
99
95
95
99
99
190866
99
99
300973
99
3008
19038
99
6896
304937
84109
120195
98739
38822
99
99
99
99
141952
366974
394000
94568
99
370645
99
99
99
283680
99
99
99
99
99
99
378094
375851
99
93700
99
99
99
284171
165142
83933
523824
102261
146763
153991
17942
99
1737
99
99
99
99
99
65713
99
57
99
186489
161469
99
99
585125
99
16952
99
99
99
48882
99
116380
359333
99
99
26338
99
99
904
2909
99
99
21755
56376
99
99
77604
99
443302
417513
99
99
252696
99
105820
73869
162558
99
9377
99
93981
99
99
239240
296716
99
7287
291619
99
14120
99
99
253214
99
99
99
98
99
115859
99
99
123647
145782
99
99
99
99
14306
92911
23268
152639
99
99
6549
130470
99
99
99
99
115595
227456
99
99
403076
61404
99
12882
22185
1118
165911
99
99
363258
99
99
34110
99
268114
99
98082
99
99
99
99
132829
99
127414
99
277605
99
99
99
99
99
281224
99
99
99
23902
24775
104068
99
199280
304961
99
99
376274
10438
99
99
52599
99
73414
228468
99
1249
99
109
83477
99
262432
41270
38491
53815
179371
99
26686
178684
28992
99
99
20088
27964
371823
14690
29772
5364
336308
15730
24773
99
99
99
99
99
50115
96105
99
99
12438
69030
395477
137045
99
99
68846
99
231059
96
208911
2870
99
99
99
26551
99
99
132338
99
114680
182814
537782
91469
99
194615
99
274249
99
99
99
99
102239
18327
99
99
382548
99
99
99
436368
138564
23777
99
52749
99
99
99
98
99
99
123354
99
555158
79901
421204
99
5855
99
25937
259197
99
99
99
99
48390
99
99
315015
4188
99
65088
99
99
34850
99
6650
99
196531
100285
99
99
476220
18612
269855
5384
102158
104609
42718
101469
247122
96
8315
31965
99
99
99
99
99
99
99
426568
99
99
99
99
99
119139
99
83986
38847
99
41567
483880
99
61595
320231
99
33257
344396
590
6558
481709
99
18869
99
95
371922
295321
99
99
99
109558
99
1718
99
99
74835
99
30096
6039
487418
96
326890
80837
78862
99
99
99
26206
591532
99
534125
160538
99
80709
204285
250404
112428
141624
99
99
99
99
99
99
206762
99
128521
99
1350
99
99
99
226021
138247
99
99
99
99
60000
99
115241
99
68343
98
5445
194352
24346
301688
99
99
58014
99
98
99
115270
99
2425
99
99
463475
99
476865
262551
98278
99
245575
455851
110228
29118
99
65126
12289
19800
99
38595
99
94499
99
31234
115227
108073
99
99
99
99
435052
7705
99
176186
300747
98
99
242592
119766
99
99
94884
84224
99
99
99
326803
99
99
99
99
99
99
232915
99
278208
266159
15748
99
20107
20440
173776
257045
99
306941
334982
99
351673
13597
30518
99
99
99
85868
51716
99
64159
99
82860
34511
312425
99
99
34411
99
86
99
99
310088
99
45427
99
99
99
80390
99
99
63101
101622
99
198120
99
330104
99
99
99
99
209239
492414
99
99
98
44644
657
588019
99
6672
112343
99
426668
327871
41478
99
99
14588
99
24294
99
99
203484
184783
61180
99
495644
13563
99
92291
99
99
99
261246
99
278187
285807
69893
88698
157645
388879
99
99
65829
99
99
274010
99
471091
226804
494198
99
13896
32837
99
239018
99
99
99
19638
138053
296920
99
583809
25250
237126
99
150256
148
99
99
47451
398924
71973
36763
25741
99
95
99
105632
99
191009
99
99
99
99
79935
99
330875
414442
514650
99
99
89050
99
328164
99
382101
99
31412
99
376573
99
99
28725
19506
99
67984
266068
99
377034
99
119891
99
153596
23332
99
99
99
99
36547
97
99
19187
99
99
99
584181
215330
99
99
187437
99
350096
259163
185904
53299
327490
246633
99
99
107979
99
99
322219
246378
557917
94
21773
492
99
134
99
251
99
497732
99
230514
158354
74575
27428
30902
50068
99
403749
34621
99
99
2063
121883
99
99
110764
99
99
219337
105368
302595
121073
80
99
38520
98
99
99
47438
99
26663
93
67326
99
99
99
99
99
99
48875
99
198899
178970
495838
99
99
28310
375937
6078
99
99
99
229353
125941
99
80546
29623
336817
99
99
74
17445
99
99
44814
99
99
2219
12747
206352
99
162088
24832
99
99
94841
99
99
99
99
479519
198867
99
141036
18444
40405
324181
73803
99
99
99
99
99
28212
99
144617
37102
99
5455
99
25395
99
99
23803
112999
428723
248872
99
99
39018
99
16459
99
99
99
113036
96511
98
35488
99
39244
73200
99
99
2594
48276
451249
456641
99
343705
99
97339
250238
191989
18040
99
99
99
99
392155
25349
101448
99
99
99
99
99
143375
99
96
99
46457
38869
99
25333
507521
89436
279866
11180
99
373416
99
15769
99
8347
99
477425
453211
319187
99
99
37109
144454
99
99
31116
98
371591
142761
99
99
99
99
99
99
192827
82534
57960
99
1740
88095
99
98
124
256748
2855
303538
4003
99
99
16436
62219
99
193062
6103
99
99
83016
99
24233
99
99
99
178748
99
488150
99
82479
99
99
32153
59763
99
99
218459
99
217010
99
253028
99
12647
99
99
81400
99
99
99
33434
99
99
99
110314
99
56739
251343
99
136004
99
99
99
184884
99
179744
99
99
99
97083
88211
99
5804
99
197543
86941
197556
336868
55445
509023
99
359736
49678
99
3208
204940
22098
257950
99
99
107631
99
99
99
99
57472
99
99
99
99
2107
99
99
137635
53075
99
264989
153834
9683
99
4665
604332
252783
21605
390420
99
214156
338315
130739
103331
99
320355
574930
17160
117797
99
99
70259
66404
53849
99
98
423832
175163
75153
99
99
190784
4026
73135
99
99
99
600401
99
99
56002
98
99
101502
99
340406
265065
99
99
99
279804
99
99
8
198547
99
66478
93
49134
99
30900
63240
99
135788
99
17348
99
99
146358
99
512760
264237
1590
99
384378
99
99
99
107091
99
16571
85540
99
99
99
99
70992
99
99
99
25751
99
99
99
99
99
99
339086
138118
111052
99
99
206007
270053
168773
99
99
99
99
99
99
99
2894
92160
266205
99
173750
99
99
99
99
145554
202103
99
273031
305551
99
99
99
99
154945
99
229694
67319
99
228292
428613
99
7028
99
270862
283624
99
33031
84168
99
99
99
302654
99
99
99
99
158483
99
9601
99
99
99
38456
323458
5539
169575
99
99
99
99
99
99
99
99
58972
223186
99
602680
99
99
401966
59918
99
100592
99
18312
1096
99
219180
99
99
30459
31382
136913
99
99
99
2937
73981
68535
99
99
99
196138
99
142119
99
99
99
235380
134642
99
264006
90711
99
537891
99
99
99
237001
215142
99
99
99
99
99
210569
48160
181755
96550
99
147090
332842
141120
9214
