17540
75914
10926
29412
99
11110
151162
379120
202031
14687
76367
99
99
4558
99
249378
99
261339
99
99
99
99
36290
99
203318
4494
99
89488
99
194041
10610
99
139719
99
99
99
349848
99
99
99
115428
99
99
387187
191892
184280
175378
99
99
99
99
45959
99
99
451734
145496
99
349991
99
75485
99
215540
99
99
194237
48838
99
99
132486
99
119311
248233
99
133243
9481
99
99
24065
99
99
445480
301743
99
251883
142089
153591
56213
100639
37639
427156
27456
56
104568
99
24458
99
99
127149
70803
99
99
99
43484
98
127549
115555
93421
99
82332
143142
106056
10008
99
99
300338
43112
99
298007
99
509253
3755
99
99
86562
99
452026
234706
429089
99
99
99
303776
460725
175409
99
114567
99
200069
99
99
142705
99
99
48999
99
99
99
99
4041
8371
525690
99
150354
189424
99
99
15395
99
29430
80743
99
99
99
215806
379380
99
99
5465
80727
158339
99
99
99
83740
84009
99
316939
97
61621
246921
99
125963
99
99
16998
472437
99
99
99
99
99
99
99
384604
99
99
99
99
99
124047
80691
29918
99
36894
99
99
99
99
46542
277547
99
38591
68354
110627
99
99
99
401850
99
99
274215
99
99
99
33408
30932
78046
495660
328077
231
32752
30335
99
68863
352129
99
99
171096
99
99
99
99
48855
19263
99
99
3779
96
30399
99
94
358666
99
141783
99
99
99
99
197827
459068
22377
99
99
199797
250683
431985
99
99
176029
99
99
99
99
35577
99
98253
52068
113001
99
9473
99
44847
99
113438
36006
99
99
105448
363405
99
99
42652
401917
26451
99
34542
99
88090
99
99
99
13647
99
14085
99
99
99
99
443479
99
99
99
99
365632
51850
30925
15451
99
2825
19198
375335
99
148118
66304
99
124392
178
99
363852
225063
157148
99
99
99
469138
99
99
27287
49594
99
99
99
99
99
99
99
303806
99
99
99
218259
99
99
99
99
146270
64517
99
59593
279575
70313
99
8526
17324
99
99
344636
99
226447
66815
99
99
99
60918
111220
6393
99632
99
110944
99
99
468912
130319
99
99
106717
99
145257
99
57038
65133
78233
99
78809
99
99
116946
272825
63614
99
99
99
32560
187645
63211
95539
99
77289
389481
501609
107250
45402
315516
99
177223
99
78621
99
37484
99
99
52158
99
390261
89716
192915
99
61681
99
99
12046
206153
99
99
99
99
197957
99
99
123087
99
99
103680
99
33887
137928
99
99
113199
99
83587
24795
99
99
135249
99
99
99
99
27994
99
99
99
99
99
99
435091
99
99
99
99
5132
99
99
76566
99
129107
99
99
418921
19374
208038
209343
99
340479
63493
99
99
42023
99
42577
19130
168499
145623
117907
514196
431668
18734
99
99
99
99
331103
164434
99
99
99
99
99
99
99
316411
202949
728
84
483188
99
99
83771
284182
65405
32555
99
99
74858
99
289449
99
54319
99
47421
295830
99437
99
49092
453920
18195
9380
408362
5853
47568
182
99
42414
85926
129527
31012
99
38707
495671
58
93039
163510
99
391279
300951
68997
13610
99
99
153693
99
87770
99
183096
99
99
99
99
110173
21974
318882
99
215177
35834
99
99
99
12830
99
99
99
39959
69
306240
99
99
29033
87436
189276
34762
99
1299
99
99
99
167043
370985
40086
99
376068
157970
447
99
99
365891
99
48945
32734
21104
99
99
99
99
80246
99
99
99
89537
92708
99
156283
63992
99
99
99
99
22942
322776
58405
99
248637
153158
99
99
99
81029
99
409654
99
175117
140309
99
99
99
99
7218
99
149663
99
99
145501
99
86802
173387
82350
144811
127651
222732
201970
99
383781
142729
99
91364
375056
182122
254882
99
99
42681
82162
13987
139347
68216
99
99
26654
33648
173158
59
99
99
99
99
99
113880
150835
99
19076
99
99
99
99
99
23898
99
10364
81953
99
98876
99
99
99
99
497650
20732
99
99
99
478827
167282
99
99
99
205871
388606
99
7171
99
99
328165
305344
85294
237795
185587
242444
44884
177609
273452
99
41960
99
234483
114854
99
115549
99
10541
99
99
99
99
257181
99
99
99
99
99
99
1302
211684
99
162932
356260
300068
134953
24940
97
99
337479
266832
99
99
99
99
99
65417
99
99
128278
99
99
99
99
99
99
38118
29801
97
99
99
99
99
99
99
99
69215
99
83049
21133
99
102983
169612
199539
99
18264
130403
410282
4217
91037
24285
99
99
99
82539
99
99
99
99
395344
65273
405059
177057
511178
99
66007
42127
99
99
99
99
99
99
104087
377721
444765
93369
98
99
26220
57038
159104
99
99
4493
99
99
99
99
99
110660
114299
99
122609
99
121902
99
30621
99
99
99
99
99
188907
99
54869
448352
3480
99
37484
103670
168740
99
99
98
488193
111200
144958
537281
99
61470
99
48261
138665
181328
205296
99
233966
99
167693
99
200801
2717
99
99
99
206906
136972
99
99
99
99
99
99
99
99
302137
136126
99
99
99
19329
99
99
99
99
99
99
99
237608
476256
99
99
99
99
109630
165417
99
99
260240
12055
99
21645
45629
99
49785
99
99
99
265975
99
62330
99
30049
164485
109640
13732
99
106173
58983
99
99
99
99
223929
99
99
28927
160029
99
202844
114358
99
285575
46671
99
9311
99
99
2291
99
99
99
99
99
68426
99
99
301314
111414
168943
380
35016
98
99
39425
169466
99
99
99
99
99
99
99
99
99
99
99
45114
99
99
99
99
99
99
241460
99
58570
44210
77037
240486
60447
99
99
34253
431406
99
99
170302
178327
99
59105
375722
99
99
99
136001
141468
319805
367192
79751
99
63118
364393
52880
99
99
99
99
99
99
99
99
99
99
99
190321
178387
99
40273
429713
68740
83115
31447
32370
130267
99
586441
99
99
99
99
99
99
99
99
99
142207
27477
99
99
122500
99
99
99
241515
64189
14036
33722
106950
99
99
99
180943
26195
10126
441476
45481
97
11137
28084
328016
4473
192440
7640
99
99
99
8222
99
4681
148196
5741
99
192592
324937
99
99
99
99
14996
99
4280
312310
99
99
99
99
115495
2902
99
330036
93
16311
11637
91
86340
287738
127759
135952
444049
99
99
7965
282390
236844
81484
99
99
55906
99
99
382554
4476
99
99
161550
156969
99
99
99
99
99
206814
238754
191454
99
393660
99
99
99
99
99
257822
56200
268201
99
278680
99
407774
6193
80282
238736
99
27323
99
584440
6664
6077
99
99
99
120268
230889
355528
93626
99
18640
99
99
341558
413731
99
99
99
307951
229955
94967
99
99
99
4306
99
99
99
93761
14745
99
8827
99
34337
99
99
99
130438
99
196193
28011
426195
99
99
99
335568
197316
98
99
204203
13723
405984
12824
21195
84172
174504
99
151529
99
99
221498
99
99
244277
136351
99
260141
188192
99
99
99
256945
268969
456428
99
268917
99
99
99
99
99
40935
99
31584
99
99
67252
167571
131699
99
25657
99
99
99
405256
14224
150606
99
99
207819
80338
99
99
99
57991
25232
99
33285
99
99
180085
87111
186011
99
211017
99
40084
99
89141
99
476096
140550
26359
99
99
99
99
99
99
99
99
99
99
126905
208378
338402
245713
92287
99
52324
244233
12728
99
99
93489
99
256282
99
360149
75790
99
99
99
99
23012
82335
32691
99
12145
99
99
7662
272526
280607
99
99
99
390026
99
99
99
178879
99
925
157407
99
99
375723
99
108423
120980
38336
6745
80758
181179
129229
99
99
99
99
99
235465
99
310635
547208
25864
39681
54803
41170
99
73416
99
176200
99
99
99
99
99
99
21768
99
308775
78323
12474
99
22853
12743
131993
99
99
99
99
284943
239522
99
2150
99
207230
157114
99
99
99
99
99
99
99
99
99
356297
99
99
99
99
99
99
99
298871
77165
99
99
99
232740
164052
120882
99
88
99
162352
35030
55045
99
99
55920
99
129637
99
99
99
99
99
99
80839
45335
155331
141448
99
248576
99
99
99
155770
99
112493
1201
99
182348
99
99
99
212274
99
394810
98
63147
99
99
99
98
28673
64081
99
59216
203716
536858
341394
99
99
99
161501
57159
99
99
99
99
334984
173240
99
94
99
99
93226
29978
99
32035
39432
8010
99
99
99
158897
99
99
99
54964
99
99
99
99
331589
202934
10535
30139
306436
269646
99
99
99
9188
99
43549
99
99
36063
737
226649
93
160225
6775
99
130851
97812
454548
99
99
99
99
99
375829
33146
70986
99
78453
98
99
99
99
3343
24737
22409
99
99
219107
99
99
99
475121
30222
22036
99
99
99
8530
154174
99
539238
99
99
41425
99
7196
99
172345
99
501738
99
99
99
272153
19674
253805
22274
411824
99
99
2486
141483
76692
16648
99
99
99
99
122791
68836
99
182399
135414
218757
13437
99
247795
53989
99
99
99
271584
45120
99
99
250420
99
322956
73535
99
79616
414489
99
99
99
99
426349
310539
59379
99
99
47448
99
99
99
320457
97
21691
94194
99
9537
444451
99
99
99
31227
195750
3514
9146
99
99
412946
44014
99
108068
98
5653
99
97
99
99
27822
307913
71647
99
44989
124063
108996
264604
452515
23009
531372
25
99
88780
99
348725
56837
99
54574
99
135551
99
44927
101883
99
99
99
99
99
104284
176904
289824
264016
71842
166089
99
99
99
99
40315
98133
99
122459
99
413631
99
99
199772
99
99
99
99
180915
99
259098
107192
99
99
43843
171542
191270
151433
186081
99
17999
181767
97
83057
87852
6237
341376
99
99
278428
158813
280250
99
6029
163557
502712
79280
375060
99
63244
99
99
99
323876
99
73910
99
45228
99
148438
46006
99
99
99
223658
99
99
254031
99
99
17510
391105
301825
99
99
99
342687
99
30316
99
99
393436
99
128376
99
2172
99
61498
99
99
94006
342746
141497
35861
138468
99
99
69748
420270
118237
333673
416032
99
337522
3122
99
189184
41928
493875
37722
35646
61874
99
99
91573
97
99
42312
99
239519
99
146759
99
99
178140
99
221229
441724
79555
99
99
51322
13747
133680
28039
99
292997
99
99
99
14487
25679
99
99
77303
99
164793
99
99
409189
172384
93403
99
99
99
52584
603645
194147
355266
99
11208
34931
99
107923
99
99
99
99
99
15404
126
99
99
12624
52634
99
99
99
99
111633
99
99
99
99
7520
115054
79785
99
99
99
99
99
99
99
47131
125431
106456
99
170407
143784
196445
259800
405766
99
78766
150538
99
167714
99
99
428166
99
20835
99
99
99
230588
281570
84104
294956
99
402011
99
99
99
99
99
99
99
123359
99
85083
539732
103267
99
99
503012
433516
301578
99
48828
125091
145319
202875
99
99
148501
99
11708
214274
179612
261368
108823
297521
9926
99
296169
99
99
28402
57444
3194
99
99
99
99
99
93
99
250624
99
124822
13803
700
99
494993
20923
99
126684
99
99
172634
99
42229
364307
5354
11703
377352
99
99
318547
11316
127189
12278
95
99
99
99
131055
99
99
81518
99
99
99
185200
14281
31501
22189
144257
72077
22470
42120
99
99
99
99
347556
234485
204881
99
99
188355
99
202881
66439
44146
381126
169743
183553
134694
99
99
56136
202780
194
99
508603
376897
99
138283
99
99
28969
99
99
127867
99
99
233863
599355
371856
280179
511649
99
99
497353
99
384952
36984
99
248169
440084
449376
99
276585
99
443502
99
184607
97918
99
23933
274682
99
35761
37333
380112
445485
9236
99
99
65850
99
148111
158652
9649
99
22509
99
99
286320
15405
210531
99
161397
206771
94
99
99
99
25459
18620
201096
99
117646
65
99
502013
99
476886
41719
81562
99
221272
177155
157099
47905
99
99
34202
29448
99
34971
99
280892
99
99
99
270995
381553
99
69530
99
99
99
82280
336260
99
229839
99
105656
129253
99
99
218701
96377
99
54599
99
215699
28723
99
99
743
234348
99
47957
149723
99
246650
99
99
99
99
99
99
163527
99
99
99
99
99
273956
99
76861
99
228026
99
99
99
99
99
99
90205
17065
62599
99
228454
99
99
472530
66224
141756
5275
563493
99
19702
99
99
346853
99
285867
99
92384
4693
99
97
25422
86617
67041
99
79655
106485
46861
99
99
34467
99
99
6133
293521
38872
166361
168582
99
99
29811
99
337449
234015
190920
99
99
99
283906
99402
99
312
99
99
99
2068
99
33202
2237
233083
99
92696
99
99
99
32301
99
99
89679
58588
60653
99
16788
78027
15667
90702
367467
115830
99
231023
19301
106697
99
201244
3555
99
99
68769
184099
99
44237
153121
38780
212249
77711
99
14283
432439
99
99
99
2826
32550
99
500794
99
139229
99
98327
99
332646
39971
99
144
99
99
99
80592
79741
99
10762
9821
40892
99
297983
85764
99
202165
438497
99
99
101584
99
44544
99
534409
358516
245137
524327
99
99
99
99
99
437776
99
89791
99
465595
99
94686
99
99
175827
99
99
216625
78926
918
99
28586
25964
142920
3532
99
176183
99
11053
99
99
344876
135712
331957
99
15869
99
99
20274
36280
99
99
99
21309
99
99
231999
99
251512
99
7841
224953
261967
99
99
298123
224937
68137
248954
99
588984
99
99
99
99
99
99
99
99
99
67175
99
99
385674
376303
99
32935
99
99
87647
99
99
426339
104305
276664
99
63806
128018
99
99
13760
99
36344
99
99
28272
176875
99
99
4845
303240
11226
102415
99
99
99
7059
99
99
149679
99
99
244300
99
365296
476862
40371
243104
4946
27975
99
99
102047
99
99
88841
340794
261251
99
92532
68792
99
99
99
99
151451
99
99
99
39891
13199
99
99
238918
99
99
278683
181165
589921
390923
37054
99
99
99
99
99
99
99
103335
99
99
581
551554
55521
99
99
99
69465
99
91
74406
54384
431625
99
49096
99
96028
55755
99
99
47375
39760
49880
99
99
99
99
99
83151
99
117059
99
54003
99
99
65130
99
99
99
99
99
151130
99
99
40955
61494
107942
99
99
276443
348840
94
99
54441
401652
99
99
99
99
4886
98
30517
67048
99
99
16041
99
180167
346549
99
381387
99
11105
99
99
260123
99
124373
62158
181753
339756
3760
99
22393
99
99
96
99
361562
180188
99
99
277073
37033
16644
99
99
19064
99
99
99
99
99
99
99
8411
99
275522
1208
135266
213
99
112877
13277
99
99
358304
98
99
99
59136
39852
99
6367
99
99
99
99
99
74746
99
50240
99
147469
99
264166
2698
99
99
99
99
97610
99
99
99
99
11243
99
99
3951
351534
99
58474
99
458258
30426
319757
117878
98
540873
59542
159538
160147
297420
24378
138241
70886
99
99
99
99
99
178227
160108
219917
99
308044
99
145584
523786
99
99
220986
48203
99
198687
136089
48102
91523
98
303235
249123
97
58527
7765
166342
45430
139592
99
162083
99
99
4568
99
99
179152
92441
310096
82371
79594
175742
99
99
30543
238338
99
258642
54093
99
314012
46150
99
99
99
37390
99
102505
99
84644
99
15637
99
99
150900
99
99
99
374261
99
47959
99
58541
99
99
98
52741
99
99
464145
49734
15566
99
575397
99
36064
106191
235104
211489
118482
99
156248
99
156420
144570
99
213040
22703
95
99
19016
99
99
4880
99
252011
30217
253598
431238
103313
275105
9198
99
99
360779
175445
99
99
543142
102401
283377
178898
363003
491176
99
245787
99
99
203334
99
99
257167
344909
179841
423722
197007
99
95480
110387
182294
144244
483349
97
99
231963
99
283928
46507
99
59428
221
185123
1300
203754
255542
99
99
99
99
95907
62408
123834
99
99
99
17970
99
24074
99
99
99
99
99
99
110645
99
99
161649
99
98
99
148850
99
99
233742
99
99
99
99
150770
99
14545
284458
99
99
99
111588
96
75010
364784
99
358055
99
99
526
267764
92811
99
99
99
93121
86
277048
14954
138292
279022
3953
42547
99
150676
418177
99
85533
99
302548
427650
22575
99
99
260947
27587
99
99
99
99
99
108819
99
99
99
99
355106
171057
99
80882
99
99
142416
108801
97
123229
248654
99
99
99
31292
208891
99
99
99
99
280652
99
99
511053
508144
160611
182736
297204
32761
99
99
545985
71394
99
469386
512481
13985
99
577379
99
45139
311246
99
99
99
15325
9374
212096
99
99
99
97
99
99
185463
211263
392864
99
89543
99
12854
99
79473
500365
99
137965
19573
213971
425891
35096
99
99
156388
58809
36320
99
99
99
230525
99
113059
99
99
99
199030
62042
64820
458153
99
361936
468297
99
256612
156402
99
171816
8758
98
74812
22401
87
99
99
93794
89905
23253
146570
118369
188035
207600
99
99
99
99
146343
99
581
99
334685
99
95
147232
366346
99
110871
316519
174672
48583
10853
314445
16260
142343
99
358154
64832
99
377623
99
99
95713
98
99
99
99
99
99
155681
99
751
99
99
49063
132311
99
99
99
130262
99
300568
99
99
40249
257271
65899
99
200222
99
56547
99
99
99
378630
249497
90453
27445
99
147746
99
99
314459
299130
99
99
99
99
99
316797
99
73778
99
15362
99
99
13954
98
99
61192
99
99
99
65909
152059
229383
86145
99
259041
99
335689
99
97
249325
99
99
99
99
99
99
99
99
99
99
99
99
21847
371516
99
209790
99
99
120341
99
60196
99
20108
99
74604
100147
225887
99
121557
20691
99
99
95973
177612
99
47151
16966
99
438095
251815
217036
99
99
99
99
99
13246
349072
6232
86377
45150
95339
99
99
99
99
99
99
99
126541
99
88
99
96709
26500
366526
99
63420
59225
191131
99
99
99
99
23213
99
99
99
99
51707
99
99
242029
449009
99
49708
99
99
32057
134083
99
49781
99
99
98
145433
99
99
276958
99
127623
435795
463144
99
13702
99
99
99
80700
99
147609
225918
79329
55232
42801
73224
22428
233364
99
99
99
99
290345
217135
77811
4906
99
99
99
258919
99
99
222470
222521
147422
376484
173585
99
56787
99
398931
99
99
215053
295894
186099
9730
125490
48936
99
19101
99
31380
32414
99
1254
73874
99
99
418142
99
99
392715
29884
4977
125259
47311
125140
99
109708
97
99
99
99
99
326111
220487
10053
99
99
1166
406174
99
87051
99
99
100139
185600
98
99
14273
99
98
519680
455509
10238
98
99
99
99
392628
99
99
538669
99
334688
99
99
89570
24751
99
99
328273
99
99
99
4888
179974
57162
36207
99
89577
1778
83573
99
211169
99
290377
99
274868
99
539
99
384130
99
381468
62740
99
99
99
99
99
99
96
99
79411
203335
47536
7702
234675
99
99
99
63159
99
99
99
356399
94070
21856
69554
94
164232
99
111247
195329
99
468981
99
99
243157
72023
605587
99
99
348296
9374
99
99
99
99
99
205479
356647
99
133074
392091
46588
60565
589689
249203
50333
29053
117927
99
30357
202172
99
435447
99
99
99
99
99
201895
164444
99
99
407
99
99
11637
103714
99
99
99
99
388161
284903
99
211547
99
99
354300
98979
162809
106290
177068
99
99
99
417482
13681
99
99
99
352170
548575
99
99
99
108365
277854
99
97
99
99
99
99
6735
99
99
33175
99
67058
188313
197756
236386
17507
99
99
86489
99
161486
99
58698
99
99
280832
99
395028
99
99
357954
99
99
285112
99
99
99
106040
149351
90663
99
49269
99
99
99
201020
99
42813
342745
99
38812
14311
99
303135
112624
35056
13381
260944
99
442306
30165
99
341366
29438
296132
315421
99
99
138860
28001
230037
123360
99
99
99
91
199165
59866
165799
221544
173768
105090
96
26943
129356
99
99
99
99
243598
99
99
23623
419767
99
181680
11244
64743
99
99
85899
93
99
177123
464761
99
99
99
87675
199367
99
99
99
296350
33901
70693
154808
446780
99
153723
2283
53876
99
9531
250837
99
99
385508
99
99
99
233119
36869
99
50718
99
99
15642
48249
99
11247
99
10121
99
203689
45335
99
99
253429
71372
528385
73677
99
83896
150128
99
78753
513034
40047
32861
176504
99
13440
99
99
509614
99
99
77521
20683
49771
99
99
99
99
99
114769
99
99
254978
99
920
98
149181
9747
99
99
22154
99
434687
99
389601
99
483246
14182
402093
99
5787
139573
31745
99
131516
99
99
99
99
99
99
99
99
99
236616
99
117033
121771
126444
99
143394
28543
163081
99
12772
99
119065
99
99
99
79816
99
19844
99
19686
522349
99
99
99
217781
99463
57592
99
95643
16486
99
47680
52522
99
99
124625
185989
99
99
326344
96
1667
161813
203296
420930
99
99
99
99
99
99
99
266258
99
99
98966
4489
99
57066
56952
99
99
99
99
97420
99
99
99
10440
250757
2480
99
263287
99
46367
99
99
99
99
99
99
38567
99
99
160449
99
226155
99
99
99
245173
99
462681
42541
99
39384
41821
7296
99
99
364164
29416
72299
70144
232805
99
26486
99
99
483638
4652
99
419169
99
99
47006
281130
47604
99
99
99
99
16124
355873
125729
99
37040
99
99
99
99
99
97902
99
424467
99
218860
329195
99
75945
48714
99
15324
99
186427
134928
5550
21610
99
210978
99
33204
99
76740
99
99
99
99
39801
99
99
21264
128143
99
99
228610
99
99
99
99
99
15025
18117
20760
515747
99
112002
99
99
99
351792
112664
99
99
28073
281320
99
99
249473
432290
99
99
244014
30630
99
99
99
99
99
386027
99
174276
99
40211
99
99
27326
205687
99
99
99
4619
67492
346280
99
99
44537
99
17619
310039
150462
141677
173765
162065
115863
522436
43612
99
99
99
158064
99
99
99
403602
253448
296630
48308
99
99
82013
199372
218294
196214
40372
116933
99
187154
99
99
99
99
99
115804
99
99
166892
99
99
293990
99
99
99
99
16561
99
99
99
98868
64590
99
81875
431602
406907
99
144488
428044
338317
99
99
263509
99
15742
99
24580
419295
99
344694
348215
6115
4430
444230
99
271242
321661
99
341011
314883
99
99
99
219803
224177
40075
99
8628
99
510162
14781
99
286853
99
88372
99
99
325995
35921
99
5119
99
99
99
536089
99
85916
133335
20591
21408
267709
99
186956
449534
99
272196
99
99
528129
143206
462920
99
99
99
99
99
99
15558
108970
82139
99
132752
99
99
99
99
99
99
20674
77434
25084
74288
99
98
99
146988
60881
99
87663
99
99
99
99
99
99
99
99
199490
99
122795
99
219006
99
99
99
98
99
86156
99
29870
99
99
4267
493261
11646
201753
99
351220
99
99
266043
99
99
52928
99
99
382471
267368
99
18184
99
99
99
99
99
17698
99
99
124047
99
99
501118
99
99
99
8616
99
26003
332791
39086
65934
44634
99
99
334187
99
130940
64110
99
99
220979
99
164092
99
57866
99
99
99
22495
99
99
99
266907
442438
26013
99
41676
99
509629
99
355896
4141
254675
337764
99
99
99
97008
321904
355637
36032
99
99
99
90792
99
244559
480091
99
56182
99
123181
307914
99
422293
24559
229921
99
44285
169807
68684
99
99
329013
97627
391104
19813
99
99
238509
99
99
99
99
7883
15985
99
99
109672
153190
153774
81464
78287
96
99
99
99
137945
99
99
386473
204643
3251
99
75043
80731
450039
342577
99
99
99
16835
280051
13727
148231
64557
99
99
344060
314592
198140
209334
51
99
99
99
99
44707
99
99
387874
99
77298
132972
201896
139047
99
30170
505447
99
40746
19181
99
79742
518855
99
318134
99
99
99
99
114522
99
99
47187
99
99
256054
99
19885
99
128776
371422
99
99
128761
69295
1446
561962
254282
164199
96235
99
99
30026
92939
36636
99
99
35365
383849
99
99
100657
99
99
182297
99
99
147087
264048
20751
99
99
99
99
205184
99
99
350480
151401
85305
99
99
99
99
99
99
99
41008
198639
52067
99
17089
99
69616
99
1260
99
89243
408702
99
235627
99
99
290260
468453
99
71062
99
99
99
94192
99
281021
99
99
99
99
99
99
99
16812
99
123197
84809
99
155208
99
97612
99
99
248678
24683
99
127720
91404
186565
37229
2516
302936
139946
122125
99
119221
99
33666
98
185589
238725
99
127169
99
194206
99
5434
103075
61256
99
99
145360
22222
147817
99
99
99
99
99
70593
99
344170
99
99
97
99
728
99
99
45041
8994
99
38945
268826
99
144311
49500
5
99
8603
99
99
99
46336
99
336004
225516
372209
99
164749
99
411070
99
47654
99
87341
8613
519523
99
35342
52239
99
99
99
151573
178729
99
99
99
99
331802
99
54072
151129
99
1772
99
99
99
175335
256178
99
197229
99
326703
191905
88928
99
248493
85635
99
99
99
99
98306
43465
41556
99
256260
98
26653
95624
99
99
99
99
195070
99
88875
99
251905
99
99
99
54976
4818
97
219565
270618
12408
44446
446495
43112
99
348656
35296
99
62620
99
30035
103562
76726
98405
99
150762
4514
99
99
59290
99
155256
99
99
251022
133071
99
99
3357
99
561261
2530
99
127164
99
18677
5954
175892
94
84230
99
263359
186456
16619
50296
111872
258938
85296
98
99
99
99
99
211130
117358
302597
250984
99
99
142924
119104
369612
14611
370524
197397
241780
161895
99
87
99
99
220982
99
484659
106150
99
3870
293335
99
99
17738
99
99
28972
8193
99
99
36182
99
99
78458
297321
23454
99
99
99
99
227144
131448
99
99
4014
15937
87197
185771
99
137323
8520
174238
99
99
99
122732
99
2670
613
210751
99
99
99
99
99
44878
99
99
24425
19258
99
99
65386
99
99
243251
135770
37907
324089
99
99
104216
82414
99
99
99
165751
429416
99
99
99
27818
99
11367
99
71945
99
455844
17034
99
99
99
324001
99
99
98
199544
196259
155986
247809
157446
99
227425
99
99
344779
99
99
386150
99
99
96
186990
5793
21262
20424
109678
270102
15322
99
99
99
330942
99
99
99
51697
99
99
99
7070
139759
321579
130120
99
99
56935
99
73041
99
89976
99
347107
99
281289
99
99
99
99
140101
99
149608
190969
143146
99
99
99
99
345074
86606
99
99
99
122380
99
116321
99
99
534095
327497
526988
163718
98
165124
99
99
99
99
6563
40291
99
103466
82602
433451
99
91353
342783
99
99
99
99
99
61617
99
99
99
315991
99
81403
99
99
99
99
411082
9013
99
6572
99
65843
99
144574
19480
272664
99
6996
64721
99
100201
16471
94421
513308
99
296912
29449
94258
162178
212501
287934
73053
99
458141
99
96
330966
28419
297528
99
99
99
168384
35098
61404
99
99
99
99
385944
122969
99
220310
99
99
263260
98
99
220067
99
99
99
99
16606
15022
45551
117252
363892
99
99
99
81
46648
43372
33838
99
99
99
190366
99
99
33467
135773
269966
254326
99
102260
99
125118
288686
293266
99
99
57266
18476
96612
99
155773
58444
105047
99
1395
99
99
99
189528
346261
99
214743
99
99
99
99
36052
99
99
209725
99
99
99
159428
166870
82078
58733
51585
10850
99
155782
92000
211902
99
165406
71172
313336
99
99
17678
99
99
483241
114129
216248
117182
79038
91
99
99
99
55861
99
16178
99
213481
99
176137
97
479613
99
61155
465276
140254
99
99
33114
132553
99
99
99
194188
99
99
99
102222
88306
99
99
99
99
99
127563
99
105953
460978
102034
99
276471
99
296097
161000
78485
99
496086
496107
337584
16794
10333
99
27835
335972
238587
99
99
251628
223548
316627
20940
74189
35046
99
263165
537036
184012
464610
15834
10694
221299
99
388439
99
99
98
228470
31713
99
50715
99
99
99
356917
269214
279751
99
146089
99
99
99
99
227715
99
201917
99
137167
62485
97124
436213
189587
74962
30237
99
99
415417
400652
301205
173902
99
99
71002
284117
98
13936
99
99
69519
99
411263
99
99
5902
60753
99
99
99
99
99
99
11061
99
99
267719
260098
463826
99
99
242529
99
49125
99
119810
99
38157
99
99
102919
13988
149780
99
99
273969
418864
442468
99
99
99
305213
99
14641
282212
112437
99
28151
308686
99
99
189920
128672
149561
99
99
42955
99
67853
19968
99
99
47553
99
80184
4060
114895
99
69068
392363
99
96
107136
211119
99
263125
256501
121556
99
99
99
356619
29169
99
29222
49200
169944
133000
342318
99
99
190465
99
229656
99
99
61926
75933
381939
102253
15573
99
202560
99
288510
99
60216
160350
268935
6411
99
77819
3561
99
2427
479612
99
194205
473899
99
99
327185
225232
14179
99
99
499773
99
204453
156957
19581
99
99
99
197405
161089
496767
99
177752
96
99
99
27069
48496
99
99
137338
300522
143647
185868
179865
22003
99
99
99
98
99
99
106145
267
99
12490
99
99
55914
99
99
99
99
99
154912
14533
263546
99
99
99
213990
8676
99
91328
99
99
99
99
97
227643
99
99
99
229790
59765
99
99
99
99
99
277173
99
62491
99
64691
528
555256
344533
14796
99
78801
142413
266724
99
99
99
99
99
15254
99
99
99
99
99
352753
99
99
99
39784
91
26498
51408
99
17916
460734
304128
33230
99
26620
36483
87157
99
99
452236
98
99
228703
161254
231980
20910
97114
99
99
99
136447
99
99
2682
99
128286
99
231648
143110
99
99
150519
91
205381
99
99
99
99
17432
99
2200
32579
99
372533
99
99
95
61747
260667
144838
23578
99
99
140151
99
99
99
163499
98
99
99
99
99
99
99
251328
99
100587
2337
63056
99
99
225947
99
2020
18421
143536
99
82518
99
76391
184792
99
99
99
236190
59980
171418
20539
99
99
107907
374688
99
4719
87294
322989
269779
99
6488
60314
99
99
102007
427638
14438
77166
99
99
333541
132928
103193
236769
47801
212492
99
217831
99
241261
219
358402
31420
99
21005
99
99
29431
54139
426037
260522
222441
240669
94
99
87535
99
9252
98
99
110695
99
2254
99
99
99
99
70527
235946
195041
62386
96
5060
246704
4790
99
218653
28118
99
99
99
99
3566
53771
99
25906
16812
99
99
84238
156366
99
14331
99
250994
99
440264
88149
97277
224007
99
67769
99
99
310
266544
36680
233311
8489
127492
99
99
17890
99
489605
282086
99
151017
90325
99
99
99
5148
46010
4555
99
4435
99
168760
21826
99
99
3379
558767
72024
99
99
99
99
7816
276571
14075
99
89
175009
49037
99
2419
99
99
410850
99
229608
5986
99
150197
99
99
157656
102963
99
54160
99
85002
99
99
330171
631
99
102153
99
99
99
63346
99
17812
99
99
10772
99
99
99
99
99
99
190794
88529
115332
99
99
99
100434
99
47141
94
99
99
6780
454283
99
15045
99
165069
465816
20807
56266
193992
71371
19258
99
33372
80803
258949
25691
533060
99
23623
68417
127441
99
99
56500
99
13333
99
289081
112205
312285
99
99
136082
99
99
99
145964
105527
113642
99
211053
59127
99
19027
34936
170994
199495
99
186693
58670
337511
99
136422
52821
246979
99
99
99
72582
9005
61437
99
99
28592
100393
99
549618
99
25910
57527
35505
99
99
170676
99
99
192192
99
99
99
99
138545
283833
86639
235090
26996
99
99
15114
99
218049
99
5928
70352
99
53747
99
99
430317
99
99
99
386412
99
99
99
99
99
72905
8025
483636
99
83
99
99
354663
99
99
99
20767
99
99
18241
91656
99
99
99
99
69123
99
182716
99
203467
226102
99
99
148421
78725
99
99
16487
99
6310
108261
99
99
99
99
99
99
99
99
99
99
99
264241
92712
94248
90134
151672
99
99
99
99
99
99
462311
268198
149094
95365
99
221744
102849
99
99
99
37269
99
99
99
171520
99
56026
99
99
99
99
99
139736
246187
33461
99
99
99
158348
99
97
99
99
99
491825
236795
99
490528
33465
99
99
99
99
99
515786
99
138123
99
99
99
99
99
85869
167690
99
5223
142779
119465
99
199595
37261
260773
99
74189
99
66691
93644
118334
99
188527
57929
186979
137679
90456
98
242903
14551
192035
99
99
18627
99
99
35278
99
149283
234556
99
59856
99
185467
99
200752
141989
280184
383551
103622
332886
99
262696
99
117003
99
99
92452
99
44658
1331
129574
133070
99
99
73404
99
99
99
99
96
32469
66518
209464
99
96638
99
99
99
21780
498441
35069
2354
71582
99
22100
200157
27557
291440
99
100083
99
99
99
99
99
528878
99
71752
124889
14387
99
99
99
423521
99
312907
99
64724
99
72205
99
438418
49678
34309
85252
99
10310
99
97
334891
99
75541
58884
411619
99
435949
78309
65702
24578
229322
99
375451
782
24391
436122
1146
293919
99
64417
180493
99
99
303807
98
84873
9155
99
99
143395
25480
5409
2898
99
10930
23363
127284
98847
180176
87383
32270
22619
38198
201964
99
141635
170437
99380
89355
43898
99
99
70797
163846
348353
99
99
99
294571
99
99
58342
44831
55479
99
99
99
139281
99
99
161431
30410
99
47557
99
99
136710
969
71953
99
99
99
99
99
335759
19467
5072
99
99
246188
511610
5577
99
65182
99
5761
99
250728
125222
68752
474773
99
99
110229
99
71850
370753
99
7336
91732
155398
99
46300
99
14308
623
283475
99
99
99
99
99
99
298397
99
96
99
99
22473
99
96209
99
99
207947
300151
112461
200650
99
153872
274155
99
48695
99
49686
292207
411834
99
586338
99675
475859
99
290210
54418
445901
49176
127626
35714
99
203558
421769
248464
99
99
158639
21566
99
99
249855
99
99
99
99
71234
99
99
56464
92
99
86611
126930
43742
451471
99
74128
407054
85218
99
35374
99
71227
99
99
1413
99
99
99
99
99
95727
99
6219
112822
511653
99
99
99
99
97
14442
99
359949
100290
99
99
5108
99
299295
99
276025
99
260862
215817
15767
99
19314
99
99
132045
18556
157394
99
99
79756
99
341926
99
62814
99
99
78886
99
418451
99
99
99
99
99
275937
372887
99
5059
99
99
96916
99
83031
37432
99
188251
189746
99
147499
19036
99
256083
99
99
99
99
99
125690
99
99
276796
99
99
316631
3359
162321
99
99
99
99
99
31864
29595
99
302572
896
99
9586
40492
179864
486230
8346
81202
99
99
99
136678
99
99
215934
22048
99
137405
99
99
62371
99
99
25441
99
404673
211510
3733
60250
319741
12215
99
99
99
69071
269421
99
99
99
99
16776
93333
99
223095
99
99
99
99
397986
172832
99
143778
99
99
129124
323478
99
97908
99
99
1482
10521
113552
73
98
55221
99
99
99
99
99
99
261248
98
96010
184833
99
235686
99
99
299335
48956
34750
35233
99
269309
99
99
32908
40015
99
9447
99
167090
122628
98
119937
99
88585
99
99
151026
44428
28119
40317
304197
6995
99
99
99
99
222572
99
99
99448
222517
870
131756
30399
99
99
99
122346
99
99
294081
99
99
99
99
99
99
99
99
99
99
99
99
99
99
99
99
606445
24725
99
99
99
99
264642
117451
39203
99
212473
99
218415
99
466879
99
2390
84980
83079
99
122331
99
99
192610
48384
99
99
99
99
99
99
405666
99
107585
99
12866
244731
103000
94291
99
7068
99
262059
99
99
99
99
99
44710
4351
99
153120
26437
99
214005
99
113971
84687
46271
249257
99
24270
33613
130326
99
311225
314927
99
336931
339863
327226
99
60226
251601
8563
99
99
99
99
13562
99
82674
99
99
99
6108
99
362672
247864
99
99
15706
99
99
62755
115957
99
99
99
99
99
39344
99
99
292286
99
99
232555
99
99
99
99
99
176221
7806
99
99
99
284614
99
295365
1026
283474
99
99
99
99
255030
99
99
413803
284026
100465
99
146582
258010
6409
99
99
34075
122995
41320
99
99
99
99
99
59565
249781
123
99
304353
99
99
99
176555
99
301100
99
98177
99
161102
99
121023
99
89183
99
187340
116189
99
99
99
174978
164885
95338
62883
52301
6709
99
99
15252
99
42762
99
9746
204771
250048
99
189022
99
99
99
282370
99
251621
21233
99
99
100852
10204
99
186372
283747
99
99
99
417990
12197
55521
99
99
87879
99
99
99
364031
267456
170988
62787
383315
37836
99
186030
99
99
195337
99
99
22704
101521
99
99
99
47424
303650
99
228897
256344
62290
508594
153425
99
99
99
284444
99
138513
99
96
99
39910
8145
99
99
171816
99
99
309628
372190
99
26732
242333
461394
325543
99
99
96711
99
99
99
99
60281
396164
99
45405
80442
231185
99
393142
120184
54336
273114
165885
99
15985
40217
332745
99
109346
99
141884
85190
99
99
99
99
286315
237026
58221
14790
57033
99
99
99
99
120267
218856
77098
99
99
173498
386462
157382
99
99
109168
291798
434221
211365
99
99
57866
230224
99
71650
98
107933
99
92115
86224
53249
48434
99
119225
99
99
120031
290933
99
99
245988
99
99
477284
99
99
99
99
5528
99
99
99
9329
99
99
151814
99
99
99
99
293349
99
99
98691
99
235615
99
99
87483
27104
96
99
99
86600
99
94990
389999
285773
99
226463
471614
99
206963
170856
99
99
199881
79483
99
25335
310687
99
32360
99
99
