99
223150
101036
99
183944
76459
17409
31106
88610
164354
99
95
99
99
99
22842
99
99
169053
99
44986
512964
99
372363
99
99
213667
99054
79617
73210
424053
99
99
99
234302
69235
29792
124011
7707
78282
99
99
99
99
204769
222696
99
99
99
230033
3762
99
99
99
99
99
204679
99
234981
99
99
87698
458050
353101
99
575930
29808
99
99
99
96130
99
333637
6679
99
99
202289
99
206427
99
61412
99
99
99
1948
9777
165182
350934
179919
99
74
99
99
2169
58476
99
99
99
99
99
170868
218453
99
106239
99
297283
99
99
99
235865
286487
294121
99
356344
99
99
99
323459
99
351883
99
99
13883
510953
99
99
99
99
493361
99
76038
99
99
444507
99
358299
99
99
99
99
114087
99
224822
10243
125707
6664
453158
99
18444
99
99
608
99
47250
99
470859
14458
99
93
99
99
99
99
99
99
99
99
268647
101440
25155
99
3608
99
51472
99
549428
99
100758
17099
99
21461
99
119801
99
99
152081
99
99
401228
99
335490
99
183273
99
45552
55188
99
99
30099
187538
57394
99
99
263203
99
35685
283799
99
152505
321456
212078
99
73160
99
99
99
106017
99
223809
99
184332
285345
210180
99
4694
80944
99
99
20477
33386
359186
99
5349
21938
99
578668
99
99
516845
173123
99
99
99
99
167345
88786
5086
186613
99
99
6070
99
99
186996
99
239757
59942
99
99
99
99
99
99
99
171472
7040
99
99
428490
98
99
139549
232962
89870
99
457818
104772
99
99
107539
322123
99
374055
135053
98132
272476
87361
99
414334
99
99
393438
99
67104
99
99
99
16791
99
43315
6931
9988
99
234490
155897
99
99
255472
155311
3603
99
62679
99
11195
99
149464
85960
99
99
235183
89648
99
125798
99
288270
17936
456055
99
99
76608
99
197553
1043
165786
99
247936
99
160425
99
194733
99
99
99
108195
99
63786
410461
99
78025
99
99
500781
58971
99
99
3433
99
30772
14642
314083
10383
445279
99
99
218911
104799
464884
52925
99
99
130684
135976
356178
25431
115793
99
298185
99
99
99
99
111637
63477
99
99
99
83540
25861
165727
99
99
99
103199
119739
88208
99
99
99
99
99
99
94232
99
98
74333
111973
12620
99
99
159504
1700
99
99
99
189990
99
99
99
219911
99
99
435264
21777
99007
50666
76802
99
168146
99
29003
95500
6984
265883
99
99
99
63921
44357
151966
336569
98
99
99
99
35840
99
99
99
99
213397
99764
99
299423
99
162459
99
192779
81735
55078
99
197396
90075
437367
358725
99
99
75931
465775
98
126041
2312
55723
22773
73292
19457
175007
99
99
242872
170720
99
184312
99
7056
152236
153510
10564
1208
99
99
260502
99
99
8160
376895
99
3924
108791
99
99
99
99
15431
99
99
99
286247
169107
2765
150030
547291
204139
193628
34572
99
99
99
99
5682
185129
99
99
99
99
99
99
18002
99
313189
99
99
99
99
99
99
99
352929
196117
99
9068
99
455039
99
4817
99
40601
99
99
202243
236405
5653
99
271287
99
99
99
99
99
80
99
99
116934
99
99
275104
99
234279
99
99
115414
5562
114004
99
99
99
438148
376437
99
99
119619
32802
99
61201
259416
255218
61115
99
61939
99
99
183154
202186
93669
99
70938
104274
99
199101
99
99
3806
282357
99
99
43891
99
98
99
99
336200
172809
99
99
309685
99
309
99
230414
10278
99
99
144060
358914
2621
99
99
154881
99
99
99
217672
99
205214
21777
3178
99
2746
99
7278
99
11582
61960
531831
99
67275
99
323464
99
99
99
99
311211
320823
434625
358225
99
99
313
98
69098
80103
17409
144272
99
98
465292
21881
371045
99
99
80369
99
34411
99
304639
103764
99
99
118159
22504
9524
99
56918
29813
1762
99
619
126005
99
99
380825
99
201190
99
43754
99
14203
369756
105107
99
99
99
444743
171317
381076
32286
99
74833
192976
99
99
77183
99
7616
179691
99
13303
99
184648
505759
185905
76960
99
99
99
99
192072
16636
249015
292172
101469
60521
319285
14671
99
97
127906
99
99
99
99
110710
99
99
99
99
99
5095
99
95189
99
446333
183946
99
460298
451380
397957
345287
99
14567
99
258122
111148
99
86813
99
424089
99
245271
94046
108672
99
99
99
99
99
99
380752
99
99
99
98
99
99
89544
99
99
78616
83993
8146
82448
109074
314292
79790
122752
99
8609
11378
113155
457540
99
99
99
99
99
99
109468
27960
30023
99
429749
226649
99
532684
10176
99
99
99
260313
404453
17349
129834
99
503367
99
99
132865
99
458697
90279
245412
27046
99
38231
99
55012
99
224821
341793
99
99
158218
174954
92811
99
99
99
99
99
49123
3296
336274
99
99
208856
99
99
243755
349466
99
99
65836
16744
99
5749
311995
99
127144
99
99
4279
298003
99
99
40396
99
99
99
4241
136994
262095
4123
99
27637
99
99
11518
66385
87619
99
525814
46652
74878
99
58
99
302125
99
99
99
318646
82146
99
99
99
99
24755
57526
99
172836
106476
99
290699
84153
99
280652
99
86541
99181
2162
320610
214172
106112
178549
7668
373723
10731
8904
28321
99
99
99
237486
195489
456183
19412
99
144710
99
68552
99381
86878
98
99
186262
99
29126
33341
447500
99
79706
99
99
99
99
40493
136479
11882
156169
21959
142771
115967
215158
99
99
99
99
47659
99
286818
310571
269810
99
116975
99
455735
98
99
99
98
99
143068
34654
99
99
2748
84599
99
188426
99
41489
99
30834
247992
199075
99
99
99
99
196332
41646
94523
217162
99
99
99
99
99
99
376196
99
349133
99
99
158740
35752
99
99
282619
43734
104635
99
99
139616
106446
38978
99
99
3931
310034
38889
99
99
101431
377176
302453
307646
99
99
99
99
207065
9347
99
11373
99
248037
18210
99
249165
99
404992
219539
80448
99
168108
183849
99
83
170404
99
99
99
530472
99
99
99
324251
231069
277658
114645
99
99
6903
61610
39429
99
39844
4157
99
254860
99
66522
99
99
167465
106870
99
99
1072
99
262447
99
106801
189192
99
99
99
85956
99
99
99
252606
99
434666
112888
99
54129
99
99
99
27188
98
99
18661
99
99
99
86819
99
227561
99
251273
99
608
44676
320812
101705
99
99
99
99
324882
3423
99
533877
75205
176941
99
99
10332
231246
99
99
99
99
99
99
317498
99
74045
46665
121102
99
99
331549
99
99
99
99
183632
4970
99
185313
412307
77478
285165
99
99
239904
99
238402
99
99
99
99
99
99
108936
99
146887
191002
99
152567
263867
187956
94
99
99
99
285693
232269
99
99
99
37202
99
99
22473
1986
17489
99
416438
146949
99
84
99
99
92
330828
51307
59720
99
18403
166085
441719
63294
52317
271327
99
99
81637
121248
99
96242
99
235851
64236
176846
99
99
99
99
259044
99
99
140229
10957
99
399995
99
99
224367
99
320337
99
6925
10531
99
99
99
121697
213614
15782
99
99
99
99
106506
176212
76484
282590
111950
99
99
99
144645
124480
335869
98
99
109434
72113
99
99
82675
99
42619
6172
190592
99
506761
99
99
6157
99
499329
99
180788
372824
99
99
99
26787
231374
99
420955
99
238975
99
99
99
9383
359674
99
33292
8354
415482
35492
99
99
99
354805
99
99
99
191924
47071
46033
273168
99
426500
259078
99
99
79567
330695
99
99
562310
99
99
11828
99
17897
99
58040
99
99
99
11682
99
99
99
10912
150648
99
99
99
181808
99
99
99
99
99
99
253942
99
99
99
99
99
56597
89487
99
99
283907
99
183627
99
99
99
99
179300
99
135554
25824
99
99
297449
99
216234
99
109972
98
67628
99
84525
400583
99
99
128920
302747
99
235082
99
149561
10343
32575
60576
99
99
467395
195306
342049
99
99
99
99
99
299709
99
68489
70752
504424
99
257372
85
99
6661
99
5252
199305
99
15984
137017
99
164311
243304
99
74803
99
90883
99
13248
99
39465
52346
99
327077
10541
99
99
160272
99
99
224988
99
170498
336313
1599
99
99
99
99
199310
99
105716
176718
99
99
99
99
77289
246676
99
99
99
45965
99
99
99
99
177403
99
99
393594
108651
99
183939
4209
97992
99
99
99
215210
99
99
23207
158552
191481
61051
95288
99
36941
49712
52423
99
86090
99
45613
99
99
253728
88692
99
99
295580
99
149768
99
175043
283723
27123
99
265558
99
99
179856
267041
84781
89751
98
99
99
30908
99
99
99
99
99
22911
114348
375326
85903
99
99
207197
352723
99
27343
99
99
244936
99
181005
99
558605
6507
99
99
99
99
99
99
99
99
99
44130
2503
302847
99
236191
301748
99
99
373549
99
28256
99
99
99
99
367520
175293
99
266736
355255
99
545517
99
99
99
101982
99
99
99
99
99
99
260158
99
57592
99
99
473472
1867
17872
99
29966
105092
99
7517
99
476596
99
99
170319
99
69629
99
2229
74817
99
99
172022
102425
509115
99
99
48770
1914
108246
99
371540
99
75
85207
99
99
19629
49572
99
33711
99
99
63931
275487
99
99
15744
381696
99
99
99
99
428971
99
99
37822
457591
99
99
23502
99
100593
99
99
99
99
99
315662
5506
99
407578
99
207785
99
99
96
201092
18062
99
49148
99
243215
500278
99
99
224305
41835
22353
98
44668
99
209218
99
84329
99
68621
99
185777
99
99
20893
99
129414
99
99
99
99
414918
51800
285328
99
82498
133391
99
99
358270
346153
99
99
62637
346480
99
99
99
441320
99
111685
11611
99
24015
5044
16229
57050
99
99
270786
161383
99
99
99
55395
181267
20738
39826
130388
130514
99
385294
72250
32213
196844
489992
215877
99
99
99
172871
99
99
99
50656
353702
99
99
412521
99
273455
290001
99
215480
99
125252
53623
99
23613
284007
99
252142
159403
22656
278099
277221
190310
99
203361
99
131204
96
314927
164456
74935
99
97118
143034
77953
224114
25752
20503
99
99
26268
99
99
99
99
99
53062
99
99
522467
99
99
99
151351
198648
99
99
99
99
99
37328
1833
99
99
99
3101
99
99
99
37069
63511
32172
99
190743
99
416206
99
99
99
276900
99
37825
99
99
98
12852
76734
85418
131100
99
373426
4725
99
11100
191880
80977
28057
99
260344
98
99
338839
99
54427
99
5150
99
99
129656
301851
99
99
99
386034
99
52827
99
379356
238724
207278
99
99
6428
99
99
99
153342
128270
99
235439
99
422445
98
99
2297
25664
78584
527293
99
99
99
99
117967
99
254570
192938
456823
189115
446187
99
32056
93905
99
99
13377
98
99
199449
99
99
440736
99
99
481801
99
94
99
73941
99
121700
99
283547
99
46127
99
99
99
513511
98
99
99
99
143875
181741
25715
99
149425
99735
43909
76264
99
99
31065
99
303514
98
219790
125245
99
99
162947
99
99
272357
98
98
99
99
99
96
99
99
51
99
96505
99
37798
99
99
500953
99
99
99
47992
99
140395
128328
148625
49119
3490
99
99
98
67463
48189
99
81088
99
99
15945
120088
143684
94
99
405733
65714
99
344537
99
106179
99
99
99
16224
70345
266099
99
342924
99
99
1515
416425
99
202603
99
10605
1641
99
337719
123990
277687
99
40791
99
283536
449462
99
99
99
274973
176937
71360
99
384773
99
271936
76188
97
86490
470351
96
150482
99
33895
99
99
29191
194194
34870
136455
99
99
140657
387538
278789
99
99
134752
130112
176940
212523
99
288733
169210
99
99
99
99
34654
387104
86062
99
99
107092
12589
50200
50490
3082
45764
99
99
99
50592
355651
102868
99
384926
238600
99
99
400620
98
421281
99
30726
99
99
7564
99
99
99
192720
99
99
99
99
99
160166
99
99
99
99
99
99
99
99
236569
99
99
388233
99
280555
16662
99
99
133930
480727
32377
32875
99
99
153739
99
181867
135362
359393
99
99
36573
99
460891
99
99
226260
99
39152
245525
375799
82299
339795
23717
36539
99
99
99
48681
310080
99
2985
99
278639
99
99
99
99
102875
99
61599
163069
99
202468
99
99
99
395834
213698
33564
30945
81
99
99
44588
12538
99
99
127806
99
62600
99
61364
99
221174
50178
329831
179411
74174
99
99
2685
380951
99
99
490956
99
99
44805
99
943
211784
237581
11371
99
315638
236414
143558
177859
99
81
236227
99
48137
37609
320453
99
135458
99
21153
162336
99
99
99
285278
48601
99
99
138518
19418
99
66514
99
99
99
353760
99
247117
250529
28847
99
99
99
540416
94307
99
126862
90
99
99
99
285274
99
99
99
99
162475
99
190309
99
5152
384016
324120
476201
99
99
99
32836
99
128932
99
99
99
13770
307741
99
99
177412
99
99
99
99
99
99
222150
434158
99
98836
99
88329
99
339573
150001
99
148267
199424
99
89377
14514
7253
231624
463188
99
99
99
99
312178
99
97
12985
132498
35684
99
99
99
99
95
219074
99
99
166552
35743
223362
84758
99
99
99
108399
99
45353
442152
99
95
99
99
99
99
86215
135243
141593
98276
99
321152
347613
124239
94
99
99
177
99
569
99
98707
99
99
99
99
78583
18085
99
99
402922
140062
99
96
99
99
30683
148154
47292
87286
99
99
73684
15260
36543
1884
99
76657
98
99
99
99
11895
99
99
79784
99
100418
99
99
99
37896
109474
149532
99
99
99
99
99
99
28586
99
24208
24669
269987
65170
125772
99
99
99
99
99
391480
201212
233224
99
99
137928
4840
25855
99
96519
99
99
125352
99
92
51661
16309
99
131567
107140
99
99
111586
99
99
83663
10579
99
99
99
99
99
313134
99
28005
232714
445418
99
355372
99
99
108733
99
231690
31654
99
99
99
99
64876
99
99
218229
99
330379
148996
3254
95
42422
99
452010
99
99
151521
53475
366884
101784
98787
60224
99
335524
139408
11450
99
301986
99
99
12002
240208
99
99
285805
43480
99
99
165963
157801
99
70563
394851
99
99
411668
99
99
99
312477
344335
99
99
401896
99
75740
99
24437
99
7065
276593
111002
99
128050
99
99
99
99
1949
156169
45971
99
99
99
99
96082
86646
29961
247512
99
44456
50939
99
10973
328563
99
153014
23902
109119
154060
99
99
32846
99
217854
185245
99
415986
47508
99
511679
99
131123
99
99
402647
99
129707
14697
17738
544559
99
11028
147287
8959
99
63877
99
99
7514
99
99
244177
99
111316
99
99
99
99
44827
193713
63021
262108
99
114620
33857
51589
203469
99
43588
168035
99
12573
65688
99
72051
99
99
143477
148854
236334
18295
556560
135188
99
467079
200099
99
5106
99
99
74110
242992
99
99
99
40796
150756
202045
310374
99
99
99
56393
63428
471473
99
99
54506
99
99
170413
79179
99
4693
99
99
99
309666
99
99
99
99
99
99
127443
8224
99
13558
250321
400096
614
461770
226631
61761
72477
133402
158949
99
187430
18984
99
16274
78476
99
99
99
352021
143609
26461
99
99
447843
99
228035
6604
64683
99
140014
99
53855
122544
99
99
436507
224325
99
272140
99
228595
99
99
182254
44543
7031
99
90521
43846
99
53414
168920
188358
99
163718
106618
398560
21878
99
475934
99
99
37448
99
99
99
55376
99
12306
99
90490
99
85
122153
10930
99
240849
93
72510
285694
99
99
99
99
280775
99
99
79853
99
99
99
99
99
150045
29669
99
99
99
50747
99
99
99
99
99
99
99
22214
99
99
320006
99
280043
99
253309
99
3380
94101
230022
99
6609
99
99
47761
226661
99
99
98264
59412
99
47726
5198
3046
99
284902
169743
245907
99
229690
96801
173648
99
99
99
99
2462
48219
99
9069
115763
16276
99
99
99
210004
198601
99
89076
99
469316
96
99
103499
99
96
99
7884
99
98
31317
99
14991
107794
235134
9911
99
99
88460
99
540340
99
14287
99
99
99
99
99
190386
514
323846
242371
99
99
39242
159203
42702
99
99
99
99
68484
83913
442002
99
99
99
49863
136291
146421
47744
35094
160339
196985
37420
99
99
106708
99
99
15761
207521
99
99
99
99
85850
99
99
72006
280520
163843
110303
200131
99
368230
203197
99
200447
55205
99
49424
99
99
99
120445
99
99
2643
99
99
99
99
99
11883
255973
111463
99
249758
463889
99
1293
369869
99
153495
99
99
99
99
363325
99
48031
99
187028
99
68451
99
47759
18058
99
326971
54444
61551
201833
44584
99
99
373571
162203
262249
99
99
78300
99
162934
302342
239941
99
581824
99
99
71979
99
13219
99
38530
99
99
99
99
238755
99
236161
68448
99
12946
142150
99
68008
99
99
135082
43811
99175
99
99
30395
99
99
99
28615
99
99
27833
192683
99
287535
76976
99
99
99
54003
99
349008
17137
26721
99
99
45669
88573
228871
34227
99
99
47760
38287
99
99
17408
127603
19120
99
443466
99
403131
99
99
83731
99
99
147089
142285
99
99
99
99
100019
99
99
99
99
99
90
44627
99
90514
99
39404
99
55073
30495
13112
35222
99
99
99
121512
99
538327
99
620535
36009
451441
99
99
319466
15467
261023
139819
15628
171395
80788
99
99
379496
260685
276880
246064
283901
99
317487
94828
46515
260971
99
99
88693
35800
98
52982
41312
19512
99
311304
99
99
99
99
99
99
220615
25706
99
11133
99
99
99
99
99
356029
1333
122390
99
99
99
99
99
5861
99
99
99
69
347604
99
99
99
70403
327284
99
159130
99
311694
99
77125
99
11466
231669
105115
99
99
97
99
99
79912
103511
99
53773
155965
98
80046
99
177826
99
99
166930
159162
364847
18914
99
21774
99
271128
99
249877
379932
99
94
99
54199
99
99
99
49807
99
453670
216751
99
177504
142174
187131
24178
99
99
97
99
99
99
99
94
51450
131098
90
498954
145216
124094
143248
253113
11044
99
180871
99
99
99
96428
99
78817
99
99
99
241588
76778
99
99
214062
99
99
247257
99
99
99
99
59795
278345
99
99
185680
99
310814
99
99
99
1827
99
66689
99
222437
99
99
99
99
99
197672
72461
525509
99
99
99
99
199847
22505
406376
488352
44425
99
88890
76425
259519
99
7917
501326
142862
513555
99
99
99
98
99
99
99
88835
99
289564
205668
99
99
10922
5615
441754
115558
98
99
108052
496697
99
99
152259
99
99
99
211435
161493
99
99
99
179651
93
41156
164121
99
99
457924
10924
145119
99
245338
99
99
2921
99
13104
790
99
111384
99
156273
20220
40212
322966
205816
202706
29990
451671
99
99
99
50495
99582
99
99
268732
99
143008
99
23803
99
99
99
41679
98
185790
99
56835
99
99
99
99
23588
73669
99
83859
462017
99
6238
99
53621
99
99
99
99
358948
90951
202953
131011
172081
294629
225020
3877
94
99
97
99
99
99
84
62592
14507
254057
99
303416
178165
3057
81768
90659
70634
602813
99
99
155
99
99
99
110449
127282
121578
18164
99
99
48005
99
99
44574
99
177950
99
59061
99
99
58415
283431
238227
240156
12671
99
99
96006
99
1217
99
99
99
1027
12353
99
99
270947
99
99
99
99
49372
30035
99
14664
99
107702
99
94790
99
99
11178
99
99
461805
369477
22834
99
99
99
139854
99
100720
99
112162
213429
99
240999
99
86068
99
99325
606105
28988
99
99
76728
99
99
321435
99
99
268488
28420
267993
64233
135833
215244
99
90605
99
99
99
171283
199960
120512
99
99
99
99
99
8029
49096
99
99
239554
108849
229828
99
99
99
311391
382007
99
99
99
54729
99
99
99
99
23385
99
135770
15872
208529
24754
99
99
92803
142263
26554
21198
109436
156520
56889
99
400730
326562
99
99
99
99
25486
99
64625
99
506569
99
273593
99
8466
99
347016
59592
117254
5666
99
20109
61790
99
126818
99
99
43937
99
99
59537
99
98
99
99
82141
99
126272
99
156675
102654
349230
62409
45988
207631
36989
99
99
304566
99
461251
8802
99
70512
65331
99
65248
99
99
99
99
187213
106232
99
24748
99
99
99
241203
20394
72347
99
99
99
99
464283
407297
158266
99
67529
156278
99
20343
408727
99
99
99
33104
99
10863
99
162358
7273
99
99
97
57274
165445
394279
99
395220
18737
241858
99
154119
8983
99
99
99
50911
99
156117
729
11328
99
306903
99
99
46760
99
110195
99
48060
99
99
322625
99
29846
81071
99
95
99
99
99
5175
99
99
99
99
27420
99
35656
12514
248739
136972
103473
99342
111534
99
209818
426906
99
12248
99
33556
99
275971
99
231175
99
166842
99
99
188433
2305
97
99
99
99
84250
8324
209116
31620
183668
99
3671
34338
233644
99
232861
206495
32601
99
99
98
99
161983
99
99
99
99
99
37808
99
56429
354447
24260
99
53057
99
99
99
70812
99
99
99
1053
200844
99
99
99
158472
194338
99
99
196996
241633
321110
65063
97
99
206067
16092
252021
99
99
472198
312015
99
86596
99
99
234093
68046
99
48185
99
445355
17846
8766
99
99
99
67682
78
99
99
6401
44827
99
99
78278
57075
393184
97135
99
205907
182044
166640
444211
99
91588
82481
447766
174494
185698
99
99
37269
164857
152874
390382
99
10268
99
230625
99
99
99
99
583602
99
71
222819
14596
414380
26590
99
99
58992
92008
99
99
99
99
436293
129653
99
99
70857
411321
99
99
99
99
99
210127
2967
99
52161
368973
99
14566
81665
152
99
99
256928
99
3548
162992
99
16389
425581
99
98
99
99
161133
99
99
99
99
519639
99
51199
99
408129
99
99
99
51728
56089
99
214692
99
99
99
98
99
63119
99
99
118376
48291
99
99
99
210891
150760
1255
99
99
99
188399
290032
99
99
99
416032
75388
99
99
7752
474448
101681
468461
99
91091
99
2371
202527
386283
99
6329
378422
99
99
171936
68769
99
99
99
99
99
806
138937
291465
77878
175643
99
99
417206
99
99
109505
99
99
174476
31394
415290
99
110034
99
99
99
99
235591
427818
99
4025
99
99
99
368986
99
99
57033
99
99
9041
99
216776
217806
99
99
135265
99
393426
99
99
368981
99
231346
78895
1364
154561
99
99
413397
99
174586
16756
98
99
99
99
99
275306
186933
131479
99
99
22216
251096
99
298701
14674
260959
321084
99
366189
99
99
366521
99
99
501845
73548
475251
99
58811
99
276287
99
7086
99
71
162310
99
99
204683
99
87649
99
99
99
35626
154585
99
99
97
532339
99
27308
192165
156103
368874
562
99
351254
161378
99
480116
99
99
202862
34329
48202
40250
99
99
146560
99
220402
299196
99
6481
99
1625
99
99
74386
99
133919
234627
99
1029
194789
261472
99
99
105063
99
99
49750
65365
71400
39868
145208
99
99
176170
99
67305
99
261907
51679
28584
255254
407133
99
93956
83
77856
99
27714
114292
120693
99
99
99
281135
88368
135258
99
99
78828
338329
99
99
6514
138297
99
109800
99
84922
172539
99
99
389358
99
99
99
117234
99
99
195189
169709
25766
244
99
219120
80189
99
586138
469727
131250
99
99
197448
24205
298052
99
99
99
99
215737
11266
99
22044
99
99
99
4992
144311
99
60213
99
123813
99
215771
99
24033
99
99
99
127188
99
280803
81
549200
99
6821
253936
23260
49154
99
218985
88
99
98
99
99
24488
194660
99
12319
95461
170177
71600
299461
59070
99
196893
99
99
709
99
99
99
99
99
99
14015
99
96
99
99
99
131761
313748
209425
99
99
67825
99
99
99
99
99
99
301027
136457
64199
198107
159176
99
99
295069
99
99
99
268540
178174
300341
47090
99
6558
76738
99
99
99
99
126913
292269
99
99
101255
168619
99
99
99
99
99
176281
166576
99
99
99
57437
20220
334402
451646
99
99
4052
224284
130396
21299
99
99
99
174096
267951
9955
99
118742
79598
99
99
541837
99
623617
99
93063
99
24763
152049
55354
99
499254
356934
99
445399
99
99
99
332823
52966
2074
99
99
99
131847
323684
70
69327
38362
99
99
99
99
99
42768
260087
99
99
99
163095
99
97
374243
36169
125047
99
99
99
99
99
99
99
99
127538
15108
29998
323994
240016
99
12458
86105
391581
99
99
715
99
320163
99
140096
103060
63167
99
99
99
99
17769
370337
95825
99
99
112731
387359
30652
99
99
99
99
47370
467436
113386
14685
99
275918
99
99
277871
99
9612
99
42625
99
99
171367
99
9
17873
99
99
247622
99
98
53407
99
277367
99
462803
51863
94
42304
99
99
513755
283852
306951
50048
318945
99
250201
99
26731
200630
14728
486846
161469
99
99
99
99
99
549305
17199
99
99
283981
199993
99
415015
341777
91
141905
99
99
99
99
101022
99
99
99
99
99
27308
92155
99
338560
99
99
98711
19059
105003
99
99
210446
608149
393734
99
355003
99
60147
99
99
99
18560
99
182216
99
99
99
291856
99
99
99
120518
2126
66427
99
68082
99
99
99
99
99
99
99
543933
204324
99
267418
99
99
99
44154
2521
99
99
21198
256749
99
99
99
99
46969
360917
21696
99
180151
99
99
45527
62580
154794
99
99
59706
99
20250
288343
354786
97591
99
91816
99
99
99
99
99
476532
99
187335
176847
99
99
99
99
258061
99
400758
99
11309
40503
73029
99
251106
99
99
99
587723
225332
71773
388816
99
99
169248
99
394237
264917
99
19494
99
99
75470
99
99
99
472105
99
24187
103836
244414
43074
99
99
98291
99
2991
99
237780
99
484547
216364
99
99
155400
358300
29799
99
99
99
98
125840
40474
238821
99
99
8460
352271
38365
459611
16213
99
99
12630
362781
452898
99
99
351304
41567
99
99
239227
24623
25697
99
99
407791
279886
99
99
8682
36410
324736
99
107840
99
6905
99
29729
32507
99
365251
31685
99
8510
396964
99
100417
49519
69846
99
99
95
88
99
107009
320292
99
99
76345
118530
322086
602973
8475
99
94
99
99
98
99
99
99
99
99
99
259574
99
99
99
27971
62431
44999
99
99
115822
99
68838
99
99
47327
146129
198775
99
99
99
74491
89427
99
99
99
53280
99
31
117758
37977
99
99
99
99
99
99
160422
1417
99
99
99
78760
25710
99
99
19672
20470
99
380589
62098
5757
99
99
96991
214756
15948
99
99
60558
183063
88639
353304
545593
8910
99
123621
99
18296
120426
99
99
334114
99
58516
70253
99
99
99
99
160133
231627
194135
99
217613
99
149371
453209
99
31711
400272
99
139652
232965
98
99
99
99
98
99
99
5508
99
99
9086
413014
99
99
99
281809
187524
99
206181
99
17003
66923
99
67159
99
86632
99
201230
323811
99
83779
99
99
20758
99
144006
294468
182860
99
8518
104480
99
22032
99
99
99
24936
99
99
72818
259053
99
170658
99
171551
165422
99
99
62747
99
99
99
99
99
99
99
99
97
244984
89349
530726
9423
99
221447
99
496919
87667
527328
75711
537
166421
216441
92
362555
3774
16600
220242
125754
212641
3565
182160
99
99
15161
99
99
99
98
227498
200814
119267
114446
99
99
99
99
99
19991
99
99
32665
405495
70622
28693
51021
8353
504410
99
99
99
165264
2789
99
78077
99
96640
99
71649
425861
5685
99
99
2208
8537
99
223221
37083
99
99
99
39682
219084
90643
99
99
99
99
152517
99
10164
162513
99
84223
404028
2558
3143
765
170003
59355
3606
105038
99
99
158984
248
388592
61503
53723
99
36277
99
99
99
26512
34820
99
91804
294346
60504
219945
99
99
193655
99
477838
99
211249
99
201585
99
99
99
99
287836
221719
99
176175
185471
156502
21242
215342
99
110389
29298
347461
99
99
99
439116
99
99
99
99
99
122489
99
330888
99
49415
99
368416
99
98
31514
369423
27369
99
55950
99
45568
99
53154
99
188553
99
99
92
99
2028
89523
99
157765
21177
23466
226315
384466
99
99
177170
99
99
213714
100906
113344
99
99
99
99
23403
99
86067
99
161990
99
73102
99
99988
99
90636
66388
99
459111
107979
99
99
287048
99
99
60426
99
202996
98200
99
99
278445
99
382409
8408
99
99
99
99
99
99
99
221863
99
99
99
105041
20973
14731
99
99
99
42881
99
99
99
384505
99
99
126148
99
95
221338
99
99
40324
216322
48457
106486
99
99
99
234887
99
414180
99
99
99
149949
99
99
99
99
99
99
99
99
39
99
99
99
99
978
177583
260895
99
99
25378
99
99
99
99
99
127375
99
99
99
114054
99
99
93607
99
99
109408
99
65870
99
99
99
230258
99
114980
248239
99
99
99
99
99
14495
1277
20387
99
68813
56123
39314
184440
140937
99
99
4408
99
99
279055
99
61552
99
99
99
99
99
99
99
99
99
99
99
134481
99
87336
1938
773
54437
99
99
99
31459
99
99
99
99
82754
99
99
38321
99
99
173263
99
338436
19430
131002
99
99
99
99
99
99
99
99
339854
99
99
173169
97
99
172881
99
272402
99
99
267648
99
99
99
5707
99
131451
99
99
99
31516
70975
99
355736
13562
99
398014
376218
159468
99
99
99
99
63414
149132
33998
98
24
99
17540
505433
253081
99
246923
99
249913
41540
248794
104428
245056
99
311662
225731
99
99
194261
432678
147360
99
99
99
374498
154811
99
56363
99
55240
99
99
6425
99
99
2619
99
123307
141469
99
87415
99
99
99
62664
99
110065
182663
137913
99
55717
99
99
519467
99
99
40642
99
99
99
99
99
96973
98
99
99
99
330268
75376
96
99
49179
228850
99
99
220023
563451
65842
99
99
99
99
12676
99
99
109271
76176
99
341251
99
122916
99
99
68736
98
119908
99
48317
99
99
99
99
129468
40094
99
99
99
99
377292
99
316075
462009
3998
99
86810
187675
60030
99
338192
64324
61869
41599
252103
32677
99
1220
136193
46815
337787
380991
309
99
99
99
30823
99
99
99
53777
99
99
99
309663
170324
139654
99
480320
99
99
99
20692
358450
4482
99
43698
347777
99
99
359994
266550
106039
99
99
99
99
99
180089
99
99
99
6403
30816
99
98294
99
99
99
99
99
72105
18870
116883
175647
99
99
99
241355
99
264158
281558
99
99
99
99
99
195248
99
156245
99
323225
423238
21534
353540
39318
99
99
99
3689
101503
99
99
99
370954
126931
99
355711
35721
2002
57759
99
99
107156
99
156673
71910
525902
136164
99
7488
99
365444
86249
99
99
76981
99
99
155517
12334
99
65148
169393
299518
159426
98
99
99
99
99
9866
62890
106688
148192
171629
263890
219928
150667
419488
99
99
99
99
86968
458827
24592
64987
99
99
314644
99
273241
89224
18482
99
99
92672
99
156168
99
398585
99
99
57686
99
302237
99
99
363686
170097
99
6227
170541
99
20610
99
99
99
8764
99
11586
366570
72681
80011
405442
99
132812
99
99
102134
99
99
99
99
31768
99
139269
32498
99
99
99
99
99
99
283410
428701
99
13350
99
99
30285
280693
99
55087
222688
99
99
99
38590
18115
426498
99
144096
99
14626
99
99
12556
99
244610
99
99
99
12888
99
99
99
163040
18176
99
79778
94
166372
99
99
99
56064
10065
60961
99
334539
29641
463013
98
358694
99
99
106106
8197
99
99
282275
11205
99
99
99
17399
139014
99
34552
311032
99
99
23282
116762
99
99
384187
99
99
99
99
99
17924
99
99
198127
484172
196994
99
78414
99
99
99
99
99
1401
99
58057
214427
99
240203
99
20332
99
175831
10481
17599
378097
27598
99
199698
372162
276951
99
99
157895
99
99
115120
58478
47660
99
99
99
65112
99
109634
486229
99
33696
99
136373
205170
99
15228
29583
99
99
113647
22268
99
99
99
99
305311
85693
106732
214091
99
161191
11394
99
99
58972
48612
99
30172
192189
99
99
99
99
99
99
109432
99
99
99
99
99
99
71076
99
99
173801
99
99
98
500471
99
119231
323511
69
448200
99
99
62418
99
238111
3969
99
99
584593
99
82218
357089
242627
201733
392691
99
477719
99
99
99
72392
176604
99
99
528345
99
99
6209
99
99
99
108656
99
345735
99
87729
99
16759
99
99
359798
469204
99
105148
417454
99
99
99
99
97073
19383
99
99
364540
113876
412929
242205
99
86015
17863
232678
127942
394428
99
99
291985
369591
147791
310788
99
99
83434
76862
52300
69849
155761
99
45921
75140
33180
99
99
8252
99
99
50201
99
180367
99540
24405
99
43380
220733
99
301995
99
400885
99
149083
99
314053
99
99
99
99
18575
99
99
355080
203668
18120
225736
75162
59131
99
402551
99
99
16550
99
83729
99
99
99
157436
147077
45539
99
114944
74882
238994
99
99
99
99
99
88
99
99
279917
57900
99
99
10922
59940
88281
47982
99
8064
78700
312842
94245
99
99
99
79539
99
41052
11546
116229
99
99
72023
99
99
74523
126946
99
99
348080
213167
110451
99
99
106617
99
99
99
314064
150858
99
26977
99
88957
99
99
80539
99
219419
99
234106
6933
88124
259796
166459
40608
99
285025
99
99
55813
145921
403356
99
76421
193641
123491
99
99
27323
99
71786
99
99
99
99
99
57536
97719
99
354669
66869
99
100276
99
99
324212
20751
30953
99
99
17474
12772
99
99
127909
127374
26056
28439
181142
206943
99
157748
391535
99
126962
138512
50921
134806
334381
283875
98
99
99
99
99
2593
120101
51845
264657
99
99
55349
72925
79717
99
169266
99
99
99
99
99
99
95614
99
99
99
59717
40707
99
99
99
280132
223148
99
99
171526
99
403230
89771
64871
58436
99
99
99
450261
30146
20004
811
129337
180261
99
240313
97694
489558
99
99
99
507236
99
99
99
396063
99
99
99
99
386038
356753
99
99
99
446221
519090
2563
99
398593
97290
99
15280
99
124152
28159
389352
66342
99
99
99
45575
99
75440
99
23173
248
98
99
99
86719
143029
99
99
286700
494609
244607
99
36607
99
122921
99
99
99
99
99
401833
34895
141935
99
99
99
99
123998
98
17603
11496
99
13556
99
99
99
335450
138649
99
20216
99
99
88695
99
99
99
151455
97396
99
88011
99
99
99
106745
97
303402
99
99
92
37237
58335
99
60740
99
213361
99
99
99
96539
99
99
99
68093
119305
99
99
2209
99
37889
231065
99
55858
182567
13785
7297
99
10525
99
99
468485
99
84
38466
430047
188934
9789
99
99
99
14081
99
428050
65917
2328
172327
99
79080
351589
2971
585666
99
4926
108492
213849
99
47501
99
99
109016
286619
99
5095
99
294843
99
228021
99
3507
99
99
99
99
99
99
131204
44891
99
177360
99
54425
99
99
99
29716
99
91492
13214
413866
56750
41973
111538
99
135788
99
14887
338843
99
341
191509
28829
15102
99
25991
99
189768
99
99
402108
1264
383943
99
99
99
99
10090
82230
99
6028
99
82641
35817
218794
99
99
26289
99
98
262810
99
3210
27448
287362
315985
285933
141953
278887
114140
95
99
99
2339
99
99
99
2831
99
282021
442875
1178
99
99
99
99
162230
99
99
99
30852
98525
31444
99
99
342465
99
199744
165351
39890
43640
99
11151
99
683
115762
173409
275795
99
5498
26237
99
99
99
114900
65704
13078
99
99
99
99
99
288025
99
99
99
282834
63505
416652
288522
67
99
99
99
64480
37300
99
113662
99
99
6014
378197
36365
99
1793
99
496487
99
96160
251874
99
402817
95
99
54027
60449
345457
99
26348
164739
133363
262866
183455
115650
99
101719
311944
152065
99
270404
99
202494
99
9109
38960
59343
114336
26595
337592
222775
2860
99
177167
34781
99
99
24627
99
99
99
99
99
33537
351360
99
7857
99
99
99
264303
99
90
99
99
99
10953
8360
426376
237903
99
402552
99
99
99
37692
291041
202237
99
116539
99
99
140711
99
94159
88404
99
99
116344
46658
98
99
82471
99
409091
99
99
99
99
99
223534
99
201895
179353
26613
224179
421059
1354
99
204643
99
99
413
203884
1683
12816
99
361948
148540
99
123249
99
99
450871
98
99
99
99
99
99
78734
99
223157
38642
255348
210049
98
106129
99
99
78
94
145084
94
99
99
99
3540
316717
1406
99
222309
99
99
4100
99
51694
261571
99
99
423899
99
71283
80
121045
99
99
99
94
214236
99
99
99
143730
193392
99
128994
99
83592
99
99
29868
99
108636
308553
99
95
99
3877
9140
8571
99
242988
39851
134704
99
3981
99
99
99
209191
99
140449
12264
94
118289
5372
99
99
362732
99
99
45299
135151
178940
99
155855
442138
68804
305175
99
167448
1382
99
5342
180648
337046
99
99
316495
65414
97
428695
315105
127402
99
99
99
246595
99
198609
135070
99
49953
99
99
99
181742
405746
99
70852
99
58797
99
99
99
144261
99
295848
298923
99
37664
99
99
488553
596
99
92962
2766
6134
99
192410
99
99
130052
99
99
38864
173870
99
351204
98
330304
99172
99
99
99
98
53467
153863
99
99
37301
195412
99
259721
99
587176
99
14476
99
99
99
99
99
24848
99
99
99
27990
99
342520
284350
263825
62267
281651
157112
99
99
99
212649
99
2063
99
239946
91028
358845
1888
47142
29462
99
186463
99
216720
99
99
99
