291492
82126
99
99
69286
14606
70491
256338
230477
99
99
99
65377
158026
99
99
288518
99
41130
66876
11098
99
162161
99
594546
99
99
34723
184692
99
293374
99
5346
123834
99
6548
99
99
99
99
92264
135473
99
155008
71859
18178
17121
99
98
41362
26820
99
395130
99
70414
376799
263309
99
425575
99
152917
99
99
180067
7068
97
425654
61949
269926
99
111293
98
99
99
154227
99
99
344974
99
26240
48676
29823
99
39707
1064
99
275580
544791
99
18943
99
154696
99
99
99
99
153238
40296
127429
99
99
476626
95
99
99
563181
37182
99
32731
53740
99
99
99
9516
99
275211
99
99
58393
99
99
127424
313377
2320
99
47064
99
99
99
99
27771
99
99
20786
99
132430
34478
342866
99
274
99
99
99
99
99
99
99
1778
99
99
173796
398105
99
99
405083
99
1495
86082
99
271149
99
51984
226379
279343
257281
99
268521
3525
40528
99
99
99
114749
99
99
99
99
88555
97
99
2465
99
56256
99
99
402542
90741
220113
99
479008
121171
99
279159
99
99
99
223682
15849
218324
99
75738
99
99
99
99
50
99
147602
99
367158
43261
99
99
86364
99
411575
99
99
99
99
81355
76977
99
99
35984
99
99
99
348116
97
118244
99
15049
99
99
99
951
163665
70077
99
254681
99
3787
99
19537
69
162675
99
49329
395779
15569
95505
69713
99
252934
120249
11427
58808
228742
245250
99
99
99
256961
36341
297353
280342
92545
41486
99
99
99
99
99
45611
99
71048
91
39122
99
97
54286
99
99
99
51860
2293
99
74535
8315
478395
99
302708
99
99
8036
99
99
99
99
99
99
99
99
5637
99
3046
228647
21282
483709
99
261423
99
227822
42455
99
448756
99
224727
54394
99
149926
99
99
99
99
99
139673
99
99
308796
207797
99
99
99
99
99
99
99
5075
99
99
99
99
99
99
99
99
99
20013
99
99
99
76023
99
47002
1755
90
105408
87921
99
99
473562
252458
60505
99
2037
301860
38169
99
146761
99
99
99
13684
99
120713
138375
99
56325
151002
99
93
162362
99
83527
99
99
156652
97
73007
92797
99
87711
99
168950
99
99
99
99
18899
99
26741
287785
18090
106105
65054
5418
225533
64221
450636
99
27896
99
333453
60129
99
99
13201
99
99
10827
99
99
99
99
227165
99
54033
99
99
102443
99
99
36465
99
53266
80676
98
98
99
99
99
347864
99
99
99
99
70576
99
99
63
99
99
99
18359
418642
451831
99
13445
99
99
99
57140
437489
99
99
99
99
88163
99
99
204571
99
416777
99
99
99
175260
103815
99
99
99
230898
99
99
99
99
268153
99
77065
219233
99
99
55280
99
99
99
99
80651
11342
99
372490
99
53162
117321
202946
99
99
99
499554
99
91835
154115
2410
99
437138
99
109157
99
99
18884
99
99
99
176839
99
104221
21169
251832
311432
99
99
99
18741
99
99
84751
99
99
117959
42224
99
99
189499
257575
170198
99
99
522
99
99
164638
99
15378
99
284447
333124
99
39702
99
19175
248719
99
99
99
21367
14042
25801
152216
155730
99
98145
99
30883
61349
6726
99
99
99
99
33179
35937
141008
99
397531
99
99
99
125840
289788
59466
437621
99
97
12491
313400
99
25170
99
99
89315
99
99
99
23219
99
99
71
45959
99
170342
64017
99
99
99
303475
99
99
207451
123265
99
99
61145
99
432621
99
99
66988
99
99
85732
6223
94
393847
25866
123426
99
84
99
99
99
99
99
23983
124115
68126
99
25638
99
99
99
290184
99
99
57565
28267
99
99
150897
208804
209089
339374
113512
171982
213781
21960
102342
88651
99
99
283638
8919
51982
99
99
98
99
99
99
395012
151566
99
91568
99
60656
99
99
73565
219544
190720
64789
99
99
20577
270231
99
99
114110
71335
99
99
450475
99
28579
99
99
29695
153863
2302
373061
178423
39955
99
178315
99
53058
558399
99
187878
21219
99
99
40213
208155
99
99
99
99
99
99
99
49915
61751
99
99
99
99
99
99
99
99
99
99
38180
299342
99
99
99
16747
10354
99
158138
32855
99
99
466289
32963
99
169283
99
281672
99
99
99
99
99
99
59608
150645
341329
99
97
29246
320545
99
269183
99
50094
99
99
95606
99
99
99
99
99
211173
99
166210
251722
99
99
30519
99
99
99
99
99
99
99
99
99
94
99
99
417818
99
8274
237650
99
274709
3660
99
99
99
99
36978
99
7045
99
99
99
99
99
83626
99
38109
13558
236287
569448
465367
99
273121
99
99
49498
99
99
74421
68709
133891
33570
99
20573
256737
90435
43395
99
99
99
56513
99
99
320675
99
99
99
260189
99
33997
99
99
99
199554
99
99
129419
8749
99
19104
83606
99
13546
98
16816
319986
41323
99
156846
228296
144328
99
85987
99
99
99
99
99
70178
99
128883
99
99
48180
97
274911
99
84548
99
348856
74392
36381
105623
542573
99
99
68035
53825
99
213525
99
99
120507
99
20105
99
99
194084
280754
99
37906
99
220844
99
99
65867
339575
152744
55343
99
275562
1811
99
3646
105967
99
99
99
43110
99
99
99
299477
341422
151295
387023
71173
99
6848
178547
99
17395
99
99
167161
99
99
99
229954
1760
99
377701
99
99
99
99
242972
1223
2459
99
354778
99
99
227485
99
99
99
99
33186
99
69987
99
99
99
213525
366964
2478
99
99
254615
99
3476
42216
99
99
99
140713
79437
330059
103189
312387
99
175753
99
146468
28120
253063
99
30544
98
99
99
99
99
99
99
71990
99
94229
149429
45286
247522
323475
124129
306417
99
99
99
384851
246938
99
99
76885
99
207625
140849
155282
99
9693
7502
193854
18304
37650
20245
99
508815
99
26708
93944
57998
212473
99
99
99
72592
99
99
316244
4632
22813
199272
274715
99
99
99
99
99
135394
99
171663
30887
99
272721
163662
223108
99
86814
99
99
13373
99
25615
99
99
99
99
99
208693
308069
371030
142089
70585
99
99
271539
99
145159
99
99
99
205605
99
380944
392097
3789
99
102445
273485
99
99
15439
99
6164
126912
99
99
99
98
443303
99
12403
99
36923
99
119790
99
88
333620
69887
99
99
15890
99
110825
50
38694
122632
99
99
189274
50731
99
99
99
15026
99
104215
99
99
98
99
99
318091
329954
99
99
97
97
99
225338
99
99
99
99
300691
19395
237393
224789
381344
228862
99
90173
23859
99
99
38523
192738
99
99
99
14096
99
99
99
99
28708
77670
99
99
99
217460
276963
7960
99
99
99
99
99
99
99
157530
560435
99587
99
380753
19087
99
273858
196721
18353
99
99
27133
56318
73549
99
99
75202
99
103707
199582
332415
99
99
99
99
152828
11988
139361
7540
366752
316167
331085
99
92
27108
139606
99
99
346211
99
99
99
99
99
99
568432
99
51430
97
98
194968
8212
129731
484344
65525
99
99
99
32574
99
99
99
29144
511681
99
99
22411
99
99
99
99
75047
99
99
396411
94
99
293422
99
468803
99
99
99
99
86904
99
99
249120
352760
259877
99
99
99
99
507732
99
99
99
124769
4210
303959
134335
227297
99
99
9378
99
99
154075
62929
361343
99
99
33001
99
106649
99
99
460018
99
99
299486
99
26184
99
99
99
71049
233623
99
99
26386
99
42776
108919
99392
99
61428
99
99
99
99
99
378665
435399
25565
99
14072
99
99
74342
469775
99
570
99
59467
99
99
99
261192
130978
53099
2143
80082
99
99
99
99
90089
374753
99
150127
1884
32053
46913
35110
99
221121
329803
215441
3611
92993
99
52414
99
198871
99
209281
99
92623
99
164834
99
99
169468
99
310844
301233
99
99
15575
73174
272413
169732
55418
99
39988
99
124457
99
99
99
154632
21280
99
99
234216
99
99
99
99
99
18229
379008
99
139250
32446
296670
19058
98183
99
99
43034
99
360441
187295
147686
40392
99
99
125082
99
99
99
99
284816
99
43470
149043
99
313823
99
74
99
29736
3551
99
99
88462
99
99
8603
110461
99
99
86798
513552
40583
19946
99
99
153729
266749
99
19670
99
27989
52553
99
99
14542
71469
99
48262
99
99
513726
84807
1123
61103
99
99
99
13352
113647
98
99
100496
99
99
222294
401883
139312
99
99
99
99
89349
31012
99
99
128906
120739
99
86314
99
121364
334230
99
99
39270
265996
3881
174031
99
99
99
99
99
53
99
99
359459
99
99
99
386348
18351
158881
6209
431252
99
356237
99
203523
99
70499
103185
83432
99
161066
78218
99
99
118411
99
9246
99
99
99
98
99
99
99
99
36596
99
99
489590
99
88885
99
99
99
99
59110
78759
253723
99
99
96818
68227
132604
99
99
99
120329
99
99
99
408861
156169
6471
76783
106666
99
99
99
99
99
99
99
35736
99
338384
99
297591
99
514816
157872
99
7959
69005
1637
125899
99
41319
256928
99
2654
67727
99
99
60474
90810
550582
99
99
43556
98
99
99
204673
99
99
16742
59747
99
130578
25902
99
99
102565
31241
53116
99
99
219277
99
2519
99
406920
202825
99
93785
27650
191154
4585
96023
35986
99
99
28607
133693
99
235072
99
214137
99
99
98
27134
99
99
99
352686
462831
99
99
135496
111829
99
99
83996
99
248101
133972
9429
99
99
99
99
99
284304
294633
142634
1097
99
99
99
99
28354
50349
99
97136
31024
11551
341235
99
99
99
19876
223707
277627
99
99
99
323632
34433
99
99
6367
99
99
98
99
261903
36851
99
249913
474892
259382
99
19658
99
99
99
48703
68125
99
420558
99
76749
99
99
99
99
177063
98
22522
99
33519
155112
166113
99
99
15204
99
99679
216859
99
99
99
5445
99
80880
344705
99
257056
397532
36795
99
99
99
307641
99
76770
63
205772
157011
99
130723
99
508208
336108
623066
99
99
99
99
31886
214867
234501
409330
309833
99
205646
144482
522313
222295
99
15921
99
43402
439861
52554
79635
106622
304645
218912
99
60483
17461
237034
118082
99
160670
99
316670
99
8050
99
99
99
99
7177
99
99
99
99
19776
99
492669
99
229329
106389
64284
99
102935
99
110330
407447
89144
520564
23746
301418
99
82924
38326
99
260003
15071
99
27412
99
99
122102
43894
223541
99
99
92
99
99
99
392646
301248
402628
171764
276765
89477
99
99
99
99
99
19761
30173
99
53012
99
96631
106132
99
208075
99
139714
36803
109774
99
3521
99
99
36537
10582
51878
99
99
466494
99
311133
99
177324
4766
31035
99
94
99
99
99
99
352932
46432
99
99
99
122268
99
99
98
203065
99
99
99
99
181673
22487
99
99
353075
99
4790
40110
5860
66920
102566
55842
99
153534
99
99
99
166037
99
99
85127
99
99
27443
99
119050
33417
99
99
312372
76624
42715
77150
208534
99
7608
46208
99
99
105011
36308
217331
99
99
32680
262489
25895
47449
99
290846
104977
99
168391
99
20207
99
210615
124021
99
271256
26033
98
43877
183173
443324
99
99
77047
99
201028
31874
99
311826
538
99
99
99
99
99
96
332830
99
99
99
99
50927
99
106558
14051
182277
99
102004
128153
6995
99
197851
99
99
218065
99
55636
100646
310093
99
142035
99
99
99
99
82970
129583
99
99
99
100649
105141
99
99
97
127973
218369
99
99
99
99
99
73254
109042
249456
214764
99
82450
99
295820
14526
8834
99
508183
392830
99
99
99
99
99
99
99
282367
436425
268407
99
252093
99
162878
162637
99
99
82157
99
188673
302285
314350
99
99
99466
99
99
99
99
99
99
190975
99
99
288924
99
99
99
226261
99
208491
99
23096
99
4811
19770
267855
99
146506
99
99
145863
99
99
7376
99
99
300366
99
68395
294256
343306
108013
99
136791
99
71233
40647
95
201851
99
88317
263392
99
99
99
296865
166879
86265
172845
445590
99
99
99
35199
169045
36727
296012
99
24760
99
99
99
99
99
99
58829
99
14689
418609
99
99
522799
11507
230958
78651
114140
99
160139
97
99
99
99
99
99
99
40607
69106
99
99
99
99
221174
125465
187408
99
99
76774
131548
487508
99
4090
17427
99
99
254489
99
84883
4492
98545
99
99
99
99
99
99
22076
99
40776
99
99
99
99
99
355385
184130
383174
411840
99
98
427794
11704
98
136548
41
60332
98
99
190718
99
202718
296351
99
12933
99
32867
99
296668
99
99
99751
99
476575
99
29298
10637
191991
8698
99
99
99
99
99
99
99
99
99
85333
50734
27135
99
98
219451
99
180840
99
242085
99
99
175955
187097
177985
2448
68791
99
493695
45426
168413
99
99
515909
42273
99
99
24609
99
99
198033
99
5964
99
264884
29508
99
18118
48098
118046
99
141896
99
2109
99
99
99
404008
99
374910
283096
99
40113
99
99
99
99
99
99
493298
299299
324060
6697
99
99
405786
99
99
99
99
98
99
99
122827
75787
99
99
99
145116
99
282716
99
99
17083
99
17914
116225
99
117802
26528
226589
132240
99
99
97748
41998
1523
257436
99
183690
99
99
99
424577
74133
59586
153418
28749
349053
165952
158235
99
99
57010
180777
99
99
99
99
99
456481
99
15731
99
99
99
99
99
99
99
99
99
99
99
381428
99
4034
99
455945
99
6138
115377
99
99
157007
50163
25521
99
99
99
372436
99
61207
49180
99
151396
258364
10501
51656
99
98
54302
166769
51329
11632
52514
99
4541
99
266899
99
10095
99
451348
99
99
31195
34572
146
135520
450700
99
118892
226282
55478
99
28449
99
99
99
99
21252
13740
107882
99
99
232668
99
99
434095
59637
99
10112
99
99
134512
82640
8134
198959
99
246417
99
99
99
99
300310
99
136833
99717
61782
387011
99
99
237468
30937
99
99
65988
99
43713
99
3436
99
52082
12542
99
99
310358
127253
43480
289617
260827
4382
310694
67965
121171
244363
373262
152248
99
97
91904
99
34694
124365
99
99
99
40543
56434
192665
99
265858
61613
99
53844
300403
88488
101816
99
498104
99
99
165645
123465
99
318170
99
146150
99
99
354859
99
99
305812
99
430827
99
99
99
99
99
99
99
414043
99
287951
148737
99
279963
315361
99
99
108294
204709
99
203360
99
99
515137
96241
33082
99
99
99
47191
99
236724
1596
99
17485
1807
278290
109346
99
218844
99
5148
147781
99
99
210546
99
99
42010
99
99
17864
98
99
97
99
244633
39581
100091
75142
99
256109
91
2653
99
426548
99
82065
99
99
70638
99
99
40120
99
149858
30788
207842
99
138729
442354
99
29411
97192
25633
71760
99
99
99
99
14284
171036
157270
10746
167902
99
96970
99
99
102854
99
99
99
45449
492447
99
241207
231240
146309
99
172889
99
99
99
118972
99
99
99
222499
99
391949
53766
276139
94
9371
51054
469338
201530
138073
99
99
32861
99
99
1039
99
69258
227442
295236
99
274803
218199
22607
99
150194
99
99
98
135255
382704
91635
192452
340323
20588
135985
369147
99
99
338719
334573
261631
273221
237970
81485
99
99
32616
89089
99
30631
99
99
151401
3536
69459
280383
99
84030
99
99
4241
99
99
99
288196
109157
99
99
59760
209797
407546
99
10166
99
147936
99
22591
55807
128865
192471
99
46668
251519
230133
278760
318444
99
99
24158
363567
537580
99
99
290035
99
99
99
99
99
99
99
99
99
99
99
99
99
310899
99
99
99
208568
99
99
24918
452621
18599
451098
99
99
99
209108
4126
99
99
99
88884
184888
99
80726
99
19350
5428
99
60581
99
99
327742
97
99
99
99
7545
9495
99
99
99
51657
99
99
38953
99
99
99
61192
186763
99
99
122090
52512
99
99
100913
5234
99
59714
60163
153630
99
406022
99
180055
99
99
99
163918
99
99
99
99
98
31036
94800
99
283472
12859
99
276721
99
285801
99
9438
296157
99
99
99
138149
351989
146926
21583
466436
99
82263
113395
99
99
99
9958
3071
99
99
99
38052
276542
233830
56386
75600
99
96
99
259578
28801
92967
432916
99
89704
99
104504
37355
99
72482
108629
255866
123094
78825
99
99
88532
99
99
99
99
66846
99
99
147142
197527
99
99
99
99
22767
189792
99
420315
31036
100237
99
364023
281724
99
99
99
99
99
13366
338949
249648
85589
46185
99
228288
99
7461
99
99
209949
55603
36551
89472
184532
99
272354
99
99
99
122235
99
99
99
99
99
419537
99
45576
110032
115972
99
99
67687
99
97
99
99
99
253687
99
99
21016
45493
99
99
37109
99
402154
99
99
245667
167148
58492
99
70347
99
99
99
121739
448673
227813
70103
99
49940
10566
346342
33579
99
192669
228412
119166
99
99
32613
15542
7284
99
38021
363466
196644
99
216200
436661
99
99
205251
16374
99
99
99
99
182776
99
99
99
99
99
467994
126202
99
50280
32227
99
29754
99
99
280809
99
99
99
99
99
345036
1148
237260
18318
11448
99
99
99
99
99
12215
368388
99
65500
99
160501
99
99
99
99
462168
220060
99
96902
99
99
243638
99
99
77416
99
33956
79383
522449
231643
99
12451
99
38374
99
99
330381
99
99
99
99
20105
99
16689
99
442475
99
74260
99
99
99
27887
19580
89
93020
98
99
99
309588
79990
305404
170813
99
99
99
90873
99
99
99
46004
359668
98
99
99
99
99
186356
99
22767
301032
23000
3599
99
99
99
99
99
99
362567
18900
121658
232021
75772
99
220020
99
6294
99339
24970
99
3928
99
99
99
99
19422
162433
17289
99
92
99
60757
28826
13412
193220
99
151876
455259
99
99
27494
99
62336
64524
99
204992
23467
99
99
99
2661
99
57202
104354
99
99
99
117983
99
99
48477
137548
131820
99
318463
99
99
99
149145
99
98
99
583193
155933
99
60224
99
99
29795
99
211268
94259
28743
99
184774
39222
99
239434
152404
99
130457
165982
24709
434253
99
270539
16142
83256
517922
99
72878
404
251906
171036
99
99
99
20161
151284
98
99
99
99
99
5650
99
99
99
99
99
531249
99
99
99
386136
255458
99
111858
146332
154331
117903
57545
99
99
53849
99
60685
99
8213
194830
99
99
99
73365
99
340306
99
41410
99
99
99
261168
25869
22354
151047
362925
58516
99
99
99
99
7263
147
35676
60654
34449
99
99
99
93280
37811
99
301051
5337
99
99
99
122366
99
99
99
99033
99
13335
98
110492
99
104791
99
36747
99
70965
99
99
99
52907
99
99
99
99
209509
99
134775
1734
99
141611
40696
372956
99
127932
25600
98
99
99
158981
99
377335
99
99
99
99
291652
12944
99161
421391
99
99
99
99
104990
98
99
247924
45485
99
64653
195263
150923
94412
134792
128644
7031
114270
414937
99
398832
99
301875
311576
166910
288049
40752
68036
99
125229
99
19455
37448
99
99
99
99
281338
19393
99
99
113747
99
173552
124999
80180
338276
105294
99
14802
42789
99
515235
194200
99
14493
510320
99
99
99
110816
99
105725
266416
99
99
99
100464
99
99
91770
85130
146504
99
99
9793
99
99
379613
99
19609
54355
99
244831
225214
273256
99
272469
99
99
143308
10214
18855
63217
99
12204
109935
99
99
285477
99
99
167571
90266
36504
256738
99
149536
1371
229091
99
99
160561
2140
41005
99
99
99
99
51887
36110
99
215075
273954
99
186055
98
99
99
106984
42281
61874
99
99
176108
53493
244007
97
21705
99
99
455158
99
343228
99
99
310421
14299
40511
99
99
12740
99
5932
99
99
99
99
99
99
145127
103533
35433
359439
99
237446
99
235559
99
99
184497
99
99
99
274040
99
99
309539
99
98591
99
99
99
99
99
129061
99
18165
55753
99
99
99
46598
277943
99
99
99
448622
81615
99
30716
4936
99
99
99
2900
16140
20690
289433
63072
127453
99
99
99
99
99
92
50306
188623
167952
222350
282530
7639
99
99
99
99
99
128609
99
99
99
99
256784
42226
99
51472
167295
99
99
264728
15916
99
239284
99
99
72
55926
131455
11997
4740
325656
45160
9867
99394
18020
20617
373725
99
99
99
99
99
97226
94
11981
161676
135608
388933
65192
130947
99
99
99
56730
99
99
9112
389002
99
24929
53696
5176
206458
70544
98
26940
99
90854
47592
99
99
99
70100
29776
99
99
119837
99
29918
310797
27590
123881
41765
63821
99
27623
99
99
150493
36150
99
99
100508
99
197940
92388
5795
278112
99
198971
98
99
99
210569
57744
99
99
83818
99
243942
99
99
99
99
99
49414
134102
45754
115646
123914
99
99
218964
98
126526
99
99
63
99
99
74212
99
108048
360913
49114
94294
227033
99
58947
99
99
11163
99
99
99
99
140554
99
133540
69085
99
17490
292014
1407
99
99
99
30837
368592
99
99
119809
99
19650
99
99
99
99
99
99
308931
21673
44790
99
99
99
99
99
99
99
58337
570050
223618
99
99
2421
295298
143931
103221
99
74091
99
163562
97075
40338
99
257626
99
35581
16129
99
170994
19956
192540
24897
170605
252684
29047
99
99
99
99
99
90816
99
99
461744
50470
99
99
99
99
97
2842
344443
99
99
12029
17527
901
99
99
388866
99
99
99
99
80402
311774
8157
99
81067
150128
99
275044
99
99
99
230363
99
32514
351426
457386
250543
99
427985
99
99
99
477134
117568
45573
99
99
1476
99
99
99
99
367760
99
5291
37651
104532
99
355094
250864
99
99
99
35319
98
99
99
15117
99
133097
99
6577
268611
99
2395
99
27806
115322
81281
224013
84677
186656
316077
99
213993
97024
582420
99
99
297359
99
99
99
200377
99
381216
99
472380
94
450725
191019
99
355872
99
99
180399
85298
99
99
99
10316
66532
99
99
99
99
99
18822
217165
332278
221051
99
99
126728
99
361429
60425
4192
99
99
99
99
99
99
99
76033
53007
264847
236894
17339
33795
99
99
99
99
99
99
2886
40692
48937
190979
70991
99
209148
255607
99
334247
103203
109063
99
99
99
51725
30804
62803
99
99
99
99
271011
99
14451
86136
99
99
99
99
188508
99
98
87867
59581
99
25194
195873
162878
99
99
303200
99
99
99
99
99
43032
51785
54115
104454
99
55781
99
31837
99726
99
457076
99
99
99
2608
99
99
127353
210925
99
99
99
47039
99
21036
99
99
99
290539
99
99
99
113005
99
99
99
99
459386
99
487492
99
99
99
99
99
129782
99
66696
99
99
99
99
89
99
99
99
103282
311745
98
99
99
223353
6062
99
99
99
575838
99
99
57873
203216
99
99
314253
99
99899
69913
45425
99
6942
318995
5436
349325
99
99
99
99
462566
99
242392
99
113693
304876
279157
159641
99
99
99
23690
99
71963
99
99
38022
84514
99
10369
78052
49075
99
99
99
99
99
99
99
99
99
99
172680
89470
190555
86422
99
99
99
99
99
496839
240212
316213
99
99
99
125809
99
99
99
312469
707
99
99
58665
465794
99
594881
133085
99
237911
26511
99
99
99
464978
99
68252
203838
99
250070
99
99
99
13859
99
124801
99
99
99
27355
89551
99
99
99
99
99
99
99
632
99
275034
237082
183991
99
224127
22285
99
99
3142
389195
129266
52476
306985
191246
131421
99
99
135682
109730
99
99
174801
99
99
99
27819
321572
99
166498
8450
99
14687
99
99
99
338091
122010
3545
99
5471
99
6005
331644
99
99
99
339376
99
99
99
99
4998
25985
99
8508
214835
27142
99
99
96
144786
221882
99
106416
98
6444
18763
15190
408392
99
291048
99
99
99
99
99
99
99
56504
16172
19185
38447
99
332022
93233
99
99
99
14767
99
175767
99
99
10122
99
181250
99
99
99
251514
99
443779
99
99
99
150174
99
534171
8836
99
99
58543
19834
99
2613
83216
70670
99
99
99
78668
194364
4022
99
39980
472065
99
70925
99
314631
227717
74482
99
15499
99
93954
99
7986
321758
55261
206
99
99
99
543445
172605
10660
474558
99
99
1902
99
120437
37932
99
99
99
198658
200264
99
216
43622
99
303335
385954
48134
87302
17977
222048
183001
69448
99
19362
99
99
99
252356
57224
99
99
99
377192
99
54281
21732
99
151990
266452
99
99
376176
142214
99
133617
99
99
99
99
304092
84
99
58243
123009
232160
99
99
99
254325
161883
47056
153896
31633
591029
119831
99
99
99
99
70883
99
194694
99
175435
99
99
119726
63566
11003
142374
273166
99
99
12942
99
52270
275491
99
99
99
81732
99
7860
99
7272
52539
99
99
99
60708
229262
56452
129181
213753
36764
99
237563
516665
99
108533
99
99
191336
12867
99
99
63590
99
99
113005
5467
99
99
99
99
99
99
99
335776
12181
99
99
47225
89214
99
142807
99
98
78886
88
31330
99
2033
60618
99
99
99
85339
150522
99
87612
109233
848
97
99
99
98
99
43751
217321
149070
88289
99
99
99
99
99
99
98600
99
99
99
34095
99
94
98
99
99
99
99
99
99
99
99
509555
99
94853
122000
475248
99
99
15430
99
215562
143405
99
178517
99
99
188320
99
99
99
99
99
149323
99
99
99
38815
38784
99
413602
101883
99
99
99
99
262845
89781
99
152510
257804
115576
99
99
99
24863
170525
99
339343
516450
99
99
99
99
99
85
89276
225424
99
114124
166598
99
136428
142640
170540
350860
327600
2390
6881
36425
114960
97
99
99
58673
120592
212260
99
51156
108962
303121
53539
292722
99
93782
99
99
99
99
99
481921
99
99
227061
166081
99
99
99
99
99
109230
98
132310
352577
104101
99
7997
7550
101834
6747
93810
252224
355086
17060
99
99
12467
99
160980
144537
99
21791
104553
15621
285244
99
23421
99
99
188604
99
64456
19997
99
164242
401098
303526
99
99
99
99
43873
99
99
99
99
266919
99
266432
57388
99
22085
98
99
99
99
99
99
280241
99
99
99
99
99
99
154909
527064
99
96913
99
161472
98
2072
189715
44150
99
370812
411197
227751
78856
99
153377
99
342608
99
97
99
99
39989
811
99
99
235546
99
79596
236627
89555
99
52
272444
99
153367
36557
99
3182
99
13906
97
335684
99
99
253797
99
148925
99
99
8385
91386
387485
99
156796
99
99
117255
99
378168
97807
99
99
99
187271
99
511998
266421
99
99
1361
16731
182084
99
424094
111072
159315
118126
70168
58523
5112
93145
116333
99
61972
322452
98
521730
174241
99
99
99
99
19625
99
99
89172
99
203100
41464
96317
99
160443
98
42950
22810
104884
296233
231143
99
99
93684
99
210299
99
174972
99
323834
23803
27919
99
53813
99
31785
99
99
235711
283923
99
122938
137631
295142
61955
396820
104663
99
99
99
166682
99
99
11321
99
98
99
99
82216
240352
248644
5239
97
99
75820
99
295821
336480
402641
17073
99
515064
145992
99
71803
28471
99
99
99
211121
99
99
292995
99
99
3512
99
99
99
99
99
99
99
99
25047
93748
109748
99
311442
99
208113
99
4688
20962
46343
99
240546
99
393928
99
58510
99
50942
99
99
99
99
227999
140047
116823
175297
99
99
99
99
86740
99
99
99
99
99
60076
55985
10631
18899
251147
47400
380434
154430
99
99
99
16695
99
182250
99
10621
64
97
97
6633
326003
180086
99
99
73709
388592
99
7008
99
99
1238
99
99
99
553938
99
252331
63222
99
195617
99
99
99
99
6289
30157
17687
99
99
198234
99
86572
27092
122447
24501
128005
222641
92709
1452
99
99
338139
504975
342
99
90641
99
99963
532258
272934
147225
386725
99
98
304569
99
47125
393959
99
99
76858
54328
151425
303550
393305
435980
99
99
183843
367614
121500
265860
99
99
99
99
231479
108261
99
99
99
99
99
21166
191552
99
99
69839
267709
99
92541
89
261134
99
99
66973
99
99
145776
281904
117750
26523
6065
99
99
564677
99
216725
35812
359921
64687
246437
132697
155545
99
99
101830
99
22220
99
250148
8381
99
89422
99
100873
261120
37591
99
184715
7312
232942
99
99
99
99
177159
315459
233992
2242
99
89696
198781
309
124383
122317
429256
99
132475
236819
99
99
308125
99
82205
35018
99
99
500515
99
99
140114
168834
26012
75862
99
193029
31896
116
85993
99
395
131070
99
99
99
2721
99
99
99
455537
99
99
99
99
99
99
421907
99
17618
152181
99
99
279527
99
99
393855
37119
99
11503
99
99
456131
99
99
194054
99
99
99
459626
504169
278245
99
58123
99
99
5076
99
99
198543
432041
99
99
561155
6888
99
99
99
99
50622
99
36261
72212
99
56384
99
212359
11653
99
99
99
99
372025
99
455862
326275
99
99
99
99
99
99
314976
26884
99
98
128067
48917
99
155051
48056
99
94693
84704
474460
99
914
99
99
92381
99
386059
4420
94
99
99
5065
99
346249
215011
168918
9486
315147
41873
99
151485
117374
372258
99
107040
89813
108161
99
99
13786
75491
98
99
390531
99
6102
96924
99
40440
99
72478
99
99
98
99
99
99
99
99
99
104
99
41169
294144
99
99
18689
99
99
99
99
99
245978
65840
41146
49422
99
99
140354
91360
99
99
99
99
99
99
99
98
373558
63824
204106
99
99
99
99
47139
99
274357
99
249873
99
99
99
99
99
36210
243482
99
99
95522
184805
60631
118592
99
99
99
99
147907
143274
99
259780
99
61
137855
347082
99
62800
29358
56750
40104
99
99
99
99
269629
31690
99
312538
336460
99
66878
145286
260227
99
179057
99
123975
99
148064
99
4839
99
2266
271310
99
5610
99
92805
99
2321
99
69013
101183
222650
99
56096
99
53567
373208
99
99
228288
193976
99
54733
7294
99
99
99
106215
99
211589
108366
99
168797
546683
99
99
99
99
102286
99
147074
492740
304209
475347
99
99
48982
32064
395061
41524
88967
99
155353
112308
178054
125246
99
99
99
99
101050
99
99
99
99
99
341550
27303
99
99
145291
8260
99
99
99
99
17603
58924
99
99
130951
99
99
99
99
34929
46143
99
103702
88750
8871
452447
99
546923
99
473180
4696
99
99
99
99
99
81831
107729
450381
99
99
132289
1985
36169
133669
99
99
142283
99
451601
553071
99
99
291616
99
475026
275090
24975
147066
99
99
79879
32444
484898
267764
99
172574
308191
99
390180
99
64478
99
311382
64245
99
99
181628
99
99
87822
289160
99
318947
45823
297674
146084
250664
156561
99
107026
290219
92283
99
222794
99
99
99
62396
99
39483
36745
130380
99429
15351
178501
99
99
81142
63
134756
207292
16514
541005
99
38073
36783
239863
99
99
99
99
393067
99
17032
129234
99
99
99
99
99
99
99
99
89547
99
33130
74711
105053
99
217267
99
99
99
98
31276
365484
99
99
3611
442455
127420
318146
99
99
176400
99
354854
176981
534163
99
99
125201
196806
13638
114894
99
99
391932
99
99
99
99
58416
216384
453978
99
99
99
99
150660
6782
99
299361
311090
329598
51306
186221
99
99
99
95718
99
99
99
265584
20037
291180
99
99
99
606505
99
99
99
99
99
99
64815
146370
239973
109918
314733
223914
99
99
99
99
27718
99
50265
193542
176222
99
99
99
97
6460
99
4534
131209
96566
99
402792
392086
99
99
99
99
49469
174160
99
306427
75335
103145
503846
99
99
209760
99
99
99
99
99
99
99
99
99
99
99
410362
99
97
99
99
107819
99
36552
151129
99
7687
315188
99
99
99
254066
99
41908
3623
492372
131652
58201
99
261823
99
254636
99
99
66347
99
216830
99
99
245016
97
104892
99
99
208339
51992
5996
99
260953
99
31627
123313
168042
99
99
99
145174
99
99
23629
252229
270438
47760
41593
79447
87127
105757
36497
99
181242
270861
99
99
99
16844
99
99
29718
34597
291720
72984
99
99
99
99
277721
252550
99
99
11864
400616
99
99
99
99
81939
114355
99
13812
38671
141329
15982
49623
99
99
99
99
99
28588
99
25427
59834
99
99
99
411891
99
99
99
99
99
99
97
23318
220379
173398
99
99
166283
99
21515
82589
99
513295
8689
99
75389
99
98
422776
99
99
99
99
294477
99
59312
18735
99
200707
17307
75639
99
257079
99
99
125289
12735
99
99
99
338681
85609
22610
209121
120654
93101
55022
99
99
69145
16339
97
453423
99
26806
205939
196684
154640
99
99
26297
99
99
99
244811
99
342193
14182
99
61866
123658
418749
189537
32526
99
299467
282244
32978
99
52201
6551
102691
20026
103062
99
99
26977
94
47859
99
99
92
147006
99
146454
189069
72714
227568
99
85812
37754
99
99
99
280751
11290
162084
99
99
105968
201253
99
99
25387
53023
15891
369370
11597
99
99
99
245499
298043
294970
439518
99
99
99
42853
99
99
99
99
99
99
33913
99
261285
727
99
99
99
334280
99
29387
306473
30318
99
99
18446
282890
314560
223245
47268
625
99
172793
99
99
87929
99
99
99
99
259004
72227
5143
99
98
99
99
99
123994
436573
192714
99
99
99
99
99
330860
48808
132774
51750
174236
18244
99
99
86665
99
99
91479
99
273025
32135
99
99
97
415981
137353
99
99
151455
99
9476
30823
140626
103558
170928
93
369501
562452
73733
326024
78691
99
97
123137
99
98
259716
99
86376
99
99
99
99
99
99
99
99
99
99
391010
99
99
99
45510
151503
246392
187110
1549
22131
594976
29149
99
99
99
99
283004
459757
331356
99
172141
389764
99
72474
17549
423435
99
99
99
274990
99
230610
99
99
99
44031
99
303081
46813
26565
190092
99
111859
49506
99
173668
424110
99
99
172642
171451
99
224506
99
99
99
102122
99
158617
120302
36561
15784
215077
31778
92951
99
156513
99
155699
99
99
99
99
347122
88469
99
99
99
51492
3
29639
99
404564
99
99
99
99
32507
45837
156990
99
75
99
99
96777
14600
99
99
99
356915
94
274637
99
99
262613
99
99
258414
99
99
192334
99
49393
99
35857
99
99
99
99
99
99
109451
345777
99
99
27429
99
67555
138609
197029
99
99
99
99
99
459141
20056
99
99
113509
99
35367
99
99
431380
99
433054
99
191456
86390
99
99
99
156886
101867
99
93
99
99
99
99
99
354
477975
161874
99
388096
99
99
178242
67737
99
312068
99
99
99
61486
45043
99
99
355887
99
1789
99
203422
99
38843
286842
99
99
582839
103278
99
273519
11128
99
141990
54715
509075
60390
99
99
264099
99
99
99
99
92064
170487
97
2518
30411
29998
99
285347
414691
313800
99
99
65
408013
5071
143997
89597
99
99
99
99
24165
373683
99
99
362000
204657
387849
373661
8012
99
55674
99
214808
392918
188368
99
99
171231
99
99
99
99
99
278631
99
399450
99
99
479223
477809
99
20937
99
17466
375535
99
5745
96958
99
59990
172870
196703
99
65914
99
99
99
81525
48215
99
110793
99
99
247666
275627
99
99
99
137227
502582
99
54788
514
41113
12350
99
99
229181
99
440774
46026
99
256381
369397
206376
20171
50652
99
99
81912
98
121424
99
162018
99
99
99
341418
38842
62653
99
94678
405491
96074
432764
63529
6233
99
99
99
128360
99
99
99
99
4939
216241
9398
262095
99
171768
99
621296
14299
124947
35367
99
187363
99
99
177116
99
445327
103928
115633
99
170184
99
110282
98
99
99
97595
99
99
99
99
135107
99
116597
99
14141
99
99
39279
193417
328401
99
99
99
66398
99
124009
158620
99
99
234125
132771
98898
99
12604
289761
5120
99
42354
99
263219
152044
99
375361
221447
456
99
115221
99
2676
2265
273
136798
99
387552
145461
97
136750
99
99
99
416057
99
121630
29213
99
99
3305
375191
99
1256
99
99
99
144165
130032
99
388591
98
99
197005
31835
47624
99
100011
110281
97
99
134516
10022
99
150407
91
97
99
99
56136
3143
222355
124266
99
104942
55934
99
99
99
250688
22738
63049
99
99
64463
127064
99
99
99
145525
99
99
99
52024
32615
99
432118
99
99
36778
6729
99
99
99
41673
99
99
99
92489
220912
386588
197997
99
121601
64
181623
99
1489
99
283368
99
64593
6449
99
99
154383
99
161233
172448
99
99
99
5706
117780
7133
49639
369927
4121
96683
98
331865
16809
73015
11491
99
99
160971
220852
99
191555
178121
219938
99
99
278455
99
99
99
99
31967
99
406155
99
13900
99
99
169131
224000
99
191953
99
3673
138052
99
367050
99
99
99
65292
79828
237991
251912
381595
32729
190704
9604
155598
99
562832
99
29400
425211
397388
14258
188219
14567
56844
99
113582
99
76965
99
130000
99
222815
109825
114597
284654
256864
289074
99
99
99
99
99
204174
225077
105416
7934
181300
99
66040
99
99
99
18143
99
350833
33714
99
462398
99
99
35476
99
223774
89
99
214626
99
99
16149
120673
375535
99
99
99
89230
140864
99
99
24439
99
45229
3908
491982
107881
99
98
99
371614
459494
99
41668
99
72982
99
99
99
99
92842
99
99
417172
20789
99
99
61862
99
99
95538
141920
184045
99
15723
99
