463208
248831
99
99
99
99
894
367961
99
338794
99
99
99
240812
99
99
137323
99
99
99
62470
7331
99
99
99
99
99
99
37733
146028
141607
99
99
99
99
99
99
99
36307
99
31480
99
99
94
263471
161433
21383
99
141427
99
99
99
44005
384301
363063
99
151796
209268
7156
99
99
408518
99
99
99
118107
99
157943
280975
99
99
99
117879
53981
99
158190
99
99
99
109613
99
296733
98
99
494628
99
99
34201
71758
10991
99
99
6466
30115
98
223493
2198
26968
99
244720
14800
42672
121165
66238
99
99
99
424792
99
173413
99
170842
99
99
201942
215425
99
18714
99
199153
161466
99
99
75582
99
99
32636
99
89071
91767
99
998
5000
99
99
99
199189
94831
40474
99
278670
7905
99
99
52236
17830
99345
90724
425866
36717
145702
99
174052
262060
99
282903
99
156113
99
287211
99
99
99
1016
20368
99
517104
21695
99
238001
99
174244
99
99
99
238929
99
216815
99
99
99
99
378070
124769
25117
99
99
99
99
506343
206440
99
446122
98
51854
99
99
99
99
99
99
206119
240605
53046
223185
66905
99
289862
296053
99
263767
99
99
10181
41020
99
97213
99
99
125154
99
99
274707
194856
102207
26826
58323
384550
99
20453
99
106143
99
99
64822
66747
99
373345
122138
208584
99
99
3849
99
99
99
99
261690
309641
99
99
99
12864
99
99
19824
99
99
117726
75903
99
99
99
426617
176137
99
345122
99
99
132515
99
36914
44300
186559
323643
7130
99
99
99
139240
99
132885
99
164974
99
37194
99966
257085
14667
7313
99
108501
11187
99
99
99
255902
289627
16956
8425
99
99
123096
8743
17562
99
99
99
99
66199
99
99
99
99
132719
175333
99
33568
99
103899
99
473798
36851
99
99
99
19933
433677
137125
99
99
164393
99729
206246
44956
99
287343
12764
299901
99
282547
99
232554
239215
99
99
99
99
99
99
98
130511
99
99
99
228297
23277
99
99
326728
2328
99
99
191425
325955
99
271048
99
99
141278
99
99
99
99
99
99
101800
141076
248264
99
99
99
222359
54985
99
79076
98
99
22889
99
99
99
99
99
34234
99
99
99
125478
99
29965
99
225639
99
99
99
99
97389
144119
99
99
8020
98
198282
392414
99
1738
99
99
99
99
96563
99
99
99
99
99
104736
72773
164134
99
46562
69871
291136
113658
99
59393
99
99
99
317610
170605
99
183906
99
119471
99
48542
0
99
2323
99
99
99
99
98
273675
99
32078
99
177235
206221
102553
99
99
99
348553
99
73492
91402
99
99
68005
69516
99
99
99
99
99
99
99
344664
99
99
134295
99
563
99
469550
99
99
99
99
22020
99
134140
159058
99
467515
99
293074
99
99
185432
99
2451
99
99
51764
489434
8134
99
99
116571
77529
9736
95688
99
99
439029
42994
121595
540912
99
99
15637
99
99
429234
99
51587
110849
99
99
99
233105
99
67254
204238
99
99
99
48249
35995
140012
422011
538961
407330
361189
99
102870
99
99
99
3279
44359
120831
29321
20601
80174
203296
99
99
5844
99
263432
99
99
99
21192
99
27578
99
19588
268704
168513
99
173463
99
167714
30491
41581
184849
99
99
169625
99
129311
99
84712
950
58059
1495
251492
331093
103543
149115
32949
9467
201361
99
99
99
99
99
43831
69370
99
85
99
17001
99
99
421725
99
99
99
99
225885
99
99
150769
458783
113841
99
577612
86380
33118
41193
260904
63696
99
99
184559
68814
98
99
15568
114172
99
99
230723
209605
99
1065
151563
11549
99
161795
99
99
38564
53712
99
66820
242207
306557
99
99
99
99
97
99
122967
6448
99
147532
99
99
501797
99
4547
338843
99
228690
99
603933
161479
99
99
99
119066
238261
99
189028
99
234870
99
104647
49334
99
99
99
99
99
99
6889
99
253539
295302
178936
26773
99
193764
99
99
99
99
99
99
97
24109
99
99
28488
21820
99
27897
12420
262863
147132
434106
99
99
19273
99
237186
54157
99
99
99
106466
536553
1944
99
311740
94729
136956
24879
99
16061
99
71796
99
99
63615
99
99
99
110790
54509
99
544201
155367
99
99
99
290672
99
195041
99
195631
99
99
115206
99
99
42988
108107
436198
383890
223586
99
99
331694
9149
99
99
99
2080
347141
99
310561
97850
99
1511
99
99
99
106236
99
99
99
99
412894
98
406029
99
198948
225142
4275
405818
32821
99
99
135271
17000
99
99
99
99
99
98422
426373
81711
99
121688
113655
236598
48716
99
99
42940
99
99
99
388712
99
99
99
6494
264586
99
581299
99
99
99
99
250805
99
99
26268
64135
32992
99
99
99
133513
101561
112990
99
18543
99
160997
99
99
279048
99
660
403143
424419
903
443054
40573
206571
98
109358
99
30861
99
179466
78145
99
99
66072
106125
99
99
404785
304547
505945
99
99
311389
99
99
133913
99
279681
99
236650
99
99
99
36984
412837
99
99
18925
166100
99
99
99
97
109473
73803
58987
1426
498171
99
61480
99
205367
99
305428
23689
278654
96633
99
72605
99
99
99
14909
99
99
115131
99
99
99
20318
99
99
476473
99
80
175010
99
156517
386401
99
71876
340865
270677
99
95121
99
99
99
422934
99
136916
262926
774
214619
99
99
99
99
51511
99
13353
99
3292
99
5133
99
286495
274819
216969
99
39496
99
99
236740
144705
385262
99
177002
119425
99
146929
99
195426
99
99
564049
99
99
230260
417462
99
99
134821
99
99
327437
99
99
116961
101211
98
32960
99
45144
132587
99
18907
99
136292
99
99
99
76712
38080
191535
297884
290329
129320
99
99
99
99
99
99
99
99
99
99
26261
96
99
266257
21481
230784
99
99
99
533236
63940
522350
23412
254373
99
151835
90
60982
312701
99
99
99
36802
99
99
99
4205
99
178405
54458
99
30468
112715
42773
269800
268677
25453
113019
137042
99
288153
19128
99
99
99
6454
99
99
99
18430
99
99
151340
99
8022
84397
99
99
99
253195
46294
52261
99
99
362883
99
86744
99
99
60242
99
99
99
99
99
181408
220257
235244
99
99
99
233859
68237
14556
99
99
99
99
99
400221
17551
261374
99
46189
242962
99
129650
105342
80438
99
287858
6969
84007
447679
33352
231084
99
83470
99
99
137013
282022
99
99
50566
12316
19220
99
99
97
396083
306722
99
99
13436
215228
99
99
99
427052
99
39863
99
205570
205172
141351
19223
11061
196207
99
99
99
99
329631
99
99
99
192185
55037
99
99
99
99
99
23897
80657
99
9334
99
15047
408
99
384119
398039
93470
402458
99
99
99
127230
99
234832
99
98
99
89156
121066
3612
6928
62595
99
99
99
99
99
99
299326
99
287060
99
99
203705
99
99
33943
158703
26805
161257
99
99
99708
82331
99
36913
99
78728
99
99
99
160526
388407
99
99
99
87274
89653
95
99
99
99
99
206057
187039
96
99
99
99
263182
99
99
99
7891
39313
20306
99
99
334633
99
99
99
90450
99
99
129214
341455
287748
99
99
321054
99
186384
99
172767
372322
99
13862
427324
20096
99
99
99
99
23238
99
99
99
99
99
112737
99
143803
399537
99
99
191580
99
98
131141
349952
77436
99
283077
99
99
115896
99
99
16136
99
304985
131961
99
158130
99
99
36693
180785
68544
99
99
341773
99
92827
9779
99
352195
99
93
24067
51914
21260
99
459345
352017
99
99
198178
207914
139726
99
99
99
9686
356471
356801
342116
99
4028
99
99
27674
97
94
5184
92364
99
84671
99
99
99
260958
99
99
64639
99
66222
99
99
99
142211
305262
421878
99
30664
163508
99
99
87186
99
73004
99
99
99
99
93124
27725
85711
508035
212340
51127
99
78454
32178
99
99
156171
99
99
99
259733
99
99
248859
134098
103455
73132
76341
99
201775
268265
142412
99
90932
6422
388726
99
18048
99
99
100249
71245
197126
401248
99
322365
337292
23685
165595
364983
168035
98
51426
181875
69253
99
99
99
99
22462
99
165455
99
99
99
99
99
277801
43302
23950
5820
99
99
99
275523
99
99
99
496685
37461
123290
459738
83685
189451
99
117856
109573
70433
15763
99
497812
99
99
48322
99
53826
99
301895
37144
283850
99
99
258807
99
384247
136744
259828
262486
23267
99
99
99
288060
34719
92541
99
176491
99
99
1561
99
99
99
9405
163682
337279
99
99
322291
3576
99
78188
408132
64696
163890
41282
74015
59645
102773
99
99
78076
7848
99
27137
105612
300813
99
100241
99
429857
50259
99
99
17733
116199
5309
99
99
120063
99
168458
99
99
24287
99
8015
85137
99
74900
99
99
99
99
99
27001
99
99
99
48153
424258
98
99
4926
377561
99
99
102807
99
98
99
99
99
99
99
99
99
314095
382695
99
420896
183281
99
99
99
263022
157321
99
99
290220
61047
94650
82
99
12763
99
99
99
99
979
382369
99
99
357622
47670
99
97300
76872
43031
99
99
99
99
10210
99
99
11465
299686
92883
158514
99
463865
99
104688
91210
122708
211249
99
297818
99
99
99
23537
99
48787
99
98
99
317019
34410
99
99
99
208322
6351
89700
211577
434155
11265
99
99
99
128508
99
181852
99
99
99
119162
99
77768
99
5286
99
99
99
99
99
99
87599
99
61068
99
352873
29880
99
553620
101017
133561
86099
289363
99
99
99
382691
99
99
99
226817
203684
99
127552
123383
338405
99
99
114283
99
7997
334913
90
99
329204
302659
565367
99
62241
72674
23810
28396
353681
99
295893
497514
99
99
68183
101931
99
518429
99
111117
52964
99
75595
99
46941
99
99
487660
247842
99
237379
64818
99
99
256830
94
99
99
77212
286
99
99
99
23169
85009
12566
74888
99
181358
99
99
99
99
97090
99
99
22734
99
99
178459
99
133373
99
99
179625
99
99
113999
96
99
262092
167121
104
97
41927
12468
99
216786
16021
344662
99
99
170374
66631
314540
152238
186115
5345
179197
12984
400498
127343
99
99
306861
75714
199818
6415
16904
99
99
39666
135517
99
99
99
99
5020
99
168491
99
57839
99
6658
32555
151289
99
310588
99
99
99
127085
169760
96
99
463898
320944
99
90208
99
46451
53308
99
72865
99
2893
44619
99
530312
99
99
213764
98
259081
99
73034
99
99
93377
57866
91
3929
387744
99
99
15043
99
99
99
99
128569
99
99
99
99
99
99
99426
6835
137498
99
72977
99
99
99
99
99
99
261591
99
490128
99
425713
205273
99
1321
388586
81283
113452
99
155963
43172
99
99
99
114818
493101
115508
224717
99
99
99
60884
99
99
98
479213
99
44335
99
32859
99916
197059
99
99
69133
41667
99
434765
351422
22953
99
489079
91242
99
164911
99
21457
99
99
99
99
99
39357
342519
106148
7607
159647
339495
34553
99
99
99
99
1308
99
99
99
52069
99
99
99
393662
272914
99
204472
99
99
99
105025
99
278021
99
94846
99
99
56097
7460
512401
453352
362502
284757
77850
325866
98
69284
44599
99
9549
99
113199
99
99
288574
99
202527
99
68035
99
54719
99
7940
99
99
99
54153
99
99
53116
99
99
21101
169662
99
26394
99
103672
99
99
606533
99
99
99
236685
295416
99
456495
99
14242
250031
398055
99
99
99
99
355125
444699
277734
153
266755
86777
129511
99
99
99
59938
113102
134619
212745
323016
99
99
429187
40149
99
99
99
125096
24939
38383
99
99
99
13831
104197
133773
348200
290856
99
69862
99
3078
57120
99
99
99
99
5652
99
121850
99
114906
69998
6192
22015
99
226145
99
99
41298
28241
216473
382969
198522
99
155153
99
141351
99
330248
42761
32480
145894
99
203931
98
67873
99
99
46642
99
99
99
12
24482
99
373326
46190
454837
146746
99
99
364407
283397
13414
99
326780
97
99
99
99
116225
321895
22862
99
99
131734
99
94
99
33187
143514
99
99
232284
167376
117754
96177
13294
99
34163
327314
99
255431
99
99
59685
52214
99
39176
99
99
99
417304
99
56864
27648
99
99
76530
322505
99
99
44269
100435
197994
99
127
12825
65990
98
205273
99
61391
328509
84489
255245
30964
109629
1085
99
85104
16287
187119
89648
45439
99
36922
99
29175
99
99
99
25908
99
99
99
99
136383
205730
99
98
99
99
76924
163350
208566
488486
99
384044
99
99
99
99
291505
64525
60435
141616
19599
164024
99
99
99
99
99
99
246173
99
96
99
140318
249457
149754
274767
31554
162238
99
15787
137956
99
99
75338
99
69437
539834
227481
140419
99
99
34168
320742
99
265070
99
99
115045
8958
415147
99
219438
18448
503953
99
99
3052
301831
99
99
99
99
99
288248
92371
99
99
2635
99
99
224727
12702
99
49982
60373
103576
35145
99
99
43636
1814
99
99
99
99
170219
99
79820
30670
15985
99
99
331133
99
23192
144351
199541
145376
256010
99
99
219882
177607
99
349563
99
22241
99
29274
79356
99
253031
133174
99
99
221588
99
167472
75922
99
31369
44
97
99
99
180662
95414
99
116369
99
209979
179998
601054
99
99
99
99
76966
99
322432
98
99
99
99
110745
99
99
99
13108
99
99
99
69795
99
170055
99
99
17607
99
99
99
98022
99
99
99
561668
123779
99
1317
99
99
99
105981
100007
378110
31510
99
467895
441453
99
99
47645
99
99
148525
13150
105883
99
39909
54693
99
99
99
67
147966
99
99
99
107275
98
30925
29019
99
99
99
309679
99
372247
285789
85264
111377
99
99
92
372259
215868
99
69703
209777
103486
194079
86703
99
8159
99
99
407446
105184
306087
99
84499
99
914
181574
99
130662
99
4565
502564
1937
431407
99
99
99
99
118908
466963
99
92229
137200
182963
99
527268
99
28865
99
99
11986
273024
147240
99
1630
99
79738
99
99
99
99
99
99
341347
99
162413
99
270674
99
99
99
54161
61361
289801
99
209585
99
66617
219092
65290
99
99
135514
99
127944
130718
39973
58998
4197
553342
99
57167
22116
52670
99
99
88
99
99
129067
88993
336206
99
99
120150
99
99
99
99
99
218
99
69382
60563
99
99
57069
37479
2000
99
99
344827
498019
98
281469
99
99
6028
99
207073
99
7187
284157
99
143978
99
368923
264891
99
508920
99
45242
233520
99
12457
162811
99
99
99
99
121063
142224
59193
99
99
99
21538
146212
99
187600
23697
99
99
29289
99
15635
325307
337313
99
99
99
90
99
99
127619
99
84955
99
99
6791
509200
98374
288540
99
29593
99
280450
99
99
99
99
99
99
336172
276886
120221
122026
133087
45152
79810
13369
24588
104438
270134
99
99
574649
99
200061
343025
19226
88208
247893
26981
14052
163913
99
99
209875
24227
2840
99
99
131308
99
98
99
99
99
53507
78463
99
250476
435865
52266
118766
410
99
99
37663
99
99
99
7511
99
80959
165581
143913
23911
99
99
99
47378
195489
261129
78602
99
99982
295990
472298
99
121647
99
99
99
2950
131239
146501
399610
289242
60292
99
128551
36948
99
69822
186404
99
99
99
258185
99
99
125501
99
6508
107918
99
99
99
319389
467547
99
99
158705
134065
99
11954
361763
99
146895
170870
99
99
220911
46173
112802
99
99
4178
99
140711
99
99
356570
99
99
199288
99
280736
99
99
99
38736
395282
99
153828
99
11009
525520
99
108004
99
198314
555225
99
99
99
134076
99
63632
99
99
34227
165759
104267
99
99
22316
99
99
75761
139479
54903
4211
348637
98
115156
99
837
99
47821
99
250966
99
383489
99
24912
99
346170
193590
99
58743
99
99
129594
262844
266634
371485
99
98
99
99
121486
31814
360281
107191
99
99
46880
99
12056
336383
99
59341
99
99
23329
99
99
304981
99
307982
99
55015
35505
99
99
99
99
159766
423602
356557
99
99
98
72284
206874
99
94829
99
432400
89470
78085
212297
99
99
2130
21749
99
212168
29634
99
99
25745
99
202285
99
99
52538
149322
42995
99
99
149728
20543
158567
29457
99
115511
75
156165
99
99
88800
239650
260257
312692
99
99
99
461848
99
4244
99
104844
99
99
147156
99
99
223843
99
134197
42135
99
99
99
99
110382
130256
36121
211496
99
99
99
32750
99
27179
159232
99
148725
99
31966
85527
99
99
99
129875
99
99
72557
99
99
99
99
239528
4648
33562
112324
101501
99
99
33589
99
187241
99
29391
48052
14895
309939
99
99
223061
99
134262
99
132132
99
99
285896
99
99
148733
11630
109365
99
222904
99
123654
99
99
99
99
178284
99
8475
99
99
99
99
99
99
83637
99
11282
15368
99
99
99
119976
99
99
134047
39646
317701
99
99
261553
99
99
555481
1097
288239
2588
99
13682
99
99
282234
99
99
38520
99
99
99
134573
342725
5191
99
99
99
99
14670
271428
99
99
73199
99
228050
49649
99
99
99
2013
394207
35468
99
99
99
482132
99
99
99
6571
99
4281
99
99
99
99
111297
63465
67989
31603
64187
82259
99
99
99
47990
163155
885
457941
99
72917
111796
99
99
99
461295
384462
106010
99
99
99
99
210412
99
99
99
99
231693
98
99
117698
99
51747
99
99
99
99
99
99
99
99
215244
99
99
33810
99
99
99
237777
99
99
476338
99
98
99
100764
18738
3907
249271
98
17486
239596
117645
182106
4625
166735
44290
99
99
99
99
99
88
99
99
138840
3700
101286
6565
27139
99
9494
209999
99
84256
99
99
352685
319647
437328
211230
99
67132
192021
99
99
91502
241822
99
35890
99
5885
99
99
68522
99
99
99
202842
99
99
99
99
99
99
50437
185801
99
76310
68302
99
6159
99
18094
17740
99
99
1079
141396
99
99
139541
99
99
104593
354335
330160
2038
109086
99
99
99
377837
454446
99
99
99
99
238550
99
99
44965
99
99
175207
99
113212
74962
99
273072
99
99
99
33597
99
99
99
35029
335588
1867
327550
99
99
99
309453
283960
369530
99
99
31366
99
99
112636
41203
453642
99
99
98
99
411815
358252
99
99
98
356929
91528
99
300138
99
93180
99
99
99
121349
85980
99
99
471379
99
115816
99
99
166215
164073
230710
99
269226
99
109145
202905
99
99
99
198994
99
22103
55805
99
13832
99
99
99
99
456910
99
99
64425
140504
230493
65664
99
117183
99
98
202292
235394
99
98
188763
99
99
93
57963
17140
99
59173
99
99
99
98
99
9980
117495
99
415564
99
99
99
128498
55905
117155
214981
99
213140
12192
14817
99
23969
99
54324
96307
194932
11839
99
99
133403
99
335686
99
99
99
89544
99
99
99
99
342412
99
19916
58046
70381
99
99
99
99
99
99
99
99
99
99
243303
98
99
5744
297154
99
8458
89776
183904
171731
46748
99
38963
99
99
306101
153861
139039
99
266237
99
99
147077
99
99
145925
99
5715
43389
15142
99
6959
176528
100531
99
99
300083
99
99
18832
99
283728
372784
20668
99
99
99
296276
405699
99
124599
99
60130
391807
77120
99
36185
99
99
99
99
99
99
10197
99
416155
127777
559448
92
99
72751
99
99
80143
67
99
254711
235915
99
99
539616
99
99
99
169572
76184
268230
99
99
132394
176155
256643
268201
99
14542
71708
99
99
338118
99
99
99
163165
99
99
99
253594
99
99
308110
99
117412
99
244267
493837
99
99
99
99
99
99
101738
83381
99
10211
99
99
402573
99
360391
99
99
99
86527
99
99
11690
238262
99
99
99
99
99
99
153895
99
148790
99
99
94
244803
99
99
99
92331
99
171062
160421
99
128229
99
99
99
99
22652
22168
53752
99
245936
99
2187
99
412454
17377
105194
99
52817
99
46467
99
96626
29473
44323
98
370277
99
21551
99
99
17542
99
135142
177605
281519
99
28904
268264
99
99
99
16880
99
99
73911
98257
17242
99
51738
28980
99
99
331484
192177
280272
279028
250474
99
99
77288
57691
99
99
99
99
99
62011
99
99
99
99
487203
99
99
99
99
133282
229381
99
128583
38124
99
36524
532264
99
153042
99
99
99
99
99
99
99
134612
99
99
60988
276271
99
5062
99
99
99
99
99
99
66612
44263
99
186646
99
118775
99
244063
99
122624
99
129788
24550
34922
65395
254599
552222
99
28764
75735
143897
99
99
98
43212
21059
99
99
210868
99
99
99
50713
99
74484
99
223179
441811
99
99
99
19845
263613
99
99
99
99
99
99
99
567184
6493
99
99
37569
99
99
90432
383789
99
147879
128745
37906
99
99
409909
42630
99
260686
69863
106567
64485
98054
99
99
425554
94860
338927
99
214274
116908
99
341
292029
99
99
25618
99
99
98
52856
203360
99
166102
278670
99
119291
9679
99
99
109731
46853
27310
174910
193119
47059
18293
1948
129558
201035
313815
66247
103576
121561
53723
99
99
99
99
99
451795
99
99
99
246121
99
99
3352
173333
208354
99
99
99
31159
99
157919
99
349989
99
132657
99
99
99
99
99
99
99
99
99
145144
44632
99
99
99
99
99
305216
7298
99
99
231369
434496
31624
99
99
99
99
99
61408
99
267962
246747
99
512944
99
99
9876
20309
40892
99
99
99
99
99
99
28785
99
118105
35065
294995
99
7494
4958
85109
73062
66146
131204
210859
99
98
98
99
99
287885
178665
3806
370059
99
94523
109911
99
99
174871
99
370309
103503
17249
456146
99
99
73757
255379
44231
99
6546
67210
14475
99
6985
205
85507
250394
99
99
99
99
41575
99
44540
99
99
99
100126
99
350807
136907
99
146582
312143
279406
99
98
99
30784
55662
99
99
14709
221044
99
99
34106
177728
99
12565
259379
193361
99
99
99
99
29161
145591
150076
99
99
99
99
99
99
22376
99
110
17362
99
318237
41696
433
99
27756
18852
99
99
7813
297259
392800
99
38536
357295
99
99
99
99
99
99
90
8238
99
28175
99
99
142058
99
215727
66694
290136
99
438539
169907
99
332694
99
111152
327595
99
353609
99
23470
8635
99
192824
99
298365
189159
40679
337338
99
99
99
99
252928
363959
99
99
11926
56409
99
429641
99
447427
99
99
99
99
99
99
222257
531941
372825
99
115829
36571
99
99
1727
42130
78270
99
166381
89515
99
208458
99
455753
99
254258
99
16995
99
99
47663
99
99
99
191454
99
99
99
99
7360
389618
99
99
99
99
99
99
840
242055
470441
99
45041
99
166306
336923
521462
24696
99
230100
68151
8128
97735
99
99
99
241776
428584
84861
277647
99
172240
99
55109
249466
126935
259862
99
99
97
419015
3604
99
49690
99
99
98
99
99
99
99
97624
197277
67831
99
99
99
99
99
85113
99
61591
99
99
3791
99
22525
99
99
132620
99
99
99
117949
99
99
154123
99
361083
359363
59877
123413
339037
5279
291338
325203
180867
99
99
1174
99
96986
27538
99
99
69874
41934
99
99
99
99
267894
99
99
290066
99
99
96
100043
144496
202798
99
99
82806
69069
407070
497354
99
99
222187
167738
99
94
99
99
99
99
99
564131
176586
228449
99
99
99
52351
99
78736
182044
99
246664
26500
12694
99
99
86295
85895
99
99
99
52697
99
99
203091
77007
99
99
171938
22211
99
99
99
110536
99
99
99
62404
315101
99
19416
103674
99
99
99
652
21140
99
40480
99
99
99
99
162158
57835
99
110245
101901
161642
99
180188
99
99
59120
99
56589
82131
100177
182764
99
99
157089
21589
6582
183342
99
443234
108782
99
178850
101658
29275
50721
99
91260
399871
54661
99
34839
506894
1312
95216
301570
108226
99
43279
340503
99
238729
99
99
99
99
37072
236669
10603
99
180688
31924
181945
99
22572
38457
99
138589
99
59
17285
24930
229095
10254
99
99
34991
26115
98
458493
31087
99
99
163181
69887
99
99
99
99
24893
304597
43947
99
222227
229804
177769
99
62822
99
378749
99
99
99
99
99
436985
170814
326267
99
99
99
99
98
162271
69449
99
308661
53703
57931
99
178545
165600
99
99
29796
99
158424
99
99
2297
99
210930
37713
99
99
95234
90
99
99
19085
99
99
99
257196
98
62486
17189
408278
99
99
173856
244088
109879
34170
99
99
99
115059
565861
99
99
120947
15504
99
94975
99
99
99
99
68863
99
113739
99
30683
99
301804
99
30561
99
99
177026
99
99
99
120713
99
99
32677
99
99
99
98
97072
20268
184665
286096
80154
335515
99
10266
99
36361
99
62213
143843
99
99
99
99
99
305831
99
85174
99
78224
99
87061
99
99
24930
89982
99
31044
99
267873
99
241131
37824
99
99
359598
274366
204240
99
99
481711
99
99
490825
99
493866
117174
459567
99
99
24401
99
99
99
333642
99
78012
99
99
122792
99
99
99
505
99
99
99
99
99
20623
16062
30361
108639
267903
99
99
38249
557813
78439
4175
99
415379
99
99
99
99
99
286803
99
99
61404
11890
99
157941
99
99
29676
99
9880
99
99
99
17129
99
99
251892
45510
99
99
99
19988
99
66857
213833
122715
99
99
39405
31404
99
94363
33768
99
58867
27797
99
5490
164527
99
527426
182357
99
23650
219400
99
40190
99
99
99
151174
99
99
99
4256
53146
72427
99
496176
129271
31200
409483
70511
99
127693
192806
99
99
105807
501534
59342
138234
118058
99
99
99
99
93
22159
294286
200509
99
98
99
99
171849
98
49847
99
113208
207549
99
10523
97
99
99
95159
274949
407588
99
73188
86773
95033
56192
453871
276099
99
389773
76225
219340
295761
295838
99
105468
57007
99
99
274843
99
8743
45830
99
459317
290837
121943
152169
240758
99
266094
265481
99
99
108267
11069
99
120334
99
99
100576
99
48531
99
99
99
99
21731
99
99
33095
99
532513
88827
32080
99
51908
99
99
175087
99
338866
313866
99
99
235103
99
190651
99
310532
99
17282
69557
74187
209511
99
99
47525
99
99
99
174833
544605
58417
285636
99
99
55312
99
14007
35505
2150
99
99
214031
102545
99
99
99
52505
2132
2748
106937
99
99
99
97558
46091
5782
248678
99
476672
99
240103
99
99
99
5914
49472
142930
17155
99
23761
99
180149
99
65416
438574
99
99
99
240556
186052
99
263956
9614
66666
99
99
88219
12985
99
99
441761
209274
44233
118043
173660
99
265167
99
98196
180394
99
174098
99
356299
223235
99
99
99
239424
58843
488559
99
357625
60181
99
442283
21626
95085
99
99
99
506449
99
99
99
144982
153935
99
471856
498967
99
144854
309792
140388
294375
417834
76559
78274
99
99
99
443086
67537
240367
99
227742
99
99
99
99
97630
99
305464
209181
99
99
169834
23506
396
77292
7988
113323
144694
99
76405
466523
275790
21591
35015
99
99
99
456054
133462
200815
94369
72437
162408
99
173960
513705
99
59289
33520
373737
83465
43136
99
99
99
309929
53058
99
107677
291442
44895
67951
99
99
446557
388010
54462
99
99
592292
99
222192
82208
354550
10139
57403
99
99
99
260100
9252
44201
99
7719
99
133171
153527
38903
99
99
292015
264406
9097
99
184760
83820
104016
258180
99
99
99
99
351364
99
99
84421
99
99
99
99
16930
148811
271104
77536
226793
116364
99
99
99
40080
99
99
99
9280
99
213472
99
90763
112444
258240
138942
99
52598
99
99
99
97090
99
128286
562008
99
20984
272432
99
423
99
333394
99
113385
99
78702
65019
93697
99
99
5766
241148
231148
2936
20741
99
46379
31436
99
58065
59091
99
168634
99
233260
291187
99
318805
99
99
250593
99
99
328153
4362
42051
43956
99
99
58910
99
358307
45662
139200
302767
48902
99
99
99
99
99
99
99
99
456624
99
85874
106764
99
99
99
68226
99
435772
142084
99
99
99
467853
155985
99
194251
99
188801
5125
99
308130
99
99
99
99
99
99
99
91528
29344
52099
99
99
99
1485
99
285847
99
99
99
99
350306
99
100005
22751
75041
99
99
236354
117528
99
289989
99
99
38956
99
99
99
99
99
43096
48469
3815
98
99
99
99
99
99
190246
99
99
156500
95616
99
99
180930
99
99
99
99
206885
18391
350971
475093
99
6389
99
99
99
99
99
255872
99
99
99
104018
55135
99572
287383
486929
99
99
29910
68139
99
42028
357174
99
99
99
36019
7746
212056
99
1912
202065
99
159619
41124
50589
86406
220034
99
99
99
99
99
99
378184
19288
99
9239
99
220868
44656
11600
68443
99
99
99
99
99
343077
99
48448
99
99
11519
43305
99
65061
78753
99
92
99
99
99
99
208655
149124
99
32542
63657
99
117226
171255
41918
50376
19691
99
329336
6135
216850
99
135035
32164
303146
358104
99
122489
99
99
99
10611
28224
99
99
496843
99098
116254
99
323383
106435
99
221598
99
197410
99
41867
577649
99
28157
99
25207
99
99
225119
4159
411904
75612
99
99
176580
99
99
185797
43944
100812
99
99
9171
99
480177
99
99
99
191864
99
414327
85547
99
99
99
184513
99
99
99
99
74920
99
99
99
99
99
350517
99
54728
98
99
20324
99
99
402013
99
99
402860
99
93692
99
106949
46782
264674
54748
99
99
3548
99
40727
264245
346976
472368
99
8732
99
99
194029
99
2668
99
333039
99
517296
99
99
113268
51387
99
193849
304915
99
99
98
275216
29074
99
99
30974
66054
3878
95584
99
99
98976
99
4612
26749
99
480272
245132
99
76334
154516
99
274666
99
99
247739
98
99
117376
99
282414
50769
155471
99
356054
7079
62024
73634
121650
63882
55652
118691
47523
99
53379
99
99
99
34307
188398
34622
99
222480
417883
99
99
99
66228
145515
99
99
26931
32634
99
75347
99
13256
99
99
202382
99
99
99
232655
99
506468
118889
422610
99
105061
26298
145224
99
539084
99
215114
99
378105
102011
197478
39948
99
174933
99
99
107055
99
99
99
51207
127793
47635
99
99
99
157416
99
405632
99
68445
62725
156633
389828
99
99
99
99
305036
151153
2798
99
99
99
17815
29
99
99
99
265906
99
19501
99
99
99
219395
99
354491
99
99
57404
99
137663
99
99
99
437081
99
99
99
308303
239
99
99
50276
74430
99
219074
215611
182675
99
99
5982
99
99
99
99
178238
13159
489739
99
99
99
99
99
99
179861
272724
87584
116143
61352
457443
11013
499530
99
99
194094
99
99
99
98
99
99
99
251425
99
236884
94718
99
459065
135715
225635
24671
99
246887
80853
99
99
99
340918
99
99
356851
99
1245
99
99
99
268180
98
97138
79335
99
99
99
242623
36237
285447
77951
99
25014
80483
99
99
99
99
99
99
99
81550
99
250726
99
12432
99
99
21600
158648
99
74076
99
314220
58440
99
99
44695
99
31877
99
132431
99
99
99
99
211528
125269
55984
99
99
99
514459
253658
8858
423455
99
24946
99
99
238836
99
99
434730
75724
66236
99
173688
99
99
9690
100497
99
144986
99
4765
99
99
99
95930
99
99
99
156111
5880
91097
99
99
381727
99
12921
4162
99
99
99
99
99
172785
52390
9418
46210
38857
238877
41151
264469
13894
99
83938
99
343986
99
1965
99
99
50687
99
292794
99
99
99
99
24283
349811
99
347922
123202
99
152415
12414
327682
200
43229
159311
197139
99
99
99
131268
333691
47019
99
327389
99
147721
99
71819
99
138906
99
99
18994
99
128142
10415
190912
536058
99
99
12067
131477
99
99
111319
45994
87476
63235
99
40183
99
164665
215798
99
99
145247
155358
99
99
99
99
564216
216870
99
135126
99
99
99
60542
302553
99
99
14889
15214
382086
99
99
20856
516145
17769
99
9355
99
490552
99
99
45225
99
99
99
99
99
99
25706
123685
99
99
280858
99
99
99
99
99
99
99
204340
99
99
108903
99
99
99
23214
72111
18257
177950
113067
226774
99
10542
99
517981
208637
99
189973
127046
108861
136089
56169
96605
85083
430567
99
32168
99
336345
99
99
99
296623
113419
423919
157968
17575
99
99
99
17219
99
99
4360
64514
293311
99
99
99
99
99
164963
11931
99
292344
99
8388
99
99
99
124208
37860
99
406569
99
51728
99
99
73240
99
99
99
78757
355196
99
40835
155863
99
87
99
99
99
81187
99
99
96494
74
99
53681
71040
99
99
99
34024
395260
99
99
99
149850
99
33603
99
99
2020
213058
6438
99
99
99
56539
99
230321
145700
139436
99
541060
99
8475
84421
107596
55904
99
27211
252238
15419
99
99
99
363308
137998
99
124278
252129
99
154129
98
5127
99
99
99
99
174502
10790
99
269943
99
99
99
99
99
99
1553
13182
99
99
202427
99
99
99
99
99
242187
99
99
73860
99
99
235906
7411
138542
99
433589
159862
99
99
99
99
99
99
90270
197881
125217
215424
99
99
99
360762
99
175101
99
23587
99
37880
72015
99
61200
99
379037
42019
602565
99
99
99
194281
51913
136445
99
34942
99
99
7612
99
22802
33946
99
99
10034
99
70127
228980
25361
99
99
99
89211
99
99
99
354414
165126
50242
99
272444
114751
54283
241266
13894
99
99
99
99
99
99
116911
99
99
99
70044
99
373102
99
99
384751
98
99
273887
486875
99
99
379794
99
16741
99
263
76483
73504
99
107860
99
42514
136056
99
99
318502
99
220210
289847
99
99
99
101274
99
99
36708
1155
99
250172
62524
58106
99
99
99
201922
99
23889
99
99
26871
99
89084
99
99
285448
139250
99
4572
99
65841
11730
450907
99
15684
273730
99
99
89033
99
99
388329
99
99
99
99
99
99
22599
3752
301832
2063
99
99
181773
206698
27491
99
62561
99
99
99
99
99
99
41131
21246
99
99
474801
99
98
292884
133262
99
275422
205
190102
54641
35062
79727
99
99
99
99
99
300104
87
241211
21175
99
99
84502
62021
74970
38115
99
196726
99
99
80070
97136
99
99
99
99
5405
322624
99
114255
41449
13289
18178
2328
1809
27958
356783
237474
115255
99
99
122360
92002
99
186330
29530
191152
62871
32421
98054
70497
661
160153
18413
74293
351689
1022
8269
37902
99
99
99
151830
104178
99
99
10094
55276
9466
252894
99
99
17214
99
140178
99
16381
28373
99
99
77944
45697
178793
99
99
33686
427425
99
99
99
99
58061
13095
99
47539
99
207715
99
99
20773
99
99
235548
110811
198941
70176
195744
61336
99
15448
99
15132
210378
67065
512160
99
99
8889
119162
99
29177
99
371981
99
84666
892
136513
341169
13255
33034
201632
5989
389303
99
12510
99
104165
99
607607
99
99
99
99
99
99
123121
99
99
99
99
342166
98
154558
99
366853
99
292144
414558
429537
26192
459789
99
99
299889
183925
176083
9263
45927
99
99
2439
99
99
472589
497353
496486
99
99
99
103880
370833
37595
57255
641
12525
99
99
144664
99
55829
99
99
99
280228
99
49374
99
333504
327859
88952
31944
4570
99
402510
99
99
156632
99
21930
54845
59451
167178
190199
99
972
209468
99
272316
99
99
99
99
98
99
99
304
99
27657
99
99
276553
99
99
41722
99
8624
99
99
99
227753
198146
99
445941
187619
99
210091
168820
99
80919
99
52139
94996
12594
13764
352518
99
99
37586
713
99
216903
180726
99
151175
300547
99
99
51483
99
99
99
38247
371980
92582
207748
74608
99
99
99
99
99
99
99
97674
93
99
99
30008
99
325651
87538
25622
99
99
360825
147036
102895
99
21176
152102
3930
99
1241
268451
34531
44333
99
99
9290
99
410639
223443
34346
99
198726
19587
19354
99
99
99
99
190528
99
378126
110679
18492
82043
339093
16907
99
96
99
99
99
99
192956
46414
99
99
61620
99
425493
156591
62532
138896
231328
99
296190
158971
91119
62554
223326
281963
234392
17290
89886
99
99
99
99
191985
92428
99
99
4987
225550
3378
216414
165722
99
20759
99
99
302780
196207
127770
99
99
99
439203
99
99
99
99
196377
99
99
99
47173
99
548142
99
8905
126087
18850
99
171432
99
65172
99
99
445599
99
99
472315
16433
8928
99
229359
67930
48963
28301
99
99
147807
47301
132122
99
99
403723
99
99
344023
18979
25427
103244
98
99
99
450053
99
258711
99
99
99
99
99
17267
99
78565
99
99
99
203742
99
99
2829
99
261820
20193
122884
99
99
3003
99
99
99
99
6788
7830
45092
99
527373
99
99
16782
99
99
99
99
99
22072
237545
60303
99
99
283585
99
99
13928
21881
201867
142933
73077
56573
538129
99
292888
5493
99
99
36394
136654
13588
99
99
99
99
99
150732
192639
99
94
319877
99
77874
5202
99
210577
156327
172228
99
99
99
99
99
99
99
422138
99
99
125091
99
5200
389307
126223
99
54724
99
272284
99
344986
510065
98
99
99
355470
99
99
99
65782
115407
184242
180311
99
56941
87024
99
99
70089
99
