378009
68671
99
99
157796
406449
373435
51321
99
99027
79046
99
27848
99
392873
99
36066
99
53335
99
257138
354001
99
99
99
99
413205
99
99
68049
340499
99
99
99
99
82
99
99
123952
99
225504
80612
99
99
99
10996
99
70120
99
424087
99
193675
99
184717
2009
99
147484
99
99
133020
99
99
450438
99
236422
28638
4961
99
534918
325013
20270
25626
486519
99
83049
99
130211
99
99
198601
32902
99
99
98991
99
99
178507
361073
99
99
99
99
526053
152670
99
37568
42302
99
99
27001
99
144730
99
216310
99
3370
114108
99
262583
167279
496690
99
96023
24478
153932
99
99
66844
96
366986
80572
42224
83968
99
99
245507
99
99
349224
36278
156841
99
414363
115214
156026
99
99
245366
429069
99
99
277727
138123
97
129509
95
99
135819
240884
99
364832
186584
99
99
99
156286
339194
99
99
184088
3913
99
81975
99
99
99
99
99
99
36
99
99
99
99
218513
65009
99
99
96388
99
99
99
99
99
168490
99
274398
187396
99
25739
99
99
33561
99
99683
99
85444
104605
99
478158
258114
99
548443
99
99
237765
99
99
99
3041
8767
99
6569
99
99
49637
85105
99
99
207915
11378
99
99
707
93258
99
94973
99
9229
99
48121
99
143476
99
99
10870
575526
99
99
99
12647
275000
99
99
303663
99
99
99
14297
209918
325337
24246
306610
99
99
508
33568
99
99
99
99
99
99
99
99
99
99
99
99
99
99
99
99
99
16057
99
99
298227
98
4150
99
52843
99
599497
83669
99
59681
104406
98
99
99
136017
39464
12992
99
99
99
13591
76232
242701
35056
32740
99
16711
99
839
99
99
99
99
2358
207633
99
51837
83
99
287118
98
329117
226103
99
99
392774
99
99
109137
99
99
31115
344849
342508
341459
99
154382
58588
99
99
4054
44848
62040
56438
140687
503864
106091
137558
98
65296
99
65441
99
99
8284
99
99
99
99
99
76901
99
99
99
99
40249
24399
55334
319031
99
24360
58812
99
74069
12438
99
96165
99
278368
274080
99
99
28825
93090
40892
131306
99
99
352975
99
172314
314764
99
28807
99
264665
137032
115783
99
99
152924
99
138553
77525
225299
51682
99
105192
99
99
226224
99
134404
110414
359356
99
99
211274
154326
99
99
27530
286235
33116
60973
54340
99
54802
99
99
95737
99
169457
99
76866
1563
99
99
415211
392684
99
26847
99
99
109557
99
245136
117560
386041
179013
42941
108365
42442
99
148302
31655
99
99
135443
99
99
2004
99
99
1065
99
365866
99
99
135596
4226
71698
99
54206
99
146372
12094
189901
99
49797
2589
135414
98
99
99
98
99
99
99
99
337324
218989
166164
99
258218
430819
99
99
81476
211329
193896
99
99
99
325887
146349
37493
99
85853
218749
99
4877
93163
94708
99
99
99
99
99
99
487046
340785
99
137039
115430
35176
103811
191409
99
403650
99
99
99
99
18002
154397
332302
99
86271
171410
99
46677
87548
334212
99
280214
99
21684
99
44478
200428
490628
99
99
18058
99
99
99
99
99
70418
1881
98
99
183439
360726
10727
99
99
269004
135881
259732
99
30979
99
267951
99
99
101988
99
66877
99
316895
8735
16232
203356
325683
99
99
12903
99
93
12445
99
59243
123782
136738
17564
7276
99
99
139969
365835
99
64426
98796
99
99
5239
99
99
63553
448428
231376
270439
14792
4971
99
100432
83436
99
327812
9
35114
221582
313
265344
191656
288091
319467
111842
99
99
99
294761
72
241274
405343
40945
136331
430935
99
11656
460227
99
99
208282
131788
99
99
99
99
80336
99
99
218629
99
18070
99
99
99
308625
99
99
99
99
25014
275884
203927
99
99
409698
94
158699
475319
99
99
99
49458
38490
426689
94576
99
99
99
17832
385605
151619
99
27316
99
99
99
99
99
99
101607
59421
99
13732
99
113381
99
99
245643
465222
99
99
42936
99
519016
261668
2211
99
99
99
299267
99
99
93029
99
251215
99
99
106987
99
124285
99
3534
99
99
100793
99
99
265867
170915
350805
219803
133747
99
99
172683
91225
302972
99
2983
11358
75834
155293
5155
509000
50084
99
372585
99
99
99
99
164010
99
99
99
99
99
136669
99
99
99
99
101482
496027
99
99
99
104114
13547
99
57045
191378
421469
99
99
328514
353294
225158
408854
743
99
99
99
99
152820
99
88958
99
99
51211
214574
99
99
99
67250
99
162959
99
160942
99
417132
27962
125691
64974
99
98
99
99
99
99
99
99
20642
99
99
30541
99
99
89222
98
99
99
99
105252
223954
68799
81809
60793
99
243064
143034
49234
2807
405253
99
99
267619
375405
87388
264104
99
6931
99
99
99
7313
99
124382
99
170861
99
997
99
181429
59972
177270
99
99
86074
97
70449
99
33764
36796
36098
99
99
154923
99
99
58622
99
121585
40780
48126
99
99
467936
63929
41451
54847
29739
31335
99
325307
18026
3961
407985
185289
99
99
64839
22014
342873
99
661
99
75953
318190
328721
371608
108064
89868
98
21790
99
99
99
36486
7565
99
30179
820
44841
99
99
99
99
99
99
12822
99
99
566391
316911
515460
435746
235481
75752
244637
99
176240
99
77790
99
47194
99
99
333128
19484
133765
99
99
99
99
331655
99
99
99
99
99
263133
99
549159
5303
343691
88779
99
99
99
99
99
99
17740
24893
31674
99
99
186534
35971
45935
99
471201
96863
64030
99
98
286006
243311
147321
26844
9728
63
350368
99
202231
45085
99
99
4861
9089
294474
173459
92771
99
276741
148687
243700
99
99
99
24568
82230
99
99
99
99
96329
96726
99
186998
99
76123
99
18646
99
91901
99
99
99
121134
484776
99
99
99
99
18661
99
99
99
55617
85959
341397
99
88183
99
386221
99
159810
99
99
261315
157875
54544
99
99
72583
99
99
150104
190532
208441
99
99
67779
99
330541
99
374500
145544
128495
109825
40004
99
485958
38770
99
256181
99
99
407621
99
349051
99
8626
254788
99
396218
99
99
29487
99
99
18747
99
99
99
582891
99
99
82519
160310
152228
225810
99
33532
99
3886
247003
99
95
99
99
3626
461841
99
99
56544
44875
35835
99
269983
99
118564
65794
99
99
280496
28375
8205
16734
99
116801
115715
99
410847
99
99
99
303352
99
99
98
37124
99
94
7319
99
99
169946
99
246175
198358
99
177034
99
99
42860
99
99
99
99
99
95
99
106216
351387
99
99
341800
2297
99
99
268708
99
99
317919
99
145940
186112
196452
278413
99
251543
99
99
49105
99
99
96
99
82752
524611
99
122550
11311
277662
99
16127
99
99
99
99
99
380899
83818
99
99
216709
99
98
273539
72130
99
10600
99
11744
99
11191
16987
232958
99
103552
40
99
18811
99
376256
99
69279
99
26829
150664
99
23491
8584
360
12199
273254
99
169446
99
101698
99
99
99
300037
99
336435
137466
70513
99
99
99
144857
99
99
99
74620
49177
99
99
234951
559001
309805
314785
25560
69436
99
5483
99
221317
149851
99
339161
99
276415
99
40198
99
74792
171593
400776
441405
99
65597
99
10207
99
391671
63751
99
99
148138
151622
1741
211458
99
99
99
10415
101822
99
6132
88609
99
148625
112077
99
273936
50956
252236
99
99
99
239167
99
27951
99
13882
372540
99
99
15062
99
99
99
99
99
8323
99
99
140340
99
99
99
99
99
300041
60554
99
99
99
99
58790
27508
58230
99
99
99
99
99
459716
99
99
99
99
130177
99
99
77408
71333
59908
168411
99
99
99
99
213241
99
99
41475
99
37892
99
26817
99
99
99
99
51766
419140
99
221689
181650
36778
8714
260061
99
40020
99
99
99
99
30639
56331
99
74971
271140
99
96859
441801
99
99
42108
99
99
99
51686
99
99
259685
99
7804
99
216983
136294
13427
99
99
99
179747
73928
403258
99
197886
99
178030
99
99
289639
99762
99
249115
99
99
99
99
99
863
453301
99
201907
218502
81154
233404
99
99
77163
290703
213099
99
99
99
317875
148028
99
48892
99
295064
12986
591
320225
286022
99
99
167428
99
99
99
46907
99
108424
27505
316531
11465
99
99
293735
5451
99
83201
13493
99
99
99
194950
99
99
99
59187
169218
99
99
99
99
14781
99
60389
245386
99
7716
99
232266
1012
294481
99
77164
99
136634
99
99
99
99
99
99
80102
99
99
99
451775
39982
359542
15990
99
310653
225956
603438
124263
274158
114097
99
99
91093
99
294654
225810
141550
280376
77171
543
109730
97
94644
279957
98
99
23356
99
99
99
36690
233050
13796
99
27278
308679
125390
99
99
99
99
10826
99
443546
201346
100531
99
99
99
99
10620
223904
500901
12726
160832
314546
138566
267080
99
99
36684
99
427724
22422
50417
123119
99
297906
99
51683
17885
371728
389580
98
99
198175
40500
99
99
261201
259481
255121
99
161616
99
325539
99
48318
135645
407988
393674
99
99
99
227310
9596
99
369719
6766
4467
178655
5190
99
99
99
166552
99
1459
99
41558
372426
99
200328
99
134973
99
4193
99
99
99
26699
99
121849
99
99
162115
99
99
400025
391807
291106
436447
99
99
99
99
99
73065
99
99
99
99
99
99
99
99
93965
99
5857
161730
9710
34238
51593
99
275355
99
101128
99
99
178066
95320
1394
525555
99
335302
99
7636
99
101233
13630
6519
99
194837
99
253130
121094
99
99
99
263688
11228
99
99
99
136226
435799
12309
33824
99
45893
347726
237389
441752
99
99
99
64812
99
142797
110590
19966
99
5123
99
221174
99
99
146037
99
167354
99
99
228304
86466
99
99
99
79955
72872
11854
99
226197
156552
575928
13961
99
99
99
99
99
4591
151378
99
113341
551567
29811
157269
433498
99
99
227321
245514
388779
99
154524
184855
33513
99
24180
99
99
99
538631
9644
2744
99
99
3898
349941
99
88
99
99
99
99
3433
99
479839
20569
99
99
66184
99
99
99
99
12789
99
210087
89319
198529
17742
1795
99
157163
34914
95
99
99
12343
285625
67551
99
99
120908
225403
99
99
132884
62491
99
98
99
99
34931
163550
99
25833
99
99
2684
9022
250440
99
99
530840
5655
13756
346237
99
99
3207
99
99
99
19854
99
99
72103
165020
99
395439
99
98
99
99
99
501590
244134
99
55294
135953
282105
99
99
98
99
99
99
69992
99
4879
99
485077
284484
99
99
99
99
99
29462
99
99
137595
99
99
486677
341603
133666
99
99
99
99
445451
99
425797
99
99
99
99
99
99
99
99
63855
117936
99
1293
12926
113282
99
290472
52208
259782
171878
99
5083
99
47469
383053
461154
99
99
83228
99
99
99
99
99
158083
99
99
99
164572
507022
161548
99
99
99
99
2038
43047
99
61658
99
99
99
128874
99
99
511477
99
408184
99
33500
99
237046
105169
276566
99
99
69470
76071
99
99
288739
41910
48196
250013
99
8124
99
313580
99
124782
208300
125396
99
99
14718
99
116526
99
65433
98
99
99
357266
303297
99
99
99
99
99
15601
99
367266
99
77798
91755
99
336241
57982
99
72314
99
99
99
99
254738
554599
99
438890
99
99
53960
53617
41201
99
99
99
201399
99
99
2875
79783
62288
99
99
48047
99
99
99
49889
96
63549
99
47633
99
94
99
194729
99
99
483447
9952
99
122647
479463
99
99
99
30957
300044
32095
254439
99
99
9523
177402
274603
85971
99
99
2325
99
283873
99
99
99
33832
99
99
99
99
99
99
432386
99
126650
85498
75536
1679
99
99
99
99
99
453891
99
99
44823
266098
99
99
99
542268
99
99
394090
99
384542
23770
135657
99
444070
153005
49642
99
70778
86805
99
16807
99
99
99
99
535876
64358
99
10659
488769
99
124121
99
99
392498
99
63126
9496
99
99
186882
75289
98
22270
945
99
99
99
90057
56223
543832
70259
99
67391
99
530781
99
99
363838
99
99
148460
331260
43808
99
99
28157
99
99
204822
99
99
99
99
99
99
446248
99
99
17399
99
99
31414
219035
41549
29349
99
15827
99
99
19462
134876
21272
70631
99
99
99
105936
98
24462
99
99
98
99
99
89369
205446
16427
17294
4531
6154
99
99
99
99
99
99
99
583191
325890
33702
99
447
269259
99
86713
1702
226531
326461
8732
115
99
99
126929
20295
99
435278
13275
93
99
99
15549
99
75103
99
95
99
78291
539107
10587
99
191510
99
99
99
32275
99
30304
99
73600
79424
99
99
136147
280950
98
210154
60439
361973
51627
425345
99
33696
99
99
99
99
243774
100813
99
99
25927
99
208331
99
111171
38282
99
28377
99
170776
99
103059
133439
75008
99
245723
6247
46623
20455
13488
99227
183061
105374
99
65175
19387
99
98
99
1568
13166
99
23524
66115
99
99
99
99
99
99
99
99
99
99
99
517186
99
11640
99
5389
121361
108657
217506
10604
94156
99
99
77198
129800
192044
99
75294
349019
453867
138704
384063
189288
98459
101349
99
99
99
32444
186144
40876
99
99
18513
20568
99
10499
373810
99
99
112429
99
316310
99
99
99
502386
313972
136129
532233
99
99
15904
99
99
99
99
189082
99
108380
24640
322531
99
227818
99
1976
1966
332501
74920
425653
91161
98
99
379576
99
99
99
99
66043
347302
8953
99
128132
99
99
99
99
99
228411
11353
99
100561
182683
99
99
31548
99
48851
99
99
182740
99
99
99
314614
99
99
184023
99
4742
99
99
3915
99
99
99
99
99
59685
99
130496
99
99
99
15951
99
99
99
99
19867
99
99
99
496258
21613
99
99
99
25920
99
99
99
99
98
321261
25354
99
159
99
99
99
99
67093
98
99
81725
226843
386011
99
99
55251
157921
99
497734
99
99
4641
99
99
99
80725
37927
95
99
99
99
292242
99
99
99
98
45930
99
99
32911
444012
99
153404
99
99
99
71883
3458
99
99
130746
99
99
225669
91852
121623
99
452543
99
99
50
78890
579423
99
99
165060
20434
99
99
417609
93
99
99
99
134841
126076
154147
82637
99
3466
99
76
99
99
10154
99
358222
334476
93299
99
216007
99
94655
318280
99
99
99
176498
23410
401429
99
24345
98
99
124771
119903
99
99
99
99
305024
347936
61792
285870
99
173639
186102
13052
99
196891
99
99
353916
99
99
211781
99
99
71471
99
441072
99
67592
60461
49253
99
99
98
178276
99
98
31566
6940
91074
106087
99
32338
99
99
94264
99
338007
534898
99
499753
92731
142308
16722
99
99
99
251322
99
99
165659
99
99
99
99
99
99
99
81409
99
99
99
99
64834
99
332065
47698
99
99
99
402
99
99
99
99
18207
99
27182
218523
157639
99
126351
334103
168601
99
99
99
191075
290487
99
99
94791
93
99
99
266575
99
462562
99
99
99
190838
99
234360
29087
94498
99
99
151107
80900
99
99
99
99
99
8585
98
17069
37138
99
128511
99
99
161800
49687
32642
99
99
99
278383
144991
38037
300868
99
99
541936
99
99
99
99
465888
99
99
198158
374368
99
47308
99
447613
99
27960
99
194851
99
15438
80180
99
98
99
367110
5866
277354
48768
148537
3097
99
99
99
99
110828
99
99
396453
66980
380103
356863
51169
99
99
24404
99
38610
99
99
99
99
38372
28353
99
99
213125
62192
99
99
99
141671
56173
99
99
172043
175201
68590
99
91095
99
147843
99
99
84050
99
99
18363
99
259845
197076
99
15965
313510
258788
99
99
136818
99
174014
195643
103806
99
99
99
62654
364261
321783
219832
4292
34712
41162
99
99
99
99
19198
99
434579
99
439933
99
99
254200
39695
12788
224283
138436
89605
12653
99
38170
279069
44268
286006
99
16729
99
417360
1471
99
99
99
99
30420
374448
99
23381
99
99
99
71769
99
99
80590
99
171492
81766
106706
288265
99
99
99
203397
99
273022
99
99
77957
99
82654
280763
99
54796
40212
470566
99
99
31438
99
99
330611
99
99
99
99
78378
52237
99
336813
301334
99
23636
99
99
99
99
99
201516
359257
68472
30278
252965
359577
99
99
99
94
238412
5625
469116
99
2073
321511
292098
165167
302745
99
271007
99
99
99
245921
134765
386403
117150
2463
95
117608
177973
99
199164
99
200101
6885
161424
99
99
99
99
62280
99
99
476137
99
99
282271
109911
99
470802
96047
124127
191471
85345
99
249117
99
99
99
95383
99
143440
28287
396422
86692
241770
164656
99
579
95
4364
96692
99
111878
99
541996
294526
99
5963
101516
206842
377649
99
99
99
99
299691
503723
99
309215
99
15723
99
8111
99
99
262685
99
99
44625
181567
99
99
2154
234537
99
222710
99
345257
409634
99
99
99
99
86620
99
99
99
25131
99
99
99
108088
33993
8419
99
162186
99
99
99
99
99
6011
99
96
99
137910
99
59981
99
99
99
99
99
414175
391376
99
98734
259159
318910
101985
244129
187609
87371
303126
99
99
8681
99
99
99
27123
99
103016
226374
99
99
486324
99
99
99
43676
102814
99
10203
172256
8512
19090
5302
99
528092
99
340
164336
99
99
99
92807
97
244790
48564
257869
34347
99
456936
99
99
156346
99
72529
99
89881
99
95
46352
18717
99
99
19151
271596
198574
41040
156789
222547
99
99
99
6682
125934
99
106231
99
99
902
95
99
99
2112
99
128898
99
198441
99
99
99
99
34919
99
80741
103128
99
41433
99
99
4104
99
21717
275888
99
249573
99
99
99
99
99
73415
200786
258536
136612
99
99
99
99
273634
438343
99
76389
308327
99
200127
3325
99
99
23676
148618
4976
99
99
99
99
99
373954
220109
196679
428931
99
143539
99
1988
265062
99
41564
366619
99
96925
99
99
99
99
265301
99
99
178117
99
595273
102051
99
167072
6038
99
285486
93245
99
236012
99
221491
116978
99
95067
19076
99
63017
99
99
99
99
307007
99
53549
42123
7867
2615
57406
31329
40563
119241
3018
99
74649
99
198675
99
21720
99
526810
99
99
351348
99
230015
99
97
99
99
99
169045
99
481399
17517
1809
102841
34418
99
99
479937
7543
4962
99
141357
99
240818
99
393380
99
412319
99
99
99
17363
94689
9789
82605
452775
96
99
188585
366646
99
99
456430
99
99
162127
99
99
99
439253
99
99
23155
99
43770
212532
154085
99
71221
99
7742
12204
99
99
99
99
99
99
188980
99
99
66165
21508
99
392706
19175
99
164109
99
99
99
99
99
74150
99
99
99
12232
99
99
259687
99
99
80762
26909
97
122227
99
370311
99
99
29726
294854
14665
469815
81469
90646
99
99
485214
99
99
98
322727
99
98
499018
119389
99
267660
99
99
99
167149
112865
99
99
47456
41407
99
99
99
279717
384480
99
234868
99
243855
99
245178
99
99
238393
29706
158169
188270
99
99
99
99
9828
99
99
36411
98
92799
127151
99
99
96236
102036
417920
99
69077
99
99
176140
39721
43287
99
99
248687
42900
403620
99
195168
99
57266
3532
6297
99
317799
273244
99
140639
99
99
6311
99
99
66482
99
914
79623
491291
99
122566
99
99
24803
99
82780
535765
99
142365
109310
99
99
99
65570
99
33138
99
228315
289059
287364
179907
99
99
133502
490561
196708
99
99
197418
99
127173
99
119510
99
4652
127483
40113
99
244661
99
99
99
82744
66830
99
155650
263710
117273
65966
384560
99
99
99
14566
99
377876
46606
99
312597
99
20091
105255
232046
99
99
91472
99
99
316493
10925
99
99
99
99
58969
71
99
139479
50718
99
99
262637
456023
99
99
99
99
99
362230
99
99
99
99
199085
22651
211909
4573
9426
33831
100188
99
123374
99
4110
99
99
70839
99
99
167454
279706
99
140561
99
243236
99
58028
4033
198924
99
97
49985
38138
99
93711
99
99
99
364320
99
99
51459
59754
6324
302319
99
99
99
352810
99
99
99
188344
252764
99
99
433993
47550
99
176626
99
184362
99
99
88822
106535
102691
185926
99
99
260191
93
99042
152017
370933
99
71201
99
184697
99
99
99
112754
510961
49225
254387
57159
99
134269
99
99
167143
99
99
342712
36206
99
99
99
24217
99
8012
101014
99
99
99
99
99
144759
21204
157168
489176
99
18184
99
99
99
883
234655
85070
244201
377375
37008
6273
144864
88476
284401
163472
88598
113073
596607
96023
152361
58280
22306
99
34830
182043
99
99
361264
99
308770
99
99
124317
126418
99
99
97
99
99
469313
198498
175628
245858
99
99
37255
99
99
23446
160974
99
99
99
99
99
234851
99
99
99
99
99
74491
99
153781
316908
99
37355
16805
99
93
104203
99
99
293007
99
99
227231
99
99
99
79790
413948
132191
99
27393
171334
107249
99
12575
30731
99
415426
99
99
36700
99
99
73549
523945
345494
4366
188669
298223
99
477432
99
359842
28136
456340
99
263417
82602
245751
5793
265781
397226
99
280075
99
31375
250423
258404
132357
99
99
99
12931
99
86
181660
7112
99
99
19533
99
89
21950
99
6565
291006
33214
313826
110804
166158
99
99
99
99
99
489015
99
101568
143654
330578
99
105741
99
9908
182594
399853
218128
26904
129117
228296
24321
99
406258
99
99
223429
99
69772
13207
99
130572
99
99
232448
99
99
171274
99
99
99
99
230847
413406
357339
98
99
236378
44051
18465
175265
99
145047
99
99
99
235623
308508
5185
99
99
390230
104833
99
349310
105744
39464
140790
114214
359249
99
19413
186953
286830
249249
352216
244492
99
43346
193016
221441
86978
99
99
6042
99
145
99
99
6271
99
178089
99
290355
151792
47802
49000
99
99
106700
338173
80789
99
261601
99
17816
263431
3035
99
283548
99
155168
99
99
99
557117
99
575487
228432
99
99
99
119045
12086
99
99
126263
43430
66732
238700
243249
277714
14545
142342
214707
411009
180148
99
99
252516
99
99
415116
99
99
3003
92152
145337
99
224534
536381
99
99
95951
99
238395
99
99
99
99
99
268411
386068
12012
99
99
99
11110
162337
29015
99
464142
99
99
128799
43339
50975
99
19069
49746
99
204307
61
99
99
99
6745
99
118117
17446
99
99
61102
293060
445363
3960
99
99
99
99
335820
141022
10887
20853
90
152614
99
273703
250960
84678
25301
98
21160
13199
99
21494
387965
99
189575
201837
7704
99
10922
99
107159
97
99
99
329698
77156
226178
99
131138
99
44432
99
213008
196925
32397
74374
99
294625
13365
99
99
258269
99
99
452393
235556
99
99
99
99
25644
289919
73769
7035
99
99
99
111216
166240
102006
23058
99
99
323403
528753
147915
157887
74644
99
73084
99
83318
99
143549
99
99
150920
69181
99
284170
300230
99
163292
2913
97
99
99
200323
99
39368
99
99
52003
31903
99
99
58757
269685
22422
99
17676
167081
99
99
276146
99
98
99
99
88366
99
99
146973
75234
178607
99
99
99
99
10955
82982
99
99
99
99
99
145810
9291
99
99
176591
207205
423927
19851
99
99
427319
99
132677
12626
49154
2259
99
99
2375
58832
132528
90977
99
307896
284032
93162
80047
99
181748
99
99
99
85747
500
99
99
45457
99
99
169496
135623
99
52059
57937
42897
99
99
294632
29510
22233
152592
176537
672
99
99
460348
99
83954
86
334905
99
23974
99
99
92055
164838
99
99
202884
99
11586
461158
203993
138636
396475
12159
99
99
99
11571
61863
33073
99
99
99
99319
373983
389973
238081
34042
99
5684
99
99
99902
99
12749
145855
93480
333238
83243
236113
45594
436498
99
15287
99
1908
250605
273361
94138
99
99
184046
297454
70
99
99
123570
225447
99
99
174090
99
194430
99
99
99
177967
99
90
99
60564
191074
99
99
258815
99
134586
99
99
99
99
99
546576
99
30246
98
494341
99
167198
174458
368956
87803
99
42765
40049
99
438042
7909
99
100243
99
99
99
99
130947
99
99
371800
99
99
99
134626
99
99
239341
99041
130828
99
99
99
99
41050
99
99
99
99
116087
99
99
99
99
99
99
230633
48683
99
99
99
99
13461
99
99
55726
167370
99
80
99
42280
99
99
99
62282
99
122571
454839
258382
99
425678
128814
275224
99
99
99
99
99
91912
131807
99
43030
99
99
239521
99
222177
99
63216
261675
243892
428158
99
99
99
494419
1534
289125
99
99
89
205161
99
147455
99
282719
110212
99
99
332362
99
99
99
99
105785
99
532855
223192
99
77748
99
13764
68208
72039
237713
99
83349
99
60687
99
232562
99
99
128725
99
99
317666
99
99
99
614
99
95
99
99
6319
99
149341
97
31957
99
99
17057
99
351077
142181
364857
99
2734
99
584803
98172
99
367576
21726
283905
99
99
99
99
99
99
99
271138
99
994
32982
204565
99
99
99
99
281292
99
21228
99
99
401587
111679
26159
99
256322
464
106835
32196
104521
99
77310
228759
99
99
99
24009
398924
233031
99
99
99
99
170351
242291
99
99
99
305248
543121
99
104023
5337
99
247461
99
99
99
99
16923
99
7039
6925
491
20747
99
99
98923
99
99
99
40772
99
99
2827
282508
53
23796
99
52496
99
31338
99
99
99
99
98
99
18118
11258
99
163977
99
290655
12744
99
206348
99
99
108203
99
99
94546
99
99
99
292515
563865
99
99
286561
99
153208
99
63257
62115
99
109656
95
65857
333194
99
381909
99
169407
52719
7988
174651
99
99
99
22498
99
286382
86498
99
137439
99
46050
136246
27032
29538
21131
29813
89305
15075
99
265746
40941
28748
17873
99
99
79
99
99
99
99
149629
234185
241047
473557
108401
99
99
99
156514
99
164944
99
99
75478
21812
96
32500
180510
99
99
99
99
18694
99
99
51904
149981
99
151686
136765
34319
4036
16293
12358
114555
252789
99
99
99
319382
99
480129
98
96330
88082
307953
99
458531
99
496911
116306
210430
99
96
99
42879
99
99
180274
463891
99
99
261314
103741
99
27621
29526
134073
99
99
239062
99
99
444659
81799
211550
99
202930
5373
99
99
99
99
99
529012
99
99
195250
99
3755
175915
330500
99
99
99
99
99
15848
99
38704
120510
232000
121269
165677
435874
98
99
785
84133
99
99
99
99
99
99
110572
126801
31136
219045
80441
99
99
19816
99
23452
99
99
126081
73420
93
99
31446
99
112411
99
99
99
13845
99
31133
99
99
99
99
32960
99
185344
99
44371
419054
99
300813
99
99
99
3340
359920
11520
99
86296
69637
99
99
73933
41800
312714
251892
99
437655
302597
99
99
99
99
99
330550
99
99
137000
99
99
166609
99
244220
54910
99
380697
26103
51695
532224
99
99
99
510402
289452
96
99
99
209947
14509
157236
99
99
7662
99
99
10380
20101
155639
33259
99
352813
18453
99
99
207915
99
99
40638
171438
99
288994
99
99
99
99
99
99
223569
69722
232085
99
167756
99
531146
99
58209
99
99
14516
99
58513
400787
99
99
99
98
8227
99
262634
223026
99
99
321327
99
55692
207858
342472
19524
99
152747
99
340877
99
47066
99
181899
99
99
99
120570
213502
99
99
99
256146
99
447737
99
62641
246723
253964
239411
99
99
99
21317
444559
99
366153
137149
99
99
99
99
2474
99
99
408648
205397
188971
5335
356030
346896
99
172531
99
99
274263
99
99
99
322212
99
99
188784
5823
99
99
219232
315417
99
99
99
99
175181
99
99
7073
99
190383
335299
80168
99
183690
99
99
99
99
148685
99
17631
99
443710
99
25700
279866
5643
193349
95
99
99
8206
262599
99
396810
4651
98
137005
98
8864
99
67913
99
99
99
87
99
174966
99
99
284415
14877
143004
99
99
99
99
356968
99
239779
204520
286654
9166
119102
99
775
99
99
99
125073
99
183499
325817
11123
99
99
99
99
99
2124
62490
474816
251838
194965
99
103764
99
99
99
99
99
99
187651
289172
99
11168
99
99
99
417
99
99
99
175717
99
99
99
94
99
99
16875
56502
98
307144
99
13242
171102
99
122429
551354
400451
483163
99
99
27539
13504
99
82027
99
99
99
99
370061
99
39116
99
99
99
98
99
99
99
305059
99
99
95867
99
29139
54390
533361
99
292342
5255
99
99
99
377568
99
99
113978
176565
190654
99
57576
128755
2076
117546
74002
99
207410
184568
99
99
321508
8469
16843
99
99
11030
99
99
40395
164397
247338
487485
53843
271668
177503
192390
147053
262286
24819
98
554052
411617
8261
99
19820
99
81447
74693
5193
99
99
281235
6783
209208
99
99
179260
11389
99
231364
99
99
303893
44943
133965
99
402802
99
99
302871
99
99
99
99
99
99
99
99
90070
99
187721
99
99
99
99
99
99
352094
11986
148696
99
99
166891
20281
205951
10110
269168
9973
99
20745
62522
105868
99
99
99
99
101151
29089
99
90283
99
99
146953
366618
41618
357707
99
33814
99
43777
99
21703
99
239653
28819
99
99
135823
3235
99
172096
103861
99
99
23940
99
126780
99
99
175112
274249
59745
99
62947
99
99
99
99
442
99
3891
143176
59825
220073
186886
264145
135968
54316
99
234188
99
60624
99
2077
29338
99
99
99
231109
99
38899
99
99
5091
86044
99
99
150278
782
99
99
377993
99
5105
90061
178467
103211
153722
94975
99
99
99
231374
77377
231480
556168
91195
99
377079
72784
67414
99
44716
93
276556
311404
99
350751
99
34322
188436
71370
99
99
113249
99
99
99
179186
286165
99
95205
29529
99
99
125566
99
193585
99
99
99
99
173109
99
99
99
306117
99
99
186946
99
302438
96821
99
99
433264
99
99
99
35731
106477
99
99
73906
99
87047
58569
99
253538
99
99
46651
257368
99
24213
99
411822
2181
22791
99
99
99
131372
99
99
87677
17166
132686
443732
99
99
99
99
99
189302
59463
97
505580
274434
99
358960
99
99
99
212910
99
98
99
6582
120714
242467
94350
99
179677
99
303598
7280
98
1637
99
99
99
451251
121217
11529
99
99
12935
133924
99
340066
99
7419
99
11438
221282
112592
999
34998
425727
43096
99
99
165974
99
99
93
99
99
99
13196
139969
99
99
439612
99
99
228235
28622
72099
99
106768
99
99
310513
272091
99
99
99
99
99
99
99
98
99
99
20890
142536
99
99
99
99
213730
99
99
3406
281881
99
99
99
152496
187382
331363
99
97849
99
41238
51646
69714
99
99
99
99
18537
168235
99
160561
51239
99
330718
125312
74821
99
99
99
99
99
99
99
124009
99
99
99
258178
99
91703
418374
125282
49436
99
99
123979
59937
99
41450
99
99
115698
99
99
99
99
99
99
209719
98
99
99
99
482255
11593
20602
84799
99
99
99
99
99
396989
99
99
96370
167452
116125
99
99
143284
14559
99
99
99
99
99
240667
99
346835
144469
99
99
99
40897
99
17714
99
99
99
19775
99
146409
10200
99
254712
99
99
99
99
99
51207
99
99
99
422047
99
99
99
99
363703
99
99
346374
99
99
99
99
364492
99
89004
99
326678
36272
99
45698
99
314771
27820
99
221997
392077
99
97882
91010
162322
99
412221
270609
99
21950
99
245769
99
164532
213395
99893
382851
99
99
99
99
103109
99
99
207727
240146
259575
99
51441
44461
99
91536
99
15200
99
99
290213
47888
24005
70493
99
151480
99
99
41326
193842
99
99
221849
13768
40540
99
99
381913
455610
99
99
99
14198
99
86489
254922
5079
90020
99
21343
99
99
210919
99
33128
26026
99
99
99
5654
99
99
99
94093
99
99
15128
99
99
153822
94
99
99
99
126184
99
14734
99
34800
99
99
137941
99
99
99
486309
99
126593
99
208160
133841
98
25044
305193
64011
99
7827
141333
93489
99
99
20027
79531
99
99
62641
99
99
99
72570
99
153142
113400
241213
99
126151
16468
99
99
99
83904
39710
99
99
99
99
99
123922
404461
397517
34031
99
99
99
30854
99
99
99
99
21394
5798
72911
9
99
120282
225649
99
87862
99
205101
70779
50368
53807
42138
99
99
99
99
122702
99
47735
99
99
495032
99
82835
99
200768
332388
122697
148941
99
123129
148686
13574
254930
99
48955
99
194502
98
422095
270584
99
99
99
99
99
225222
531
99
99
99
99
99
99
119103
99
221022
99
99
99
99
29366
584309
99
99
4170
99
99
384443
20395
99
99
481565
99
99
63935
19104
48381
182819
56937
357497
332577
99
155041
28216
99
413101
99
99
51825
9505
21532
98
98053
103155
93369
96367
181242
99
99
99
125211
99
165087
99
72
186503
99
31383
373047
81032
159239
1986
99
64960
99
433668
99
99
99
387298
99
184300
99
88711
99
73539
349552
91912
99
97595
99
103625
68517
99
153498
99
481758
5981
236307
99
99
39263
57260
17057
99
99
480868
2384
99
99
99
99
78833
264622
316564
99
303356
99
99
99
99
99
80843
99
99
99
21330
99
22672
99
79755
3342
98
50160
378174
99
156631
99
126584
63701
99
70697
220809
99
99
1260
62897
99
22664
41423
99
99
99
1780
99
31401
374556
99
99
99
99
448501
99
99
353801
99
99
70785
60868
3945
464686
120716
99
99
156939
99
99
42580
86203
99
63059
172385
258968
106060
99
139894
503
99
99
99
99
99
208808
99
99
297063
375909
99
99
171030
258004
118243
51910
99
99
99
26235
158891
99
99
99
99
98
3181
96598
99
99
99
99
99
99
14992
99
99
179264
29097
99
96048
273600
99
80388
99
17415
99
116763
99
99
99
22128
361479
99
67093
34218
44262
99
99
349445
19785
291426
8320
109607
99
142727
171489
443376
99
179831
99
99
200172
99
99
99
99
99
88609
99
72911
99
99
208001
115344
99
126357
4990
172971
99
258726
29373
301920
99
10815
99
118678
55982
312247
371383
330390
328606
23733
35369
101476
95
95698
99
99
99
79
6421
73291
99
99
99
99
99
99
497179
12253
99065
205406
232923
380957
16327
80496
450632
99
371229
432565
37434
428662
99
99
99
99
377133
144542
99
112622
123810
104769
34543
651
41833
18618
99
73550
81934
99
99
400432
4551
99
99
99
99
59371
99
99
187458
46994
99
7135
99
99
20433
58568
54110
95
469583
99
99
99
99
99
99
57449
99
99
230373
99
99
99
99
99
99
60022
158497
449318
410212
99
7782
99
12031
494161
53850
136714
52743
99
99
768
99
179221
99
154064
99
169884
21400
354389
155718
13497
99
99
104259
99
22503
99
17128
144138
99
498221
99
99
99
70899
93647
99
99
98
287358
394428
99
485423
94853
436132
181362
2366
221339
332246
99
34805
99
59477
90330
99
410610
47831
99
99
26955
48708
245147
416117
99
99
233072
149799
29096
4009
99
99
99
99
180034
49433
99
417305
99
98
426733
99
1063
99
99
99
298929
99
99
99
264294
44764
99
103084
358202
99
41681
99
342545
99
99
99
93901
288400
99
99
100412
99279
99
303859
9760
99
99
99
207478
99
99
189895
8792
99
99
66081
72010
99
99
99
99
99
99
51600
34146
99
99
51332
99
99
9
353985
99
107186
98
99
90217
99
99
128569
99
160434
371665
99
30071
7032
44895
44742
233309
99
99
99
99
99
99
25743
383846
99
18926
99
99
430148
37338
99
1392
50553
99
188763
215575
219337
6818
7652
20536
151273
99
99
99
99
5783
99
99
99
127617
57774
29060
262096
8946
99
84419
60393
99
103291
99
99
99
99
3657
99
99
21446
65962
99
461854
230443
82767
99
99
99
3982
208463
231946
99
99
99
99
17990
163312
99
99
99
99
71783
99
99
8892
99
48198
99
99
77231
99
99
98
56698
21651
325419
99
99
201987
478287
307769
99
483756
13620
241133
166406
21576
558510
11650
99
99
196453
99
65
99
515379
99
314023
99
99
99
37427
99
771
82614
186199
99
214252
99
99
128731
77661
165423
211281
67
99
5457
333734
342232
128240
98
99
593396
93108
99
150765
99
99
330648
158877
99
99
99
99
150423
3492
99
182770
263128
99
99
289495
99
99
93908
37127
99
95610
99
99
78340
42931
99
1028
99
17950
165117
99
99
97
99
329126
74886
99
91700
176786
166137
73554
99
21198
99
21772
152163
99
429136
18559
99
99
7666
22468
99
99
247711
99
99
92918
99
236956
234838
142429
99
193642
277292
6174
15439
99
147187
441743
99
466283
46311
86127
99
99
99
99
99
99
99
5640
99
54154
63010
101383
99
285995
99
99
972
86751
12112
99
25590
19838
198391
99
27575
7056
99
99
99
99
99
99
59983
142543
195714
99
99
100689
99
21618
262411
143495
64698
99
99
99
43267
99
135187
99
99
277688
99
95019
99
99
99
73050
99
99
99
238479
10437
36862
261556
1729
99
99
99
32499
589
30773
99
116817
99
135766
99
36208
280
99
99
238567
99
99
98
99
99
2240
99
99
467293
12365
99
157184
99
139380
86476
99
99
99
81249
68001
99
99
281855
