99
131646
51835
184909
1742
218856
99
99
99
99
99
25005
99
99
99
68950
264835
99
99
7584
99
99
149751
99
85058
581543
533993
302185
99
80364
195
710
99
99
252274
99
39108
45012
99
36298
99
99
125309
99
194663
99
99
141889
99
99
99
99
99
438769
99
21846
372655
360143
306022
28076
99
99
24752
99
99
3567
99
47636
99
99
62353
91
99
372747
33943
57884
1694
263116
99
57099
99
99
65645
99
135200
99
3832
356431
99
249812
122486
5424
12376
99
99
99
99
183212
42710
151659
99
99
99
8701
99
300645
159840
123534
99
69248
182842
149504
308483
99
99
99
99
214167
185351
99
99
99
36784
235544
277350
1135
99
1077
99
79036
99
99
111312
99
99
99
99
99218
99
99
7553
99
99
100523
73852
99
99
99
34433
14762
25235
20515
78362
99
267758
99
17221
38642
31731
99
99
55420
156902
309069
161531
99
58476
99
27349
10505
99
84281
87940
99
86482
99
63750
99
99
102690
99
35153
3687
99
46058
138457
250692
99
113811
99
208275
99
99
11953
98
2462
52009
237096
90871
209142
322844
275357
50286
99
99
93624
99
99
99
285604
149563
99
99
99
99
248840
98094
26862
354912
99
99
68911
7442
99
410238
99
99
55858
99
203648
99
99
55603
126454
99
298956
99
23075
178410
146793
485049
198614
7058
99
99
136500
99
43325
99
64859
99
99
167712
408256
335858
99
281506
67064
80237
55033
42793
224895
99
99
99
9564
99
99
54541
99
268873
99
99
99
365335
203777
99
129687
99
99
120507
99
73386
99
99
26736
99
20190
276394
30754
15332
90917
99
358192
99
99
193744
153391
99
99
45010
105247
99
4226
29602
99
99
112987
457598
99
79628
94791
99
99
457776
99
99
461141
478
186931
99
99
99
283043
523016
99
99
99
99
81752
99
99
99
99
381948
119532
148307
99
475230
33162
175220
99
31704
99
13073
99
99
129120
99
3698
99
209696
99
61692
270153
183609
99
99
99
392915
99
99
64054
580521
419941
99
99
14406
8249
33188
99
18085
283486
2788
99
99
317506
99
111647
99
307203
481512
99
99
99
99
189258
44484
44714
171596
340445
99
99
30051
265773
491649
28957
99
169142
99
99
89578
99
205184
99
99
238995
99
73278
299194
99
99
99
113524
91664
280745
13422
126457
99
12677
15922
55963
121097
192610
48106
99
99
99
301787
77793
327748
99
60419
27431
99
99
99
99
99
399719
75365
96
99
12704
99
18945
321542
38
99
99
6017
194832
99
99
99
99
160741
99
131783
9463
77463
23055
99
111886
46137
87
219119
67700
99
46529
99
63402
99
99
225160
99
352225
36951
99
99
99
99
162645
10092
248225
35878
99
99
99
213636
99
202615
99
194591
99
32861
99
26848
99
100919
199932
99
99
430686
99
18377
99
537661
99
99
229034
15110
504455
99
339737
22003
10142
33505
99
112510
84824
99
99
42919
3074
99
28981
1905
30862
197658
99
215
99
121751
44983
99
99
99
99
99
383010
99
328740
99
9277
99
99
99
194297
230874
99
99
141214
99
85388
99
99
1103
99
208284
99
148500
99
50930
12021
99
99
99
207800
255214
232960
209448
99
78510
437921
99
99
99
99
99
99
100409
99
99
44551
99
99
122723
225519
99
99
99
178513
190380
99
99
100080
422300
75723
99
528424
99
99
99
99
99
15567
22454
99
99
64916
99
17225
307564
99
7150
177871
99
3103
531920
320094
99
99
99
74610
99
99
129822
99
99
97
42705
190748
288855
7104
99
282470
289048
98
99
99
7404
281865
99
99
18512
99
368362
98044
81
83919
442676
273176
99
14955
99
244454
99
20145
99
99
585353
99
98
99
99
99
99
99
99
82116
46185
154892
15817
216255
462280
99
99
99
70378
424290
99
78314
9408
404232
99
99
207925
99
274645
111027
293977
99
99
249431
342261
185643
99
99
99
99
122278
214757
99
99
99
99
99
99
99
141111
274905
220813
99
16510
12005
202447
292135
99
132476
99
66330
99
99
99
99
99
99
99
1493
493987
394181
91
99
99
1396
182329
99
64075
99
99
63359
254575
99
99
274721
435724
99
60928
251585
397
148069
89566
21658
99
9079
99
11670
43744
99
99
99
269436
246492
99
18562
99
99
99
99
99
1597
280
128826
99
243110
107706
99
223688
420962
10722
338808
99
99
99
99
214983
206914
99
99
30178
99
47745
99
99
2813
99
99
377957
99
99
71775
91830
99
67679
99
99
137180
44815
99
99
99
99
178775
99
128742
29
143238
50093
99
77521
213088
99
131843
211384
197706
99
99
18027
35600
99
99
90545
99
99
28814
38063
99
300848
98
99
209978
231090
99
99
99
130153
99
99
96183
99
99
145006
99
144849
341826
99
99
99
99
99
99
99
99
99
192170
99
14103
8804
20488
99
290972
15720
99
112136
133006
99
3901
475572
99
99
99
164463
99
61165
99
263641
99
203595
10361
99
80331
22578
99
115486
225660
147516
99
79260
55272
217818
99
45508
99
99
99
72063
198736
99
106720
251014
401125
190406
99
291204
192195
99
17409
99
289014
99
228223
99
26831
6335
157258
472321
99
99
261066
588530
298344
99
99
99
192879
22924
31559
64922
208271
99
411739
99
99
99
106340
99
99
87472
4950
99
99
326391
99
99
99
99
518145
99
99
4053
99
99
205234
97
100118
179022
99
99
99
99
99
68431
11266
364031
276712
99
67401
99
99
99
183933
377
153570
99
99
99
333965
99
99
1120
99
99
99
99
99
167089
178477
41193
37419
180376
99
96842
99
99
93092
99
99
99
89943
99
99
99
99
99
27542
72146
99
456491
133891
37227
452616
118695
99
99
6262
245855
42131
5614
161079
59749
99
99
99
486197
33478
21155
126605
101686
99
380323
253505
99
18047
99
300378
99
99
99
247596
99
99
99
109568
65332
119983
99
69996
126640
3766
99
541085
148459
106539
99
99
242200
142442
91752
38648
99
99
267971
99
99
99
99
98
99
99
118084
99
63896
154711
99
346364
48073
99
99
99
99
99
259114
213422
80140
99
24364
207494
99
98
434768
99
99
61360
99
76713
521708
99
99
99
99
99
2433
29744
13637
91
99
99
215816
328201
250467
99
99
99
140558
161269
134316
99
99
233046
99
33970
99
124335
8751
99
96
209221
276490
99
99
105381
149092
506911
99
99
99
150924
99
99
423308
473299
99
99
332232
98
99
25141
157840
38365
14442
99
364750
99
99
99
394442
99
99
99
50780
164361
83957
99
186220
99
17349
351055
55472
99
165735
195080
99
207237
99
99
136506
36383
91729
154277
99
99
99
99
99
99
117288
385732
95
57143
211063
99
281363
99
132047
99
146674
20092
99
99
173133
94
381494
19049
77969
202731
182062
62970
364395
99
99
99
74615
309324
437611
440356
99
83028
90563
99
295784
155653
99
214150
17184
62091
680
24846
160912
99
142553
1152
99
99
99
99
99
6118
99
99
99
99
99
369287
99
256094
99
99
99
99
19402
99
99
99
312305
197612
279873
99
99
194994
108017
99
360734
163144
80020
147233
123512
170791
91509
99
481312
19515
99
68797
221609
99
99
218004
99
384873
99
175361
99
99
34676
99
99
77164
166579
80142
402457
62308
99
46514
227246
197508
99
105036
308526
99
67634
472382
99
99
99
99
22116
99
99
99
99
99
46860
43019
87735
99
457062
173834
81631
121102
410768
10093
305235
338869
99
37858
223842
25763
99
99
90990
99
10095
99
99
99
99
170874
39299
82808
14917
99
517180
414621
48896
99
99
99
88250
99
109606
99
99
199277
277119
98
35677
97413
99
443799
99
34547
98599
84273
253216
99
124838
99
319920
201711
99
233255
6099
99
99
354535
452557
99
90050
99
72613
99
49907
99
99
249127
11991
99
218085
99
99
238377
2697
44206
99
373313
28262
190080
1307
313744
99
65246
99
33589
99
99
99
327148
99
180648
132473
28543
99
38233
99
32005
99
97
99
99
99
99
99
33688
124540
99
99
99
99
99
550250
108948
99
99
99
99
99
99
153044
99
99
99
198400
99
337584
504591
293589
99
99
30829
99
228495
53962
99
99
306458
67106
99
99
99
99
61
99
99
28814
99
239828
9330
99
255477
93985
99
99
99
99
102718
99
208733
317324
308973
99
121570
99
71035
99
99
99
99
620
99
99
169008
372372
128685
99
105354
541864
99
99
294892
99
98
99
198749
4361
13796
53659
15664
100519
143411
255694
99
58160
258979
99
99
10229
99
55501
71151
214319
99
439467
183168
94
539797
99
99
9245
99
99
99
8794
246357
501211
99
255676
99
99
137305
7277
99
296131
22794
99
99
99
99
34421
99
99
31199
99
99
122698
93828
99
99
99
99
99
593
382883
99
8950
272682
24614
11493
81
20311
227263
131050
99
99
99
499290
99
99
105443
99
99
198447
99
390671
25026
214279
99
99
253223
42456
99
99
198237
58612
391514
99
99
95061
99
99
27080
99
26225
99
398413
467522
52642
99
99
99
18316
99
99
180567
99
10028
99
99
194184
248706
433823
99
99
11626
99
95248
99
49789
624
27478
99
114496
99
99
99
46162
18041
99
99
99
373220
99
99
99
39748
99
99
99
367072
99
99
349352
99
228823
99
98
99
194435
99
99
542158
98
99
99
99
99
99
83688
99
39810
99
139686
319298
99
99
92418
99
25081
99
99
99
99
57045
68030
138054
99
243849
99
92245
99
99
99
99
99
67249
46231
99
429353
99
17515
93
5703
121973
99
130533
99
26827
99
31923
99
99
99
375817
2289
191002
124250
99
99
99
99
99
95098
99
99
99
83038
49722
99
99
290795
395415
99
155648
20994
99
99
18866
99
99
305781
99
111606
81217
99
106242
284006
99
106301
275979
43548
57222
72347
99
99
48704
99
99
99
99
99
99
300727
57067
99
61200
83509
99
94946
99
29830
10050
520077
99
20510
380426
99
22094
99
99
99
99
99
99
99
99
42963
217355
52226
18686
497631
99
121872
4731
296177
99
99
99
87086
121535
244022
99
99
99
87728
99
99
191347
99
99
75933
7450
99
99
91047
99
150704
224866
99
212351
362548
99
99
146257
288430
99
99
99
110473
99
99
99
277643
99
99
2010
65779
396447
99
99
59556
99
166703
99
99
99
199118
99
72814
99
99
99
289553
271925
99
99
99
99
99
206906
566155
42586
99
60337
99
99
99
99
99
99
99
63971
240638
99
27252
83078
99
77184
99
99
425721
99
99
437152
99
202326
99
33182
99
525721
388465
99
99
99
99
92570
81
99
24939
99
99
99
48277
59793
2103
887
99
287301
99
99
79018
2785
99
434319
99
113849
99
436789
66707
99
26161
99
32594
99
453429
99
5791
99
34063
99
99
310137
99
99
99
99
67605
99
219273
99
99
99
99
270955
99
99
99
99
99
3409
320968
123609
99
378250
99
99
292993
170545
234618
38067
99
231987
99
85361
99
99
99
6797
99
99
93425
99
218950
186281
54832
396404
99
585409
99
26471
8346
28187
26204
99
99
99
99
99
3984
99
99
99
97156
99
99
99
69342
99
193811
214836
99
99
310722
99
99
36599
99
294979
99
99
99
108782
27415
99
3580
99
83370
161262
161798
99
99
108122
191709
99
99
99
99
98
99
409040
243014
99
92
83435
99
78154
243375
99
99
99
99
99
99
99
568143
99
318152
105773
333854
3990
359189
99423
99
99
99
99
12810
99
99
364762
99
413666
150429
99
66457
262568
99
194402
191708
99
293522
82392
99
99
119666
99
283054
99
99
27577
97
606948
170495
99
99
87314
99
99
9012
99
99
99
57445
12818
99
99
18530
99
99
518654
9877
99
39
40248
54907
565227
265502
99
45807
90277
343867
99
108989
120111
102519
99
45714
64565
101714
99
103821
265709
99
536617
99
99
383815
125400
8087
419978
99
345952
23042
171620
99
101900
91211
99
99
117115
99
99
99
98
373078
312743
564739
272095
99
99
10730
99
2128
99
99
126276
47967
168148
150471
99
238467
1849
392720
99
287017
160486
99
392072
92
210408
99
99
99
99
227188
271718
99
99
294725
116521
495826
99
99
8655
178054
292698
271118
99
96290
99
99
98
99
6025
99
49364
99
107924
110775
49369
18386
12543
283424
99
99
99
54295
34122
89914
264687
23137
99
99
247080
79548
38424
387206
98
98
99
297105
381643
99
144379
99
255159
205558
250257
311335
86
154978
20174
99
156379
99
99
99
87290
125112
379366
99
195581
99
8078
99
99
98
99
244262
209767
32741
82120
99
38101
25397
99
99
99
99
99
99
524056
98
31799
99
99
140568
99
99
99
99
99
247729
99
161138
99
99
39236
99
99
128205
12990
99
99
309969
99
99
99
135754
99
24277
99
44725
99
5973
99
1888
87982
97
221861
29109
35273
195377
99
6088
99
99
149012
99
212137
111984
99
401
99
99
288802
295498
98
50818
95498
869
510
99
14238
99
99
99
8512
99
96027
99
99
95824
99
99
86861
99
99
99
99
99
160921
99
99
375849
99
382094
108967
23327
131050
294333
99
392260
144314
99
99
148065
91411
99
99
99
99
156570
137382
14162
99
99
30900
99
99
99
99
45998
99
215514
240467
99
30061
99
99
182376
99
99
99
10473
186541
99
99
178129
238749
63641
99
99
103227
99
99
99
111940
99
99
99
98
99
142481
99
459750
99
331837
130058
183511
99
99
99
231812
169765
99
171795
196912
49512
99
366221
143008
17747
99
99
98
345351
99
53790
99
114250
185202
31384
1284
270558
99
99
99
99
99
24102
288563
99
99
105188
98
43378
99
112183
99
99
99
99
99
23291
128017
99
99
99
58095
99
74931
99
72616
494012
126390
99
99
99
99
99
99
99
99
99
312341
3743
293651
99
574523
277443
440005
39300
99
61022
99
99
99
338382
279805
42400
99
6716
99
99
99
443120
227087
99
99
23882
98
99
99
47914
99
99
99
99
258080
99
388935
99
99
56806
99
99
99
186660
82757
277393
354700
99
154768
99
99
163783
338074
99
483287
99
13070
138040
99
100557
99
99
370147
99
99
125343
382418
54039
20708
99
99
324234
99
244069
215174
462479
99
377645
381420
223732
233674
99
375235
6444
99
99
8085
278617
98
99
99
99
128280
99
99
99
99
39649
99
99
99
99
99
99
199907
99
99
99
404822
99
245766
99
203094
48015
75963
391332
360765
99
99
99
64302
134751
97
39068
99
316107
99
99
29695
99
99
99
163600
207804
245340
99
99
33445
99
13328
132134
99
67971
23493
118839
99
16343
99
99
56788
99
749
227858
99
1465
382407
99
179855
99
99
99
99
77335
39290
131846
99
34840
337349
99
49391
265852
99
99
99
39478
99
75759
150945
99
99
98
528965
126091
99
99
99
99
200648
99
99
99
99
99
98
99
99
21631
13568
90950
328885
99
99
99
99
9675
251625
58978
99
13184
162418
99
197764
99
431
98
99
99
47793
280761
567410
432735
488382
207104
99
99
224471
163108
295130
9152
99
99
99
99
99
99
131471
438133
99
14616
82884
151781
99
99
99
430524
99
99
99
99
75341
3062
363293
99
181004
2557
154039
99
99
99
92546
29709
99
99
99
99
99
215832
99
99
205091
316900
99
99
114526
99
16926
91
21398
27766
233471
99
99
99
99
99
51151
280266
69210
81869
99
99
120060
99
99
82639
189184
207570
121317
86882
99
80
11643
144145
99
99
99
99
107144
99
99
521203
44528
99
221448
99
5222
99
99
63804
99
99
284338
104131
99
94392
65170
36783
222272
99
228260
108310
370970
99
281607
97
52463
6584
182751
99
99
32138
250326
99
99
99
99
99
99
99
118537
143847
453006
232020
99
32398
157987
161058
317445
11530
118724
90860
99
99
99
250816
28095
99
99
191571
99
99
338527
99
99
99
69522
5398
135220
1623
99
99
99
308752
99
99
8777
99
415292
99
11896
26504
145890
27433
400032
322867
166783
99
99
99
99
167021
99
262835
11229
99
99
92190
119004
46787
20705
269697
799
99
99
99
13013
41387
378363
99
104636
99
99
99
99
99
99
331571
147399
99
99
405711
72128
57421
228993
99
129664
116337
99
99
65609
270242
261449
99
42551
99
370794
99
13481
139984
99
99
99
5569
11376
99
99
99
99
103203
99
99
99
66279
5713
90575
99
390634
99
99
51832
140247
99
45813
456988
18295
254191
130143
335045
99
99
27930
1086
30721
99
97
43360
96513
99
106425
99
99
60968
110835
99
99
99
99
48356
99
134582
364480
22895
2181
99
890
112339
417093
44515
99
45420
170533
323937
98
99
99
256084
98
99
160097
119007
99
99
99
330512
99
99
179621
143781
293783
63125
39913
99
190544
31056
99
59736
99
99
78872
99
43286
99
106889
99
73467
298146
105949
117124
54662
99
99
1527
99
289276
99
397506
99
18857
99
107550
39855
41309
76843
99
69588
99633
52880
99
209247
99
163357
99
99
99
245893
99
99
192987
99
99
232090
9251
423500
12231
99
321058
99
15434
58530
99
2315
10329
73567
330649
97
99
69601
99
99
706
251806
252194
35508
99
99
99
99
27339
99
99
88021
99
153940
157210
99
99
29473
92268
99
99
99
307828
99
182097
99
513481
53235
8746
218956
99
8495
91149
14380
98
99
99
139333
137172
52446
9497
99
99
138382
9735
99
99
186697
291647
99
203017
99
99
8531
99
99
250469
99
92
99
287240
99
99
323061
99
99
59069
237041
153580
94720
99
699
128920
62170
408744
99
99
99
98
254098
173704
13555
220377
98
99
99
99
165586
99
95369
199854
112919
99
142142
99
95124
416224
99
99
7218
310864
99
99
98254
99
27645
98
99
99
169453
99
99
278660
99
99
147320
99
71226
99
99
99
99
99
99
99
131537
99
20457
486421
2648
99
47463
52340
32360
15426
75695
160329
7814
99
99
99
199667
99
99
99
99
286427
99
212461
99
105040
98716
99
99
99
99
3786
99
460170
99
99
313707
99
83151
99
33074
99
211911
845
61476
99
417725
99
99
172843
95
99
2415
177831
99
375903
15946
223838
99
10390
99
38634
99
99
99
223542
99
98610
186192
303933
99
205082
3646
40590
99
44154
135980
99
436588
99
72351
272499
99
99
225745
49028
99
118541
147099
99
333814
47533
78470
455700
371767
99
99
150512
47
79919
11677
452912
443566
362963
99
2950
98097
99
99
35269
256880
99
330358
99
99
469448
99
130951
84137
99
99
99
489615
71875
385844
99
230267
99
99
109019
99
36773
434952
99
99
57098
99
16273
338117
99
99
107111
71660
161678
53796
99
217263
99
99
99
139526
99
3663
64443
213164
133769
41786
99
50318
99
99
99
24134
158955
99
99
99
99
191294
82719
467065
14804
18848
99
175596
46988
99
99
7523
50709
99
3983
333533
116300
9711
32
340784
154238
99
318905
99
384755
129850
99
99
99
99
4577
99
99
217454
99
99
99
99
186402
551792
45039
98
99
29335
99
8759
99
5318
99
23365
106991
99
99
121778
139239
99
99
99618
99
99
46796
184361
27381
99
99
310744
44724
2701
209976
99
99
138735
68660
221621
99
236116
99
88476
99
99
99
99
97
168620
239169
234731
8607
99
376768
94140
289404
303121
52034
85151
154073
286086
99
99
99
99
98
99
99
130311
408469
99
42341
99
99
179581
530340
38840
42548
99
99
97869
43742
99
99
99
362434
99
78325
99
81539
99
167947
53004
99
99
99
192269
225204
99
116234
161563
99
319599
99
99
99
99
99
99
99
99
401231
2270
237939
86657
113889
99
254201
10629
239259
99
99
222752
32053
3079
60165
221772
515872
11377
436170
1194
99
99
99
6830
99
99
99
203500
99
99
562487
68183
200904
326543
263142
99
99
43685
744
99
99
39325
480263
23912
31626
123760
99
126580
18480
99
99
99
99
99139
99
3590
99
13362
99
75168
99
318198
99
99
246618
99
217733
157107
99
99
218252
99
99
99
99
38338
99
99
99
102070
99
29168
265374
99
296252
156172
99
99
273984
99
99
201712
99
319247
99
243749
99
99
311645
99
17643
341150
668
45350
132996
238121
331016
99
181903
99
62183
138271
99
99
391094
101007
99
99
142553
14995
122004
99
426081
52652
37406
203734
99
98143
99
199083
99
99
99
99
99
4622
85918
99
31016
99
85066
15626
103233
99
99
82233
25781
98
375961
99
99
93128
99
191540
268373
105590
517201
99
368253
148615
99
99
239855
469196
99
99
58428
99
19320
13528
67546
99
214405
105699
278617
99
99
123087
99
99
534818
99
99
48238
99
99
99
416799
99
79244
99
99
99
135609
244773
99
60841
46107
377521
250695
344691
98
173526
99
99
99
25234
99
99
169365
8527
299459
155838
364092
34310
99
185124
225097
87351
30760
53630
98
99
305985
99
99
99
99
251313
536057
3026
259397
99
99
99
99
23595
369352
99
61084
99
563653
110476
105572
97176
227788
99
1683
99
99
2774
46639
99
99
28735
99
99
99
99
99
99
146543
99
268452
15347
99
25674
71206
99
126071
28222
99
99
99
99
16306
37230
99
365652
35195
99
88438
99
99
170823
98
99
210672
99
99
99
59443
408542
11495
99
143348
99
144735
355942
75432
145135
220
233665
22574
241655
42921
99
308579
99
364764
99
8776
99
4747
99
99
99
119315
41992
99
37491
99
4881
58770
99
104269
99
99
28651
283171
67997
59708
54917
99
99
99
249391
99
99
25178
99
6344
99
99
99
99
99
99
99
8018
73600
99
93502
99
99
348486
99
163295
99
99
289714
47
99
99
99
99
223234
3874
74062
113624
99
67575
86925
306699
95832
131753
99
99
381164
99
21713
99
99
22703
27111
258150
99
99
60077
99
99
21602
441767
99
16962
98576
99
99
127720
379494
99
365946
313441
375372
99
51266
270080
99
9348
99
139975
437114
99
26
441027
347830
236853
18130
288659
165203
99
462432
16313
99
99
99
99
56880
45330
99
99
2503
99
184665
124367
65599
217153
33010
15632
99
99
169695
99
10400
147104
27047
99
99
48249
99
146722
202260
15543
251272
1135
88019
97044
99
3114
18213
99
372057
392775
99
103351
99
92974
99
3437
243371
99
486526
99
99
51072
99
99
158790
118027
100046
99
99
99
99
29335
147103
99
99
99
99
302006
8368
99
35333
99
99
20102
99
99
87387
333092
57704
99
98
99
99
98
61980
354163
99
99
99
69896
172563
34177
99
67430
99
99
99
144295
99
76158
394955
99
99
193282
222
132525
99
99
99
99
174712
99
102261
99
34075
99
1926
89064
208706
99
99
39908
12977
119152
215386
99
99
136225
99
5965
246119
497626
99
99
134502
41604
99
99
99
369576
92
99
99
99
99
141445
287290
99
99
290497
99
216637
99
99
488198
99
132049
350135
99
99
31497
99
99
98
1312
99
67005
222233
154033
99
99
59999
9537
68825
151962
1915
99
123037
99
13778
77451
298
398039
433820
99
99
49873
99
301079
99
99
99
99
46399
99
99
344318
99
99
58534
264583
215376
399190
99
264902
290928
412519
97
93022
241537
4015
99
99
99
350765
74872
177324
158669
18467
43719
99
99
185553
14650
99
99
272392
99
99
99
99
99
99
43647
99
99
116927
99
1290
99
99
99
226560
99
267035
99
44377
99
2033
99
59335
99
99
70085
12686
41646
99
306823
98
99
139863
29159
99
17378
157639
99
99
13690
148800
255556
265398
4512
143344
99
99
52493
99
99
214239
459598
99
99
85972
99
261726
99
99
99
99
202726
99
56791
99
99
99
99
99
19790
99
3025
99
1283
30677
99
99
527225
99
98
99
17746
235898
99
427853
119093
99
96320
99
9857
99
307710
59303
14612
99
99
99
303888
335308
99
371417
99
33230
99
99
99
19379
69532
99
44544
30568
28204
99
183081
99
68662
99
11504
52480
439756
96503
169425
189459
99
99
9659
222255
354777
437882
247969
31809
99
99
99
342086
99
99
99
167704
99
99
438543
118821
99
99
174252
85818
99
273975
101268
99
259085
5117
47939
372324
453851
29602
132631
99
99
254054
99
99
171708
99
99
99
144515
60934
123686
118100
86703
99
99
57698
14778
292343
57190
110568
99
332377
12089
24789
129835
99
99
45181
112
99
99
99
99
49123
4486
99
99
17785
71662
99
99
99
99
66133
316667
286238
99
203813
99
52846
99
11127
99
99
105390
32405
99
99
196063
273856
108650
99
99
99
113001
7229
99
28342
99
99
264
99
99
181130
42439
393534
57618
17648
31861
100406
215185
99
99
99
361687
99
493513
98
107386
149745
99
19224
68145
155708
82342
99
99
199600
99
99
99
124784
509011
145641
168279
62659
85007
360133
39241
103329
172036
99
99
99
10395
9308
21609
288331
99
160300
99
249158
99
17489
21576
99
99
51069
99
99
156910
193501
63794
99
99
99
99
99
252579
31091
99
99
255614
68855
99
234407
99
99
99
99
99
104732
171124
107235
121563
39020
99
261199
99
37699
99
99
99
99
104995
99
63234
274729
89315
99
10465
2312
6084
99
1297
99
94147
312567
377166
221565
63257
99
99
99
602087
99
99
99
388
55686
218272
99
99
86560
60551
170189
99
99
407282
60197
174971
25110
469666
99
48639
18067
111095
99
99
138026
99
98679
585141
99
12682
37419
99
281883
99
99
99
99
242323
99
99
99
115702
99
12859
102138
150647
213496
122169
99
48541
99
99
247048
166076
99
105106
81931
397550
99
99
99
98
16356
99
213170
99
111063
98
99
295288
139283
99
99
13786
120703
416019
202132
8657
99
99
99
8107
98
99
99
99
99
79974
99
99
200533
99
99
216325
99
69925
99
155626
99
396030
99
76615
20666
10925
99
98
99
99
149590
99
349991
99
308074
43364
99
26039
19049
99
99
99
5141
33008
436115
98
24503
99
99
99
99
6246
106905
99
246732
32959
99
462018
99
178877
141109
99
97096
99
99
99
99
99
116112
99
99
99
99
99
99
11088
99
99
389090
474485
337783
6059
99
99
73358
99
255344
162131
99
3791
99
5898
295114
99
99
99
173133
99
44209
615773
99
99
24620
99
425295
48170
99
99
99
99
94069
99
454929
99
151496
99
99
219871
24670
173327
99
78035
99
300370
99
99
421707
40297
99
101693
142639
43105
232498
99
99
99
163990
99
99
143632
382688
27597
125106
99
99
381705
49695
290583
98
34724
99
99
491637
95
196851
99
307284
375005
136342
55267
99
99
99
408623
402463
99
99
581649
99
67788
98
99
99
99
128174
99
99
4008
55322
54760
120848
96
99
189707
238584
83952
99
114851
455679
1146
99
251573
99
8958
99
236531
261952
162213
269565
99
253830
115277
4486
268273
262235
265777
183341
454660
291252
24384
110122
99
99
99
99
99
99
99
4735
99
99
99
99
64942
7731
99
441362
26620
91021
313730
9627
99
172503
351286
5467
99
95
99
98
38797
357546
71758
99
175435
41075
86193
180366
99
99
99
99
86285
140394
69363
99
99
99
214395
99
20914
222918
99
99
99
99
99
99
99
99
124546
99
18786
1400
99
99
99
224510
99
19893
99
99
98
99
445870
22562
99
99
99
204088
99
264681
99
415597
99
209793
405496
99
99
509847
99
99
14816
333173
199956
357535
24616
239407
99
99
99
99
85290
99
260753
99
56418
445136
99
9982
166219
99
349716
98
13067
61929
99
172222
5040
99
99
99
28412
99
75073
99
99
337452
28186
99
99
99
99
99
99
151672
148274
203377
359811
10251
38070
178569
99
13724
99
178018
98
99
75813
275596
99
99
25885
315123
99
99
30089
87593
99
99
45255
99
43161
99
299631
151
6200
99
99
99
99
99
99
99
547277
114396
99
153078
99
221109
78852
99962
99
401300
551630
99
271176
99
523204
99
99
99
99
168240
99
102751
99
194723
153699
99
360694
272784
152219
99
71470
99
99
99
78282
99
273426
99
99
99
219186
99
148884
222137
99
12343
297198
99
183557
99
74035
7551
99
11852
10135
99
99
99
309679
99
99
236120
99
99
99
150656
2189
99
3629
23106
54787
75737
43656
40480
125022
293820
36740
14675
255492
90761
99
99
283607
98
33538
28811
462600
344884
70527
99
99
231070
99
15068
99
99
99
99
99
34920
99
99
403223
87357
99
119519
35107
99
12534
193898
99
99
99
99
99
99
99
256058
93092
99
99
99
99
99
99
17806
319747
229784
246368
262669
99
99
99
99
57676
99
99
97
696
99
78202
99
99
99
99
14035
99
255279
99
99
99
99
42309
99
37107
122483
80666
98834
99
99
99
194588
74669
99
99
99
99
99
33365
99
122903
99
75960
37831
99
52128
99
99
99
99
50177
394060
463834
27482
194825
99
192125
99
180579
99
99
35504
99
7713
5911
373290
99
99
7970
106884
77142
99
174277
263354
99
51424
10914
8148
99
99
400692
99
347017
101670
99
99
99
99
98
99
109537
99
280494
99
104887
16157
99
302478
329791
91183
99
99
99
99
107340
99
204954
7648
99
70757
99
99
99
57873
42439
99
99
99
174448
98303
28301
99
20434
99
99
276952
98
99
90041
313178
386888
243516
122200
99
99
99
14610
99
163974
78128
61663
99
19075
143617
99
99
70048
99
63977
180458
5358
278885
112088
7754
86198
111213
99
86271
99
279889
244334
99
99
99
99
75717
105129
99
135258
99
1239
20689
99
553013
99
137775
99
98
70666
99
99
99
83327
99
307090
292234
99
97493
99
77
99
314744
99
99
79507
43304
440414
151870
99
99
111921
99
309675
99
99
45259
99
11588
61762
321796
99
99
562086
99
99
369967
99
77164
99
99
99
99
99
112777
168289
99
39525
867
102765
99
98
79258
70318
8615
153446
1438
98
99
178687
87360
99
99
99
99
99
33197
99
56309
14151
99
99
509232
230647
99
99
369980
99
99
99
99
235997
99
58702
99
444809
99
86
99
51005
99
5315
148722
22859
480057
38761
99
99
99
20088
99
34174
137577
267328
99
45718
203950
99
182817
1622
99
131524
11774
219466
99
99
99
36322
99
44036
99
425658
60940
99
99
404123
99
262622
99
99
184035
99
99
98
99
99
93687
99
195598
99
166680
99
33291
24717
221702
99
99096
99
58153
144339
99
99
99
113983
71534
9602
248598
99
50930
351585
14568
205947
99
249486
99
99
210304
17695
429111
98
325458
99
34358
99
99
73891
25168
66875
99
24778
99
11037
127171
99
99
99
99
99
152782
734
99
99
10395
167236
404172
99
99
428233
152539
128296
99
99
30352
99
433054
99
100395
99
210605
344779
99
28050
99
99
99
27492
523622
9516
180532
99
99
99
35998
99
326449
99
7242
99
99
20599
99
99
365244
99
99
96
99
99
112787
329754
21059
99
99
99
99
15059
99
39763
149862
99
96719
45675
502449
99
156040
99
56814
99
99
97770
99
21397
99
7228
2244
120401
152250
51210
99
101372
316912
99
99
99
99
99
38028
186749
230
80746
49901
99
99
88995
99
99
14991
99
244648
39009
6659
99
166173
99
95895
49322
99
99
99
14393
99
371565
122874
99
99
584075
202549
40173
219939
99
99
99
136186
69006
24775
99
12544
7276
99
97441
99
83726
99
109441
99
19714
155067
99
99
99
99
31214
172476
99
66645
318787
99
180184
99
63616
99
99
737
99
207095
99
99
99
142555
16761
27656
140199
147300
23485
269104
200663
99
99
99
208949
99
109071
225349
99
12477
99
99
99
470462
99
128625
99
85156
15047
99
99
108945
216220
25456
139917
99
99
99
106473
99
99
99
99
95
99096
99
4675
552108
7909
18719
97
145247
305212
73
63042
99
99
99
99
7987
369435
93176
290476
187257
99
182653
99
135778
129922
259305
99
731
164524
99
355977
101921
114381
355700
55195
99
27123
99
125184
99
39419
99
112154
133905
99
47194
99
99
105392
94140
99
99
99
99
99
281948
99
54515
224173
26611
98
121864
64933
289195
148845
99
7511
99
99
99
336300
99
166684
57554
99
99
138294
354753
99
369773
148028
520474
463961
99
354466
78240
99
99
137391
14483
99
99
7913
211317
10221
23734
99
99176
98
99
99
4911
75935
99
514698
99
99
99
178285
196030
64707
99
11588
44492
99
99
99
99
99
99
99
99
99
176890
268317
99
99
447847
558841
178743
99
296526
8924
253708
99
99
130713
166167
95693
169752
99
99
99
7611
465690
99
134456
99
52559
99
268904
99
266877
99
401015
99
99
8956
99
233711
99
99
148943
90799
99
123597
463662
99
99
161409
68256
66157
72036
99
129574
192266
468168
99
184621
493698
41751
99
26893
99
529690
358597
99
366293
13777
99
31465
500066
31183
99
63176
94097
99
151546
99
99
12000
99
89617
539223
171859
281060
99
8869
183282
98
24071
99
47547
125896
99
99
282853
447625
99
1084
99
445920
22234
5507
99
80797
43605
99
92250
19475
2903
99
99
99
83657
99
99
99
67991
99
99
490819
29209
10141
99
99
99
184082
99
99
80643
89463
99
99
99
3687
99
103653
112103
22799
83861
99
99
99
99
98
14844
99
451617
99
204729
108322
344481
99
99
99
68486
98
99
180453
99
91420
33462
99
99
211091
38763
99
99
87350
99
313976
99
207892
99
134406
98
99
99
99
335225
99
264491
99
58200
491220
99
11957
98573
99
212097
99
94344
99
99
431782
233331
99
47646
341653
80649
89424
1874
134264
99
86108
284861
99
99
66199
99
81635
36712
482411
99
99
235879
99
99
99
99
98
274033
15551
99
390703
26248
277380
99
99
99
99
5525
48925
99
101603
152401
543907
334464
99
181856
35169
111324
99
46766
99
181170
99
149793
359872
99
99
92256
5460
56784
99
99
99
99
204946
99
71368
104235
99
99
80061
288800
99
353336
233609
99
6943
99
150751
99
168744
99
37169
47406
123393
99
99
47857
123871
224414
21563
99
14438
729
99
180534
364605
228884
42349
99
8502
209960
183688
78608
99
73802
99
107509
98
32982
99
421056
38435
99
45331
99
99
227412
99
46218
203288
190411
142005
99
185545
99
99
113395
99
223363
33396
99
10791
169715
228573
155172
54601
213035
484022
356750
242290
99
99
99
99
99
99
28539
197480
58862
203930
99
200154
108152
437924
99
51051
147829
99
99
99
99
74974
99
282959
99
99
13356
45900
99
394967
99
99
99
248677
400959
99
6563
161230
121607
99
170357
10401
99
99
98
99
99
82765
99
99
49724
9141
99
99
559637
120316
177335
141651
268617
99
99
99
99
32638
14876
36361
3461
44991
99
245515
99
99
99
99
99
99
99
99
99
14857
155168
99
99
285715
98
99
35747
99
99
161513
159303
99
99
164134
99
99
99
99
99
23426
71836
99
99
99
143576
27088
99
18317
256602
74717
99
99
99
310997
100141
316461
373661
159237
617
150896
99
99
208236
102681
78512
194177
161110
99
99
99
91005
99
99
323407
20175
99
309599
14674
239311
99
380474
87614
99
99
99
99
99
99
99
9043
99
99
343511
50091
99
99
84442
2269
17371
99
99
99
99
99
186223
51856
99
257277
37608
237684
10554
11116
8063
99
38593
107602
39178
52436
14489
1774
383288
101984
99
199796
202744
293665
99
99
290082
313503
99
202908
99
99
419941
330952
99
99
55016
99
19755
99
99
99
99
99
324836
15942
30710
99
104969
99
222872
122331
99
2424
11070
99
99
8178
403749
8042
99
25453
99
99
99
120160
99
99
99
133267
99
8252
99
99
99
99
99
158288
372271
99
6575
99
99
99
108724
99
35678
119413
284939
99
99
99
99
320675
484243
98
99
99
99
99
66253
99
99
505417
112473
99132
99
99
99
99
98
99
96199
45729
99
256944
99
5554
99
147673
194228
99
125940
99
99
99
167499
99
99
99
84454
185277
99
99
15596
64603
157637
368868
99
99
99
99
99
5097
31996
99
99
375917
99
99
99
99
94161
284920
99
99
99
99
98
99
99
99
99
421613
96397
329805
478430
9717
99
99
99
99
56544
99
289651
128505
99
216705
99
99
170623
99
99
99
99
34806
248781
99
99
99
270512
151261
103496
41436
438722
434476
99
99
51334
17424
408467
58337
99
99
163929
99
12212
99
99
507286
505704
28515
349070
99
63894
99
99
99
12869
99
99
209632
99
99
98
99
99
236119
99
99
99
99
99
99
99
8182
212786
99
290184
99
199840
99
99
99
108778
99
99
99
119199
361920
26463
99
317108
99
8463
26291
19403
352601
99
99
132080
516
99
99
180487
186552
99
99
99
143599
268128
191003
99
155647
99
96621
70178
99
572115
137393
99
99
6454
140660
48876
99
99
130523
119842
99
99
99
99
75290
99
99
90583
211326
116113
242845
255841
110963
98
99
138952
99
99
99
249186
99
99
99
41359
99
398402
160
99
99
99
258634
99
138519
73687
99
99
6277
35919
20537
99
99
44294
99
99
99
205209
267131
99
76632
