99
99
354442
99
173488
99
99
82066
56584
72473
39290
396958
451866
178665
137852
99
281389
100359
76766
53619
217606
99
72518
99
99
99
99
99
65367
70265
347743
16886
9494
71497
99
99
121175
65545
99
99
190044
282125
99
99
37185
126131
99
99
96480
99
99
99
222107
98825
99
99
99
99
122297
99
83657
92161
81219
507385
25030
99
304062
299477
99
317776
86468
139705
99
46322
99
581352
261098
99
69226
99
358466
99
192857
99
275618
99
99
411821
99
99
31389
99
138853
99
19918
90680
211525
8600
351135
176893
126902
109374
99
99
173696
679
99
223783
99
98
7263
99
99
402852
1994
115381
99
99
38984
9119
99
99
204619
190287
99
99
99
24933
99
99
139002
99
99
120389
99
183465
99
99
99
99
99
99
98
427219
99
99
99
99
99
99
46661
47213
99
99
99
99
99
99
461913
99
99
99
161333
246555
98740
99
99
50747
99
161100
235284
93
99
362684
99
99
99
110235
99
83008
393158
99
236613
2190
329251
99
99
99
155548
99
99
99
99
100561
98
99
99
7873
99
99
456855
286544
99
36272
99
99
22015
99
83032
54807
99
85471
99
99
99
23832
340364
570252
382
262021
128590
48624
68708
99
13131
99
99
189537
13246
99
287690
99
99
99
454836
346642
229566
61971
236917
24226
65534
78351
191046
129344
99
499671
99
19468
99
99
67293
99
108154
16038
99
99
35302
140685
171716
155416
38363
583826
149787
99
99
99
99
98457
456149
99
186374
99
33538
83527
99
224326
74909
15497
170070
99
99
125525
99
99
27426
65168
106023
99
71135
99
99
99
99
243861
99
99
99
99
99
308438
99
263670
99
108932
592993
264948
489480
99
17380
99
99
99
339866
99
38518
2165
244359
5479
23893
99
99
9112
99
525752
99
99
99
99
91226
99
99
99
98
333427
468215
156309
13180
99
327713
146035
99
99
41824
191247
10765
33584
99
99
99
363957
99
99
99
99
35215
99
135226
99
678
99
99
28228
70178
456779
99
15627
117343
99
466667
99
99
99
183640
197566
165536
466330
16317
99
99
99
99
99
99
124356
99
101073
221868
21287
338852
99
99
92984
99
345877
240112
15184
99
351110
99941
99
99
99
99
98
231814
223976
39567
99
99
99
99
181157
9781
185082
57444
99
99
32816
99
337221
99
90227
98583
108981
99
99
99
30629
16057
30532
283402
12532
342396
99
260517
14423
99
164419
163821
152060
444144
69111
99
169140
592559
87550
99
99
99
28852
99
98
28008
99
99
99
43247
11452
345238
67574
135975
99
99
12391
170621
99
99
237494
21988
99
99
167871
19856
463910
258811
35461
373749
99
33021
40042
99
32057
99
99
99
99
39747
694
95337
159957
99
99
99
29442
99
99
99
99
99
173973
505257
99
95
174402
99
99
99
40243
99
99
99
31555
99
99
245845
99
376283
19681
99
52077
155993
203412
99
99
25427
138410
81002
99
99
190949
99
99
99
99
194254
99
43311
88780
99
99
99
60
99
99
78
99
99
93
99
26435
99
64255
109553
1948
318236
99
99
227197
99
13469
203682
99
11716
98
317753
99
99
313747
38759
99
170206
99
12461
116162
72782
99
99
87
99
99
266896
106498
99
96097
99
99
203069
533262
99
99
69847
4563
82769
98
99
17380
21773
583337
60739
71461
99
99
99
99
280030
292943
99
181765
223415
37991
99
30029
99
99
189147
392815
211540
99
99
99
121229
110380
150280
346149
99
45138
99
329106
99
62838
78326
99
5135
99
99
162272
36984
99
99
12171
201792
423648
12414
99
51019
104340
99
94
222984
76905
99
97
112024
99
99
99
482539
99
99
65223
98
207206
99
235353
429261
94292
6817
140961
78765
99
137391
211201
99
24809
235135
99
99
99
99
75263
288462
99
106925
99
89
1792
105970
99
99
12556
26407
99
99
102226
275139
20600
14809
99
99
39335
23240
118307
99
99
178154
30570
257748
49491
99
7208
23915
99
214157
99
99
99
99
99
99
87
125512
10617
172510
7209
92929
99
99
99
99
99
321715
291827
36589
99
522089
52845
99
504375
235114
99
46171
48588
99
47539
96
295925
56658
99
61387
75887
99
178866
99
99
91049
339027
200192
99
99
96
99
99
99
155652
340332
99
158657
68767
125678
99
99
99
3620
2814
350309
527077
99
21115
104616
538515
99
99
42830
67403
99
285042
173845
38175
99
228725
499007
391075
99
74610
40421
99
15884
99
358815
99
99
99
28387
99
342577
99
102671
99
99
400272
99
258781
21178
99
343396
99
204781
88249
10934
41159
99
99
99
83629
99
99
13388
389489
106663
140369
329847
43743
57503
99
24665
43967
14718
99
227486
211466
95
296256
191252
7158
99
99
70274
99
99
27770
99
299510
99
206456
53112
99
99
99
99
362337
97
75629
99
23754
464429
99
294926
99
99
59983
493524
210412
5335
82253
5564
6113
99
23229
99
135883
242223
99
194604
262937
464907
99
434869
99
266260
14462
99
470
122372
99
99
263673
99
383264
584815
99
94997
99
5305
99
99
267297
99
99
137037
1002
99
99
77083
695
273573
99
99
302062
65927
99
288879
99
99
99
230384
99
65255
15848
11279
36949
149099
387951
129493
99
198716
111671
99
37857
99
99
99
99
162016
99
99
99
97
99
10017
182445
293783
99
99
352191
99
99
212431
99
18330
99
8736
51494
107501
144253
392980
36964
377269
26505
366462
460489
99
99
99
270522
99
99
259676
99
99
99
315932
99
259231
110478
58989
62864
8265
87249
503743
177552
156208
63449
99
117347
99
379865
71071
453436
71427
18911
278281
99
99
99
174856
99
99
99
99
99
253110
271990
99
72739
99
169206
99
99
99
313044
99
99
99
99
47461
99
99
99
99
95958
179162
99
481058
21617
246651
117735
258154
67096
99
99
99
99
99
128150
190271
44505
99
174103
3550
99
6674
191523
87309
99
99
99
12305
99
99
59098
99
303933
371840
206379
57512
246511
99
2864
99
99
99
99
99
63
196435
8662
99
15516
99
99
99
99
99
40171
263188
99
99
89929
423298
99
99
30050
118870
99
50943
99
371888
364693
446
7043
99
267943
99
99
10788
99
99
100812
99
89325
99
99
99
16576
50175
99
44915
99
99
52235
85481
221382
99
99
1409
283324
23269
99
198774
252145
242183
75012
128023
99
176879
61763
171063
139671
99
99
320739
8845
35930
118291
99
471445
99
99
32570
99
99
52298
99
99
99
99
99
99
18772
99
557693
81539
354019
30194
99
99
99
243823
460945
99
21732
99
98
378897
6590
40811
99
99
353742
99
99
195270
99
98
99
99
106126
99
24807
160756
227805
99
226478
354618
99
99
99
99
99
99
99
99
99
99
109779
99
99
98
99
99
85235
99
99
99
80888
99
99
99
53668
306
99
99
255390
99
146316
99
60952
99
73763
99
99
537110
29121
24291
98546
5801
200937
491058
91
99
196809
21884
436806
47264
99
99
99
57708
99
99
252719
207825
99
99
343011
431935
99
99
51731
99
99
96
99
99
99
400610
108244
492501
596412
99
99
99
49366
99
99
99
99
129571
216396
184176
16604
99
99
99
144246
132960
99
99
99
265921
16805
78300
12868
241444
17206
99
99
99
99
99
9231
99
99
55091
448286
175135
97
78836
99
99
384693
99
99
99
179433
446984
274488
99
99
99
23428
99
92851
99
215003
99
99
95
99
140135
99
99
232544
99
435191
99
3502
99
92134
14844
71817
228080
99
99
275286
302711
99
117450
145710
10417
413902
416128
99
54866
99
99
99
99
39622
164687
99
49749
440602
17972
9724
138686
32035
235958
99
427973
99
72234
99
118954
39056
99
401543
99
99
278459
78961
99
66229
67653
99
99
22330
248506
99
246625
94068
30634
103904
43585
99
4071
99
99
204371
99
9703
166308
13278
120348
78904
32203
99
10016
99
244106
10724
99
99
99
99
99
618060
99
119556
48955
24998
148461
99
99
243890
12710
62265
43165
97
99
249294
99
298000
351119
150222
99
283562
109622
99
99
371533
158449
10357
99
99
99
99
99
62459
383443
17666
254313
99
99
99
99
169299
99
351392
156718
99
99
6735
95813
7288
438909
74228
105188
44223
94
99
99
99
22651
99
166962
158764
7495
99
95226
99
99
99
200704
99
99
369821
99
8269
156225
424275
4479
99
143211
114938
400175
99
99
41808
99
99
96
284738
222946
107729
325972
86944
99
243786
47037
134286
102422
99
97514
99
99
98859
99
109233
14286
285449
17171
12179
352245
105653
99
21332
99
99
99
99
99
295100
58368
129840
4368
99
99
99
99
99
91683
98783
99
99
142912
99
121266
99
99
99
10154
99
10888
159265
568637
99
99
99
99
243989
79632
99
99
99
99
23968
99
99
99
99
99
199926
99
281568
87
1106
99
99
132799
101690
113642
99
698
99
334837
99
75166
363295
99
51968
96
99
70570
84875
99
192419
75917
148707
99
99
99
129701
99
6969
209601
206212
99
242358
99
99
133504
99
52267
292490
99
99
99
99
134406
99
402433
99
141585
134243
81663
283334
308926
99
99
99
467171
446747
213444
121588
99
177021
333119
99
41844
99
379305
99
99866
99
99
98
229090
11172
49482
397933
150911
341963
150405
12866
121503
99
419534
312913
167226
309783
6754
99
20097
99
21074
99
136579
219395
99
110224
6097
99
99
242233
158460
99
99
66073
99
52342
226266
99
230567
99
131133
48190
32893
99
141094
98
74188
419105
99
99
33379
1771
99
607577
94
99
99
37017
99
99
114391
99
38663
85337
15121
120391
500961
21990
99
99
99
99
16053
99
99
99
71449
115380
139079
288361
210405
99
99
1318
5846
63963
48618
301585
10122
99
61135
252406
99
99
96
99
42874
99
99
99
99
99
98
2677
57746
212892
99
99
174653
99
92977
54419
99
155126
48162
99
395581
6200
99
118098
99
99
99
113963
102246
88614
97
99
99
99
99
94059
42326
509766
99
52109
99
22119
99
364598
99
99
99
151229
99
99
242034
99
160585
99
89596
4899
99
163331
19988
3283
2361
99
522327
15578
58165
99
99
99
99
99
99
253230
99
43844
444149
99
99
338004
304810
99
71340
99
163573
99
99
99
99
99
99
121067
66567
99
124123
414037
19381
99
58289
99
99
99
99
99
99
599131
99
149047
99
99
134137
361784
200392
329172
99
99
191610
105876
148603
99
1967
44819
16351
143746
416751
99
325363
99
99
336983
99
30386
161294
99
256302
99
99
139956
135008
99
105747
99
96
10459
94124
99
99
99
99
99
99
99
99
99
99
143192
99
99
245965
127121
99
123957
99
99
93
4844
231474
1567
453000
401090
20492
21680
26470
99
115469
193328
40972
99
99
99
99
99
99
52155
99
99
284861
24006
99
99
83316
442053
99
61392
99
358802
99
187787
99
97818
10001
99
99
99
169680
99
99
99
206271
99
157794
99
232919
99
90227
99
99
3209
41493
300182
44754
99
117781
16320
98971
99
53865
99
30584
99
113335
313496
99
96
99
99
175387
154608
99
257960
99
68948
99
99
479302
11794
99
99
99
99
99
87242
123864
99
15519
235741
99
77933
99
169811
505219
99
201870
457215
99
49379
49495
99
99
99
99
99
99
99
99
244189
99
18303
99
142357
32859
99
212067
99
216764
46073
5688
360449
99
4702
22990
106436
249030
57621
99
44512
211599
99
239415
506290
95782
99
99
355716
212706
99
110025
99
99
272948
19103
99
99
200307
18639
170651
218906
352403
130236
2471
3240
83445
115763
280030
99
96
99
48272
193694
25755
99
93349
71559
99
99
99
340367
99
2650
23557
99
5634
99
77178
99
99
204128
35421
99
165667
99
213265
192244
13695
152656
35149
182778
3609
99
400761
99
110819
10488
99
99
99
99
56331
99
99
211404
99
132540
25955
99
99
99
176745
56398
99
99
99
99
99
127987
442090
99
96653
99
91169
99
99
99
179416
123756
99
99
99
36080
99
150535
99
99
90
8598
52295
190104
99
99
75813
40716
562580
99
45010
106047
99
25093
71128
64868
75592
405187
99
99
29453
124676
185651
503783
98
99
6077
99
209823
99
70354
307084
134099
35044
139316
99
99
6425
99
139603
99
99
102336
99
22055
99
99
7698
357499
140881
534391
61368
39188
117931
220463
335203
99
116867
12095
99
99
99
66
99
99
99
15521
99
309354
391613
99
20375
99
51798
99
99
99
99
77486
99
132205
3009
99
143231
99
193500
99
518758
99
99
99
120064
99
25218
37466
99
174079
121445
99
8230
99
260372
25831
5987
99
99
313632
101344
385758
99
99
99
99
99
99
147556
45560
93578
175765
99
190988
99
65479
99
99
99
99
2349
526226
140715
99
124884
99
99
397943
99
24355
19045
34654
209273
99
70818
11763
70253
30165
99
170323
99
18910
254006
99
99
99
147563
99
250715
226684
46722
364925
189282
99
99
99
430928
99
18783
99
46717
96479
99
99
99
99
110534
99
4165
235535
1595
99
99
264635
9372
99
163897
225446
99
52454
11767
224495
99
99
99
99
99
99
99
99
127232
99
44205
99
99
99
99
99
99
99
99
99
400081
99
23795
186963
177975
13585
3354
136570
269768
99
99
70408
283932
99
42010
97
141867
88942
186209
99
24223
44675
99
359334
99
248767
65854
99
192296
576802
689
275728
206256
99
99
99
99
141923
99
99
17647
99
96
94434
99
99
99
99
39432
16545
116
99
34364
99
142919
157589
677
99
184417
86912
441039
203211
99
80035
118503
99
99
99
282325
58805
190145
99
68068
99
99
3292
101466
99
98
99
79756
380840
99
418292
99
99
99
241278
99
99
70846
126421
5164
99
99
99
99
163088
526201
359376
153405
98807
6866
130076
99
99
99
101473
2803
193893
99
99
99
99
99
512112
99
99
209125
99
113958
85785
94834
155399
228404
99
99
411998
235939
119537
30214
99
99
87
280468
99
99
297654
57076
33861
159103
460055
99
370321
99
11214
42478
99
99
66791
207837
19669
98
99
99
13047
99
248272
99
485733
99
99
135996
49735
99
99
99
13933
99
99
99
99
99
233448
99
99
63555
12244
99
99
99
88938
99
116957
99
99
99
55976
85312
20405
99
156065
99
107581
99
99
124918
99
99
47232
241546
271083
99
77953
189892
99
264794
98
99
99
99
99
99
99
99
217285
99
99
10387
99
99
99
99
82140
99
99
99
99
263920
434682
99
2140
99
99
145040
5869
137986
10102
99
98
342229
19996
99
189508
187051
99
99
99
94736
467565
99
99
99
184031
39046
99
99
189210
189287
345762
99
114782
31315
241212
14978
99
99
98
7790
440
99
99
99
142604
99
2503
57336
99
99
274258
338053
99
248831
99
99
99
99
73187
80562
21406
99
99
542237
99
56780
226561
99
13666
257473
99
41154
170712
99
99
99
409156
13410
384051
99
99
248266
200644
99
13410
99
25266
99
99
99
99
31739
208092
99
99
99
99
99
99
99
14807
13135
99
6673
216630
81672
102761
7138
99
213084
79890
356354
99
99
21892
108208
372701
63393
224817
408890
99
390188
99
99
99
56922
99
104631
99
99
99
99
108212
99
99
410111
99
99
99
99
99
205641
63423
99
463758
103405
96665
98173
99
485548
99
99
185731
99
99
99
61176
438561
45738
99
285653
99
538145
421638
99
273817
3706
99
10143
99
44634
129499
99
99
99
26506
233157
99
99
99
240870
484765
99
14036
99
377381
39752
99
99
63544
99
275820
259
65776
99
249045
99
99
154853
84918
99
99
58296
298421
31144
17294
99
99
324855
99
99
99
99
99
99
99
99
339161
99
150884
269260
99
32374
489508
99
99
91118
99
207586
99
99
99
99
99
99
99
99
294611
449508
99
99
172456
21933
102572
17780
43637
99
99
99
46328
99
46
14429
18575
48551
99
99
31541
51141
99
108935
99
99
99
416953
284279
99
99
283376
12164
60951
99
99
210081
118953
99
99
252933
99
99
99
163798
289865
99
72879
99
99
99
99
195747
169942
99
250408
99
99
99
99
43015
99
271035
9625
24888
99
18837
99
99
492296
219656
99
99
55104
67818
99
99
191187
99
449975
390566
99
47307
251312
99
99
148773
507747
99
99
287977
182241
99
99
42554
138217
99
99
218817
99
372385
99
99
99
99
99
55142
171350
98
99
12957
301311
99
99
46750
99
99
238963
146604
39844
95442
99
67711
99
260281
99
24186
1278
99
313370
99
99
99
99
99
99
99
294738
99
82
99
99
60
99
99
99
297765
76515
99
99
99
63272
313533
99
4575
99
99
99
97801
99
13969
48323
99
23654
221918
130380
22348
99
99
16715
83046
99
99
33145
99
99
99
99
274393
6118
451210
587651
69010
99
99
10183
99
77144
99
35747
71522
198270
99
99
99
99
43
416084
356241
99
99
136807
6130
327493
99
278909
99
125751
99
147814
99
32232
99
132272
99
137059
99
99
201807
1334
99
184513
99
99
99
99
99
94456
99
70052
99
432
99
99
99
562419
6377
99
270811
76789
99
99
96
138088
99
99
83150
58541
34826
13636
99
67098
309752
99
824
99
14126
7443
99
107911
99
237030
188710
99
99
99
99
149104
99
99
99
322614
99
99
99
99
99
255821
235426
261648
366366
99
99
69240
58310
35267
19413
154981
98
99
99
99
99
99
99
99
99
99
42369
8186
17857
99
24421
99
322593
98
11112
99
284062
76572
99
68446
99
99
99
4863
99
1978
99
99
99
73575
47536
99
99
99
105383
14155
99
1890
6166
99
99
386968
62510
255631
380470
99
99
99
238106
282654
53264
38178
22979
70456
99
299884
57844
288142
99
99
99
60975
99
307380
99
99
99
406252
99
99
317153
29838
351878
99
110378
26779
99
99
99
51384
99
141723
99
75332
99
99
478076
99
225765
84068
192759
2248
391256
99
193603
99
99
99
99
99
99
99
267052
99
352223
269301
32965
315301
97316
99
99
110615
99
17320
99
137355
46444
513153
9803
317334
99
99
199839
234564
99
99
11796
31288
43691
98690
365834
534600
99
99
99
99
99
99
99
238209
246433
99
99
133315
320007
99
99
20679
106582
27825
278553
329735
130829
99
99
56245
41941
82468
333131
99
99
9465
99
99
109174
99
99
34740
258814
458525
107285
458720
1106
99
20098
7590
99
41436
99
99
143691
386623
99
99
85038
99
99
22185
302077
46070
99
99
99
99
53573
99
99
31915
338031
99
283712
196719
99
326336
99
3553
32214
99
278736
261168
99
99
99
147098
99
99
20651
88460
295219
107918
412484
74583
382410
99
21277
99
99
99
238747
35174
99
99
82883
99
99
99
99
68984
99
152117
99
191138
99
389293
99
99
63952
30342
99
99
99
9720
98
99
527140
99
99
99
112284
113750
99
99
96
212934
99
14588
99
99
99
65836
481863
99
85666
168197
186343
408415
3376
99
92926
122553
99
33740
99
8244
99
99
99
286983
99
99
99
98
99
338547
99
13396
99
94968
306356
99
99
190070
99
99
99
83630
49725
8439
240220
99
99
98
99
99
99
296376
193007
203636
24830
224227
99
99
111682
99
99
99
6718
174738
99
37570
329704
515400
99
99
47953
99
147971
99
99
25384
99
158752
99
3299
99
99
13738
99
210310
99
155000
291974
534320
44961
229621
99
53300
99
77243
61722
99
82083
99
99
325668
99
99
35029
99
299298
5353
98
75867
221566
1563
99
99
99
574014
68893
99
99
73394
99
99
99
153926
99
99
32309
1986
99
175233
38368
99
99
10298
99
220371
99
375327
151903
99
454242
99
99
99
99
99
99
61391
99
47906
99
215331
119877
249493
382
99
99
295481
99
64544
99
99
99
99
346239
1417
395302
99
15480
86755
99
99
99
93
99
99
99
132375
99
99
99
99
99
290383
14670
58368
269065
99
96588
567705
99
42215
155775
99
99
504914
99
180706
88058
99
148850
99
99
99
1967
99
290593
33225
32367
385822
99
97
243720
6299
99
99
99
47610
99
83275
36710
10162
99
99
310986
122790
189583
480169
170265
99
19238
99
241943
99
176482
99
112164
410953
99
177107
61840
99
99
99
38210
474917
68504
99
47237
99
227350
99
99
349746
84185
99
99
420622
99
172257
99
6975
99
99
300443
99
99
99
99
114431
89085
99
99
99
99
96
99
99
99
31065
133099
145186
99
225751
99
149753
99
99
99
69468
99
99
89854
128272
99
361626
99
99
39434
99
99
1350
99
318735
99
11492
120546
77766
171594
99
99
95
99
2466
99
2248
99
99
388521
99
99
520233
99
230516
167740
99
99
99
107603
99
99
63114
339527
152730
99
99
99
99
21754
87973
99
99
1978
298501
51454
99
456328
100656
267931
43626
111222
99
99
99
15797
34834
5369
99
143044
67745
161000
344772
431471
99
99
165779
22057
99
357108
50449
99
99
99
99
97
99
274781
99
99
99
110691
99
140284
6440
20131
176204
99
99
341448
99
40339
102807
99
288263
96
252404
99
38818
99
99
6943
29924
165308
99
493168
465536
99
226
55030
99
129206
342740
174062
99
99
2350
99
99
279166
322042
99
99
56334
99
462854
397155
331160
53622
99
485357
99
109652
99
10992
99
99
99
99
239987
413567
129474
99
36446
99
9374
99
304828
99
413652
252704
99
57938
99
99
132677
99
4938
99
388720
151545
99
99
99
99
141714
99
48731
68421
239841
56436
230736
19707
99
99
99
99
187282
28579
99
11869
99
99
105394
115207
80768
317303
99
123063
276446
334013
62140
99
99
261224
6895
99
201371
3958
99
99
99
98
99
534011
95313
259766
128688
99
3964
85893
99
99
73190
363265
130559
123218
138750
99
240662
99
19017
279102
99
19034
80355
99
224913
11941
99
102776
99
258605
99
99
26542
45100
99
36601
99
99
355601
99
99
480094
99
99
99
99
10973
8438
99
99
150854
99
99
44233
119867
184776
311758
99778
99
221149
540021
99
99
49976
99
171377
121479
1359
119999
53191
181134
99
279405
30566
99
99
79095
212771
99
106030
99
3650
214847
377119
169305
65752
99
99
99
99
99
99
99
99
304567
99
99
99
99
29540
99
96149
2468
99
598091
123146
99
172263
231301
52981
99
161813
141541
99
99
94559
126649
225161
99
417434
7969
88326
7400
197088
99
99
99
99
428357
99
69412
99
14164
99
88124
99
141071
179804
47851
261777
139171
99
99
99
99
30144
99
99
99
99
99
99
99
212048
99
11086
72086
81590
99
105898
133278
349367
23294
85603
99
53289
349189
99
99
99
498653
220651
99
99
99
309544
99
533445
99
99
99
387537
417686
469588
99
96
479071
273265
61356
54199
99
99
40633
99
158278
99
306358
99
207967
221295
69981
99
99
99
99
85873
17312
99
99
4413
99
52821
33233
99
117831
99
369741
254067
99
99
99
496792
412745
99
262
99
71512
177952
8616
99
537587
268913
230849
281356
99
16442
99
99
99
13244
493530
25022
4007
55367
99
99
65176
166966
201294
139342
99
50109
99
99
11614
99
99
99
146702
438977
77037
99
14083
289926
99
99
99
51325
314504
16522
477802
99
99
339014
99
99
99
32242
72385
99
99
97
99
99
98850
99
517249
81168
99
65554
203423
99
99
71408
99
422973
99
534140
99
171966
179873
50682
20030
240786
32682
99
99
99
99
38887
99
159693
106717
6410
205713
99
49105
99
112718
152715
99
238409
99
99
115211
99
214524
99
21392
105732
372107
85061
49409
99
99
99
148608
68928
469261
99
23990
414454
93634
362184
99
99
185508
62043
99
99
99
486128
99
99
99
99
266862
99
40449
66222
2779
189583
99
450842
216589
222658
418506
99
133238
37261
581936
94461
35702
96
99
94071
114714
99
99
99
29695
229243
99
58445
235102
411065
99
99
99
99
99
466693
140218
99
232697
99
99
99
24836
99
99
72604
544579
159327
99
99
99
99
99
23110
80643
6455
99
31342
96
221733
107027
123105
59561
63841
99
99
99
31005
99
10281
99
99
288284
17397
99
3459
99
26194
433059
99
194108
154784
99
343601
165761
449489
32198
99
471107
108498
99
99
99
99
348484
269448
299502
169847
15130
99
308449
99
99
61922
84567
99
19299
99
99
139569
405989
153679
40910
220091
99
171929
19864
99
47003
99
99
99
99
99
421460
68104
99
290689
99
99
153045
350284
94
99
99
99
341977
2192
99
99
65990
99
9765
99
99
99
99
99
295
348962
99
18025
99
99
99
99
99
280722
241249
122388
99
99
99
99
99
99
64
364954
98
341738
161753
99
99
99
18952
99
131017
99
99
99
13729
123375
212868
99
99
99
99
272044
99
63563
99
25313
30789
44364
231548
81257
99
99
99
358243
99
58940
99
17429
99
54467
99
122
560234
73282
99
99
99
99
99
142268
99
34976
99
99
281747
460729
99
99
118784
99
145073
99
99
99
129129
172174
265199
99
6396
135626
99
99
99
99
99
97069
99
99
99
43685
99
311015
101645
99
214468
99
18213
99
99
484739
197167
99
99
113454
362000
135773
203266
1230
120195
99
99
265515
99
28441
99
99
99
407060
99
99
345864
16114
99
510007
99
99
99
120025
202171
99
101907
99
99
99
99
248698
99
463549
75041
99
551658
127890
355865
99
251683
233423
563371
99
99
17270
99
69361
99
99
233869
246735
99
99
99
12331
99
99
99
99
130600
223209
32016
99
99
99
99
61870
99
6724
99
99
99
4732
279440
99
208888
99
292480
99
99
99
99
460611
120268
99
99
99
99
84555
99
15215
115017
99
99
341102
99
69560
99
99
33912
38622
99
167349
96
52058
99
344026
78920
354932
99
479662
44859
95
99
36551
99
357913
99
99
22409
99
99
185900
99
468254
99
99
72
99
26351
99
99
488739
55719
97
397766
99
99
99
99
498
99
99
99
99
99
99
99
212423
99
99
99
99
99
401728
207416
513582
99
99
99
480320
99
111020
99
172596
99
33494
533179
99
99
99
11734
68443
99
112378
85962
99
99
99
97
20030
238240
543855
22564
99
99
99
99
99
99
99
15172
99
99
59447
99
46039
230810
55184
33819
99
99
212199
99
96
99
102015
99
41503
99
270298
11633
236216
99
22996
99
62963
99
14788
99
99
99
151807
35146
96
99
99
98
228263
264117
99
191664
145399
99
99
315743
36735
99
99
123808
75436
98
239433
99
99
60000
99
14094
99
332920
76175
228667
99
90688
447216
26183
254103
316228
159469
136556
99
99
99
99
13981
99
408575
23182
202577
31876
99
64
99
99
15621
99
256450
287053
99
22204
99
99
99
13275
98
172541
99
48570
99
99
99
99
169003
54000
66753
79160
331269
126005
99
168647
99
3957
21271
466117
34726
102904
99
99
270550
259691
99
99
2905
284223
194128
26717
14880
62631
138295
189105
14269
48456
99
7223
81348
99
335104
332903
86431
99
9484
67823
50506
99
99
75916
202813
7198
99
99
99
99
99
99
99
58574
121299
177250
99
99
393816
99
99
99
99
99
308883
96
99
97
120480
20708
99
99
139390
6039
81621
271368
156589
54551
164091
40246
157267
99
62594
99
99
1921
99
452100
200231
99
99
99
99
99
107964
88192
313093
153752
493871
8714
195531
99
99
4318
68566
325253
82590
99
5479
437008
99
10143
99
91553
337526
99
20277
334716
99
247850
99
99
99
99
377268
99
198532
468165
45360
99
99
99
99
23399
99
334298
99
15287
5664
99
99
99
99
5246
99
4795
163775
53554
99
99
99
5488
195197
199411
99
335418
99
72943
366218
99
262083
99
99
99
265463
99
9692
94
99
99
99
99
99
99
14541
115527
123563
239505
99
402363
60541
263039
47592
363681
99
99
390727
99
98
99
99
99
6191
63088
97300
178500
20083
99
82148
108251
100780
97
99
99
99
99
99
99
99
99
8544
99
99
99
184581
99
191153
99
135219
169909
99
18696
99
98
131814
5427
37510
71952
99
99
77
71384
99
99
99
99
402911
213545
99
222461
112909
99
99
147326
435380
324732
260574
99
99
142978
265710
33348
163142
99
216754
147732
57741
347514
99
122571
161349
266448
341382
14804
99
10266
99
218448
238019
97
433334
314073
22123
99
1835
423427
98
129463
371978
99
96
242257
99
29119
73124
99
99
175028
208624
66103
293312
129011
182436
77083
136865
99
99
99
99
99
99
28008
144918
99
37605
99
5122
99
174914
216206
24981
99
99
99
99
86415
17958
99
202072
65735
99
371013
100764
472197
55518
99
99
304953
99
99
99
99
422682
43710
97403
451059
99
99
99
99
99
148196
99
99
117204
62910
99
99
99
124359
417996
190947
99
99
92130
193854
99
99
337657
99
55761
99
146162
99
77590
99
524550
402236
99
99
142970
99
99
156975
289386
99
49210
195151
99
141931
99
99
99
99
13029
391905
99
99
99
99
99
99
170945
99
147427
99
188586
99
99
99
99
99
182750
130116
179108
99
4949
43958
174696
99
73972
75147
99
99
417569
445647
165893
142519
151512
99
99
99
99
99
99
99
21661
99
99
154282
217492
161916
345012
99
104901
99
49903
99
99
99
99
99
99
25214
14126
99
99
76392
168411
12739
99
99
88931
320332
124945
99
99
99
305914
16458
109812
99
46334
99
99
137012
99
410438
99
99
22142
226651
19521
99
119452
99
99
239115
99
164983
99
99
104918
99
99
67274
99
99
35356
99
99
99
99
33111
237374
486025
33815
157194
99
435282
99
63942
99
70943
3962
99
100995
125271
25521
401278
224705
99
99
99
11067
59061
99
99
242509
85001
99
49638
99
99
99
11623
99
450375
99
297181
107436
99
298084
259619
33917
11207
99
99
46914
204830
99
99
99
99
99
360137
8800
99
323930
95
26028
116225
99
17508
28605
130626
261373
209266
99
99
59986
260554
520503
38466
79798
99
4687
99
99
99
99
99
94659
129200
99
99
99
99
192451
99
217942
62338
99
10689
57742
99
65167
99
99
125288
99
99
69155
99
99
99
99
43935
37234
72688
82254
99
65171
227522
99
99
99282
19853
69607
287586
99
83267
85894
99
99
17365
196309
99
99
39804
38503
99
234294
99
77495
24528
375583
163333
99
99
44223
99
210929
234213
311921
14510
99
11972
99
356612
42185
29827
11055
99
99
107995
99
401745
99
99
99
99
32139
99
99
262546
5991
242497
99
99
99
97
182302
76465
99
196251
98
99
105235
99
99
96087
99
99
136477
302113
99
99
99
33522
99
99
99
451042
99
99
99
465318
17558
58503
70722
47005
1324
79384
99
168589
99
11130
6990
99
172929
51062
98
99
99
99
99
175504
99
203105
99
99
99
99
599670
35554
225516
77927
99
99
480347
99
508590
179040
99
252083
47921
99
99
99
99
99
99
382825
11330
46121
99
12641
136522
214748
13022
163176
99
99
18574
99
99
281514
74721
415894
327425
99
3949
99
66764
99
99
39577
149948
99
99
241836
99
114157
2132
99
99
17059
45969
307010
99
99
270708
99
105724
99
98
99
99
99
176247
99
99
93
148021
99
99
99
99
99
142558
590244
199932
97
27435
99
99
99
99
99
99
99
99
88052
168225
495675
195515
99
99
99
99
120040
99
64621
116838
99
99
99
100498
83126
194731
11983
99
320866
44315
99
29903
420266
3588
99
50795
489277
69286
99
99
99
55218
160709
4861
265125
13381
99
131939
104815
99
364472
22752
127965
99
136880
265629
99
325231
99
99
166157
97028
276014
99
168635
99
99
52605
99
99
99
49080
99
258392
380656
72400
18690
99
30723
343605
65607
99
191978
99
99
99
14016
162717
99
99
99
142967
99
99
99
2198
99
31185
99
65919
57536
20419
564886
99
114502
99
367432
99
99
99
99
99
99
99
237911
92312
117732
100224
99
21447
99
99
54687
99
21617
99
99
148243
150716
13060
202703
99
103407
503976
244468
99
11498
99
99
99
99
419
99
277176
99
99
5612
237338
156992
99
8870
297538
99
113978
99
99
99
26374
267676
99
56868
95572
99
99
50515
331361
341381
99
285599
185203
99
99
99
99
99
99
99
35760
99
99
99
469397
44533
99
99
305306
8494
30282
99
202324
5892
437135
293274
99
310565
99
99
99
366506
99
99
99
29765
266539
99
99
124448
99
99
99
99
99
98
123606
99
6985
99
47548
123119
99
99
99
11365
99
4384
100294
210218
107908
148446
99
161989
58002
99
40230
322001
96662
149486
99
99
99
226106
62944
16208
1705
24242
75180
262417
336407
99
439786
99
56931
99
99
152867
77932
24557
95
460327
547027
229252
99
99
99
99
99
99
263341
49542
16333
99
99
99
269413
70714
416432
99
374534
13275
47688
99
30508
99
99
99
11679
99
99848
35812
46084
99
99
99
99
99
346764
99
99
83612
36135
108264
57904
348192
99
99
99
453097
99
99
99
99
99
99
126501
49059
44968
99
6261
382610
99
99
328408
43819
6490
97
99
113412
99
99
294937
99
20339
99
99
99
97102
69777
99
272912
228491
98
99
99
470214
163719
68569
47287
70293
99
99
106799
99
88114
99
99
292637
99
99
73602
99
324438
38297
28456
41102
119146
99
99
215442
13966
99
227888
99
99
99
116911
99
4210
250854
307534
99
165226
609609
99
99
42601
462108
99
99
99
99
99
58984
99
99
99
25475
99
65592
99
31970
21279
99
99
99
40637
99
1881
32834
99
99
99
99
154618
99
10990
68512
36623
99
199801
99
256707
99
99
82197
99
87705
2987
99
53044
99
99
204629
99
99
487026
21892
99
50763
180097
233674
334153
240
326854
99
99
98
13949
99
99
312165
99
51332
99
99
92917
199096
305840
99
204069
99
99
99
99
239847
99
99242
35842
99
99
99
99
99
99
149971
99
179813
99
99
110460
9942
99
99
99
7707
276856
157168
4360
99
180993
99
230327
99
69417
99
99
99
99
99
99
99
99
99
99
99
45892
99
99
203274
56122
99
353596
99
9515
99
99
14981
99
99
99
239700
99
99
86805
99
99
99
99
274056
485183
99
2145
122586
99
99
385976
99
314228
99
99
13880
20386
14805
374241
99
453
1399
99
99
10137
254870
54530
144533
99
99
99
170367
3466
118694
156959
99
349413
99
99
99
99
99
274041
5815
99
3972
99
99
99
104973
181961
90826
347171
26675
99
89199
99
99
99
99
99
99
99
110948
333267
13372
82079
149241
18953
99
75678
99
79717
406654
4936
48049
5864
174088
99
94590
99
429714
99
42671
99
99
152488
99
99
99
99
26359
518803
99
199412
99
365133
99
348905
99
333535
68865
234112
99
99
16968
2092
99
99
93302
99
99
63516
331480
372334
99
99
99
147462
89677
25028
327193
218989
13964
99
294628
99
273015
99
179609
99
41649
299835
99
99
124920
48
365356
120732
99
99
99
77243
188732
568564
46890
9594
99
19237
99
99
76061
99
99
95161
99
90271
21715
99
146541
77835
99
99
99
121651
99
73348
25405
99
232356
99
29095
37079
507417
99
99
106167
99
99
99
79450
23951
172406
99
118706
372773
99
99
99
5228
99
383
99
97556
99
45091
498177
99
44419
6753
25916
99
99
99
99
99
99
99
157538
11200
99
92263
99
99
116968
62658
328909
117273
97
240486
99
503420
99
99
49659
298458
347056
99
14043
325975
237700
62269
99
56675
99
57248
99
48872
156286
860
99
99
372010
178049
121321
15046
99
99
99
229427
99
99
99
154054
99
99
23286
8266
46598
4558
99
74042
99
99
230394
99
99
99
164874
155794
534142
99
6120
99
99
49692
108005
182059
349553
40610
99
99
99
485654
171070
99
99
99
99
102192
99
82874
107286
99
99
393163
2276
99
20381
99
49415
165537
10353
99
99
98
64821
123562
99
99
510504
22157
340808
99
99
99
44547
99
120859
99
100010
41927
24906
230541
179220
125477
99
99
19693
99
99
99
99
99
99
99
99
99
99
51501
99
520814
75341
99
99
99
140565
99
42504
99
99
10633
263058
99
99
99
99
99
99
145252
105636
99
99
228478
27861
99
66278
99
125154
99
99
99
406872
5653
99
99
99
99
4045
99
348545
211119
99
99
97
98
99
99
99
99
217515
99
226057
99
456296
49370
353417
99
321760
99
12019
99
342213
578503
63523
30470
99
115466
99
340538
136831
6399
35283
99
99
37852
104843
38236
183658
99
99
13599
98
99
99
99
99
99
99
218129
35109
99
1806
99
99
107450
61280
234610
99
99
99
99
99
99
99
357760
98
99
99
119555
99
224302
34301
11620
292550
99
47594
99
99
99
99
99
99
38769
99
440558
99
27555
37811
433897
270955
99
99
99
98
21063
99
584
110429
96588
99
99
99
99
99
61052
56540
99
304950
99
126510
99
99
553534
99
94160
311662
99
419872
99
99
104028
239717
99
99
99
469
99
2048
74818
128365
99
113345
99
113736
