99
99
75942
99
84493
99
99
210105
99
99
99
1693
99
127825
99
248907
99
99
133113
202457
99
99
99
84727
99
99
468386
99
52136
70302
410006
130552
99
416
99
27311
99
251035
99
1328
71658
214906
31592
99
99
99
99
341180
68824
289012
99
99
99
852
35675
99
99
111452
99
287261
102239
260813
99
99
99
99
41661
115769
99
99
99
83448
158338
99
99
14966
317684
4684
23630
99
99
112831
194032
99
99
99
99
99
1844
75833
99
319582
99
99
99
435970
99
99
99
99
20930
99
99
143883
92702
99
99
99
99
289640
166047
99
99
99
143
21866
99
37788
412044
99
99
205816
24331
99
323166
99
59155
99
99
99
21122
99
99
67342
99
99
99
99
99
99
217771
99
107722
99
99
99
99
99
99
99
321296
65722
99
99
11319
11180
30812
99
55714
99
167750
91462
99
99
99
99
111880
99
18191
99
319441
71301
99
128616
226075
99
99
25557
404068
99
347794
99
310325
99
445628
176505
99
99
99
194258
99
99
99
182551
275689
209595
99
99
39604
99
225671
99
99
553406
99
99
99
26373
99
75047
46970
99
53931
99
27320
99
32262
99
99
99
89908
361505
99
277122
99
80144
99
92975
338919
261288
250708
99
99
99
99
204723
99
99
51236
99
94386
73564
99
47154
12874
297829
86261
99
99
99
174914
60670
99
99
99
99
99
99
99
36401
372573
99
125802
246064
99
99
392897
99164
100144
211271
99
99
99
99
99
99
99
99
138917
56056
434384
99
3830
328562
99
118209
99
99
425717
99
99
99
99
99
105538
142119
99
141165
99
99
99
590
99
99
286953
99
99
99
99
432475
27980
170204
99
299914
99
146833
99
99
99
73418
54446
99
383953
99
129428
256190
99
97708
96
99
79489
12427
106108
341150
98683
152295
115750
29182
115793
351511
337238
99
168098
29178
99
99
99
99
99
99
333236
133969
13675
99
99
213217
155731
99
107480
99
99
201802
136974
20481
318749
99
499190
484470
146665
99
99
73557
5574
99
23096
99
283263
205243
55747
99
277443
325110
690
179495
99
15982
99
60031
99
214760
99198
180763
13943
99
46612
99
99
99
99
99
257991
99
454458
99
99
99
99
227733
99
93864
81904
319087
99
99
99
10208
241253
99
148075
106473
99
99
98
99
8154
99
155551
223436
99
137356
213247
324541
28084
99
411321
18359
19421
252224
99
87
99
99
99
99
99
99
99
99
23571
350443
560549
204592
18011
99
312053
99
249943
99
302294
334437
99
99
99
55862
99
98052
188515
99
185416
99
99
601966
4611
99
57855
3844
516775
99
139360
67489
99
99
99
99
99
99
2352
99
99
11486
99
278158
99
131467
427127
99
46809
134026
99
41791
99
37823
99
26155
116200
99
99
43709
99
99
496886
4029
289097
99
279648
66245
113126
95465
7691
132833
392230
301968
177676
99
576631
49976
99
95
99
99
697
99
392153
99
99
107585
185470
20287
119313
99
99
99
1087
99
99
99
99
12229
252245
39202
268612
99
99
99
99
100328
158498
99
272573
229106
71634
153200
38605
99
99
99
99
99
95022
99
7825
134772
99
99
25345
99
460321
99
33924
405730
99
99
141046
159962
99
504088
167438
99
84261
99
61474
18914
30578
7506
29770
232345
99
99
99
72925
228187
99
340653
99
42722
99
314062
378890
99
99
99
99
175343
188431
132355
122147
99
99
99
99
99
99
99
51079
514579
404291
26239
180606
99
25830
99
99
99
43720
99
217604
99
99
1024
435362
99
99
99
99
99
99
67840
99
468626
308028
99
99
99
99
62923
14928
484356
318091
74406
280749
99
99
99
57268
383985
99
99
8549
43607
22264
220252
510115
99
99
99
99
79895
277621
181524
99
99
99
7278
176828
96
47474
99
155665
99
99
99
99
169119
99
99
99
399082
99
99
25308
139540
311105
196310
309070
99
99
24875
168076
99
99
99
61401
242099
99
99
99
173441
99
99
99
34855
99
38825
168831
51228
28645
99
99
114089
99
54764
163011
99
99
99
310926
25363
13395
99
93091
99
99
99
175440
110049
99
158799
99
65535
93121
83
99
212885
99
141090
976
99
29378
90313
99
42343
268672
36074
99
99
74755
99
35620
156257
99
99
288957
68518
99
279932
99
99
296687
99
97
99
99
175718
92576
99
53918
24387
99
99
99
77546
417863
475356
204504
99
99
99
99
99
99
88
12860
99
123968
99
99
99
233003
99
96
99
3676
70191
160471
99
99
97
99
5455
99
99
99
97
96
278162
27413
174915
69584
99
218868
99
13
99
99
99
553842
38666
114249
162461
90466
99
99
99
99
221784
273859
99
2959
99
493764
26513
41286
192494
195090
8196
68515
152953
99
64866
590092
23476
185644
446751
99
99
99
99
99
99
99
99
99
39255
99
99
3990
99
99
3200
99
18190
19905
226044
193046
99
137595
99
340068
99
99
57484
99
99
222608
99
99
2820
452428
530302
99
99
461991
99
99
456
43999
99
190033
99
99
99
99
4555
99
99
403156
99
399124
99
99
75996
99
99
256238
230396
233740
161328
91132
99
324627
99
2500
99
99
213084
158911
268327
99
99
159077
99
99
99
316064
173872
14457
69712
39224
333234
285123
99
99
99
99
99
28041
199896
99
99
99
99
1923
50792
99
99
34965
99
99
420731
99
99
300909
324780
99
99
99
159194
381420
303678
6415
99
117593
99
1896
99
99
45896
99
99
49792
99
99
99
16143
274331
23504
42628
99
99
99
349784
155939
167729
149352
343577
99
99
98
370614
99
59517
99
99
99
177698
455806
22169
19257
241170
122121
99
392257
220269
99
7361
485890
3096
99
99
99
99
5430
166443
99
13530
10054
415693
99
85177
99
99
252973
32112
343007
99
99
99
246198
99
99
97
99
131624
99
99
223906
1415
99
36805
99
99
189226
169995
99
41851
325329
42
207767
99
99
99
70836
99
99
294048
99
59675
99
9935
99
501176
100482
1895
205528
99
99
88896
99
99
24985
73267
213837
99
144384
23475
339730
294770
525051
99
99
155119
99
71369
145560
498735
99
35770
8376
94
99
52237
99
4073
99
99
99
497438
99
38555
112282
4127
68740
360391
99
33167
99
99
89980
99
99
99
99
99
47292
339561
381253
233125
99
99
99
544556
10476
99
24608
372505
505316
99
341488
99
99
126329
248758
32889
99
222053
99
99
98
99
43249
99
99
179198
400395
99
34415
15586
99
65709
134522
99
236015
99
21042
99
99
79596
99
99
99
83033
99
98
7067
254275
39280
99
89774
99
99
43585
80630
99
99
24803
333683
491559
99
253287
392010
99
99
89753
453
126487
99
99
8170
66695
60377
141536
99
57754
99
99
99
149895
85767
133356
99
99
79751
116515
135700
83009
96
99
50185
99
136053
324325
1765
50827
99
99
110717
99
178815
75935
99
4372
29303
96608
99
399390
63694
131971
99
117458
99
99
99
99
99
99
262288
15227
273954
99
99
99
25224
99
99
441186
99
178082
112678
320232
99
99
99
99
17133
99
99
99
22804
99
34562
219984
99
99
99
190042
73239
99
334448
84900
188001
99
56994
99
238872
99
43239
51495
238181
2547
99
99
238107
52444
23699
89998
151248
348295
360035
394448
416891
231858
246231
99
99
149104
99
99
99
99
99
99
99
380074
332065
99
99
99
99
99
99
208697
28860
1259
95018
99
99
99
99
99
99
99
99
6806
99
119186
16646
99
99
99
99
32001
99
72
117937
113638
99
99
95508
99
99
99
41490
99
99
99
99
99
8975
362693
125460
362803
99
99
240492
99
42750
99
230548
360049
99
195529
314127
99
30211
52774
298901
5517
17312
196013
99
99
486423
99
99
234361
130248
95594
99
99
99
4277
65127
151875
99
69909
99
99
99
99
50849
5526
99
99
99
133826
30188
99
107459
477376
188940
54382
268403
250351
137670
99
19551
216936
99
258841
99
17717
99
52881
99
99
99
99
321188
43345
99
8034
99
5879
99
79381
127344
266833
99
99
99
7581
192348
99
104728
99
442087
31775
16467
99
99
3874
205265
99
23537
99
151115
116118
99
33696
330118
58013
99
99
99
99
98
312657
87296
36083
99
48804
99
99
99
354962
99
99
100525
99
99
269610
99
99
99
99
99
101144
99
99
99
13940
1956
12010
74406
99
99
101802
103938
218895
73826
8206
239336
99
99
99
503539
370294
99
29796
467212
151538
99
125662
99
99
195787
138914
252923
73218
99
99
99
290917
9885
188223
99
318519
99
97
99
99
59007
100738
160096
69875
117024
60430
450619
68382
57770
41552
16996
247328
253300
99
101279
99
23062
33946
359
99
23435
24723
24858
156829
57019
91555
121118
99
79554
99
216071
196420
319047
99
40267
99
99
7241
99
142363
427802
99
190971
397981
160764
9558
99
99
253595
26103
12603
99
99
99
99
99
99
235515
99
99
162986
241142
443110
99
77101
99
8697
99
99
99
280707
99
350505
585973
99
18415
99
95
412200
576257
99
99
442980
99
6127
99
99
60344
99
99
99
27305
487327
58294
5394
99
99
135420
171411
99
190677
1995
99
28857
163352
110695
99
99
99
99
117691
99
246661
99
6262
99
99
99
220311
99
17640
5750
107909
99
99
134394
99
202340
224175
99
99
99
139079
99
99
99
24341
99
99
99
2257
99
457789
179628
99
594
99
99
99
176349
99
98
99
182660
99
99
99
552003
99
99
99
99
99
12104
54877
99
144229
99
127631
99
411602
9580
99
16656
513602
211518
60325
99
98
95372
99
99
99
99
12677
99
99
99
304540
187152
99
8624
37641
39992
99
99
339825
99
99
99
99
74454
483467
108190
83501
246982
188957
99
30761
98
22552
99
99
99
99
16926
26916
99
99
99
99
1116
99
99
237088
99
225196
40316
99
55111
99
99
293842
9069
99
99
99
3601
11293
205307
99
250126
99
99
99
99
405574
62107
99
49884
99
99
72829
99
3692
46922
47781
200451
99
71446
98
99
238615
244031
99
37535
214058
99
99
45745
221227
99
104649
99
99
99
13360
314295
531782
382786
250807
99
99
148994
42757
99
99
99
99
193575
160040
148261
56614
99
168295
99
99
99
99
18830
99
64225
16577
99
99
99
99
99
99
99
99
99
99
98307
99
42219
198929
99
5550
99
99
99
388507
99
99
282908
99
99
99
99
25679
99
12795
99
99
113691
99
134926
99
69020
99
4512
207795
99064
99
99
160119
99
99
230591
147197
581893
164000
323949
503040
99
99
99
99
83312
99
99
99
99
99
141997
99
11984
99
431798
63623
259961
173362
99
99
104286
40158
99
99
306220
94637
373411
81634
99
367114
99
99
99
79
13677
132256
165764
90369
99
45011
76772
99
285193
211703
9383
462303
99
124654
99
99
23227
3414
3300
596005
99
99
99
149572
289066
99
99
99
96261
116351
99
99
99
30459
99
25912
443667
99
77099
99
99
96
99
99
247725
99
99
11506
492595
56619
99
99
99
45876
99
55664
13706
99
178306
99
217226
99
99
99
46102
99
276392
99
99
99
16663
99
97
104330
99
64873
99
98
99
6562
99
263785
99
99
15273
9908
49178
101098
99
287998
99851
99
40494
99
99
52687
44819
99
99
99
99
377114
99
99
104222
99
43235
78835
99
83515
99
99
99
12181
127610
99
218319
107172
399492
13670
99
257143
99
12544
19865
99
108858
76448
99
187305
99
99
99
99
154967
89
99
182505
99
24103
297254
279780
71531
81285
99
430707
288990
143297
28272
477047
99
338210
11188
99
19924
99
356286
99
99
99
99
67680
492252
439
344663
99
99
27621
99
99
99
5423
99
44649
178512
99
267984
99
99
99
99
102222
99
99
99
26446
323229
99
174131
55377
99
99
88389
99
117193
182311
99
99
28303
180739
99
48374
99
179270
99
318832
99
99
4925
99
173807
99
273777
99
99
99
108176
106855
99
99
99
99
99
25126
326603
134397
11917
99
25060
217522
100670
99
99
241320
99
179344
115442
99
99
99
77484
99
30972
181843
2282
99
99
99
99
232317
99
304280
55546
99
99
99
99
99
99
215071
98
99
286855
99
45839
46067
92
46731
321320
589643
99
19983
99
99
99
17292
97
226329
99
99
99
38632
50499
97
99
66697
92696
423922
99
64633
99
99
470605
272582
41641
99
215497
54218
3941
99
417987
178332
57323
99
99
99
40243
31859
99
99
96061
287494
48462
114541
276025
99
380242
99
297704
99
37114
228362
99
114540
15789
99
99
99
4992
99
99
87
99
99
78139
142228
307342
99
99
103888
99
99
87
99
99
163287
99
171604
99
204137
99
99
99
145065
13001
100718
99
99
423606
99
150172
536054
99
99
99
99
107604
289874
99
130546
522678
148888
421447
99
99
99
99
202037
99
269033
167352
99
99
99
99
99
99
336979
7866
23440
84763
99
228044
99
577889
99
99
355248
99
99
361171
265756
170323
208177
340938
148582
195735
23633
109167
99
99
99
3948
121326
90902
99
115493
99
64354
99
46676
99
99
79
99
99
99
99
83850
12847
99
329302
99
328524
188832
57028
99
99
99
99
73927
335479
99
399252
31712
99
224507
115309
18369
99
105433
96286
332819
99
99
43308
99
105372
99
494177
99
99
180329
99
51588
98
185782
99
464908
199254
99
99
163714
41740
99
128979
99
99
59213
99
261939
7811
99
264776
264569
66940
99
80
145870
99
99
99
99
19781
99
99
115880
17320
349570
79149
99
99
99
547373
278013
8318
99
14484
46140
99
277933
1791
99
59324
221989
134622
77441
8010
171320
99
99
99
26428
99
30380
99
119278
161564
296937
99
99
99
35696
99
99
42749
99
99
30244
6676
28616
96595
99
13516
274604
263554
99
82010
99
97493
75186
99
99
130905
198920
62151
99
477542
99
99
99
548025
110577
99
525669
99
18984
144259
99
99
237508
99
14336
99
58695
22565
23960
99
59331
135505
99
99
99
99
143154
44463
108099
89754
71051
159066
99
99
99
295599
248156
178347
99
99
97
99
99
156928
31810
152818
119875
99
99
173136
99
99
117701
99
99
99
99
37398
99
99
72962
34609
99
99
40047
330970
99
12999
3344
99
245025
24038
99
99
99
99
99
26679
99
99
129593
99
96
75693
99
347600
99
99
99
99
9057
159697
99
6240
99
240646
99
4922
18229
42919
261279
99
382818
99
99
99
99
74020
38628
99
99
65066
171748
99
5852
96082
99
99
99
8057
99
99
188101
165181
138857
83807
99
99
99
22398
99550
99
99
99
99
99
75090
99
99
99
99
99
99
176136
329898
99
29819
99
98
99
27434
99
284603
43568
99
40930
61148
395551
99
141816
99
99
54564
416193
99
151002
99
99
99
177441
99
34109
99
99
99
99
99
45829
99
99
99
99
99
486308
99
99
99
170735
63366
18668
203110
458975
99
99
8330
99
99
99
263352
377379
156966
91574
99
99
47768
35170
35207
334437
99
97
99
99
94020
276525
99
198853
99
99
99
31542
99
99
99
99
222392
25266
99
14513
99
99
646
50548
99
99
99
85740
181867
66505
98465
211877
849
320241
378914
99
99
99
143766
344
154878
99
99
25094
351543
99
521003
80219
99
99
274981
206039
331918
99
99
99
99
99
99
104145
49259
99
99
99
99
99
99
13625
99
99
6923
12569
451000
99
99
99
99
269544
98
3052
99
99
99
57932
101069
99
318637
31068
99
405449
248930
98451
289498
372714
99
99
356313
206103
97898
99
99
99
258017
99
155375
99
46476
17493
44240
99
99
101134
28594
99
150828
65768
99
49970
99
377301
3562
99
264187
306605
99
374151
119142
99
91552
79110
29567
225299
13362
99
131783
55698
27887
207496
117197
143104
99
99
445143
99
99
185639
195208
115464
99
3901
99
297003
99
99
99
99
99
99
12513
450867
62504
99
99
99
99
99
163384
116586
99
99
99
29271
13748
83070
99
54418
99
99
275317
6682
94
99
99
99
99
39429
153648
39
99
99
99
99
153558
48241
92415
12981
99
163561
99
261489
304367
99
99
131677
129873
76155
239723
99
99
877
197525
239148
102753
179112
99
99
1229
99
99
64605
187246
99
99
371541
162417
94869
99
99
99
134753
50404
158909
99
212785
439107
99
67705
35299
320572
99
99
99
99
99
349406
395172
221569
99
232469
86928
99
99
75552
11174
99
99
71823
99
365816
99
99
99
148246
381596
65871
99
118809
56760
39037
439078
145354
99
3955
99
2184
55210
99
99
283448
203814
208256
99
99
99
99
99
81823
99
93
52313
99
99
99
98794
149350
99
99
98
144658
99
278741
99
99
448487
40816
73017
67085
87
99
336676
31851
320018
99
29245
203215
99
99
339061
117404
99
537247
63295
486433
99
2480
99
243985
8204
42809
130236
109279
99
211722
117309
93320
99
97
8448
6116
67815
99
104666
99
99
99
99
5234
43290
39209
99
431929
208081
99
4775
211910
391671
246559
99
419803
99
99
99
99
121829
99
99
223901
99
232060
99
99
337477
99
99
154943
99
217117
117558
99
99
3542
217023
99
99
436570
480
278812
295766
422864
99
152770
99
99
25020
99
97
99
281560
71104
99
99
209127
99
99
99
86411
36219
99
99
99
52444
281727
99
99
99
99
99
99
28324
78694
99
99
339015
112022
456377
99
99
97726
99
56197
99
99
8869
213013
99
167673
99
1120
99
99
359781
99
99
14523
99
99
99
259742
363221
99
478652
99
99
101348
99
99
99
100319
19217
23144
12567
99
128651
143546
180439
6534
146475
683
408740
17008
270824
99
19074
279944
255205
99
113426
99
329858
156099
99
98
82005
99
7156
99
101216
99
99
99
99
210882
30783
4498
99
99
236131
76369
330768
99
99
11167
53443
133805
99
99
89917
37530
99
99
88920
99
99
210660
99
99
257817
99
99
99
99
471684
99
99
99
164367
389038
27328
60111
99
99
127058
99
217495
10249
99
99
99
99
42852
99
208337
147795
240414
127332
99
99
99
21215
99
136001
158011
99
219804
14403
99
73975
123611
77730
99
99
59124
99
6897
98
110767
52059
99
99
132706
74609
99
113083
35493
62031
321161
22008
378989
50974
58789
269529
88032
99
99
99
99
354602
99
102876
153240
105626
281404
13057
219511
22250
99
99
99
66907
99
14810
7868
99
99
106882
99
99
99
99
99
91054
10556
99
7064
402882
99
99
342000
99
7753
43747
99
99
99
75854
99
99
235323
132710
27455
99
330449
99
99
99
403180
77680
2333
105339
99
213651
99
64242
604946
320882
99
385103
7230
99
99
249401
155439
157857
99
99
99
99
99
99
56023
99
99
99
233
222105
99
2410
99
99
238225
99
588591
99
99
381004
70432
99
5455
5675
99
191952
111971
99
343171
99
99
263243
99
193823
5148
99
44153
38852
37257
99
232470
99
99
342952
182137
64863
90725
21640
198131
99
99
99
99
513830
244023
99
99
7589
99
218886
220057
176685
98
168946
447141
99
99
99
22684
99
99
29819
67343
99
99
66653
128466
99
451568
32870
99
99
310398
99
90196
184938
105319
99
99
99
364641
26901
99
99
99
99
118752
64275
179319
92656
99
415491
581953
99
42380
422844
44482
99
99
131378
195723
99
154402
3192
99
1259
99
36772
99
104435
475311
99
225964
26374
99
99
98
99
89661
99
99
305049
145264
99
99
99
236300
99
94096
206408
150713
49936
209226
99
99
328681
151242
239836
99
49111
99
204091
274274
99
37745
236912
99
99
99
99
99
215593
212389
116342
99
99
384729
30362
607539
205342
48538
99
50482
99
99
574203
447662
11326
339328
99
99
90343
99
99
48483
99
12226
99
396528
78944
99
8389
133803
90898
99
20988
109093
52227
150033
68603
167433
17381
98
505896
99
96717
99
351642
406980
198907
214290
4829
23611
50573
99
262102
75672
99
353375
99
99
160402
54507
235717
2512
34075
99
104368
99
99
27574
99
486150
99
356079
80516
98
335914
234152
99
3105
99
70912
97
9718
360357
99
57995
99
125420
125404
99
99
27764
99
98
99
99
99
99
249080
99
99
110497
132098
99
98758
99
99
99
172117
99
99
128580
99
414098
343829
28293
294810
55311
99
99
2513
99
5433
99
9769
99
99
99
25879
44626
99
67050
128615
99
99
155128
99
99
235720
99
99
299874
90
78
99
99
53979
99
171906
83815
99
99
494908
99
99
99
99
99
99
99
99
30735
99
99
126463
99
99
164006
35726
32663
99
99
26969
99
167925
99
99
159543
216417
153116
116321
99
145962
14609
99
6144
99
99
99
98
187669
53446
99
99
99
39875
130343
99
454507
108507
99
24877
99
46396
3104
279594
97206
99
134209
98
233021
66116
135784
99
108922
99
99
16946
171021
99
36529
7553
9636
99
74564
99
172672
128511
24487
1598
99460
66605
54383
99
1093
99
171261
99
99
99
99
240676
99
69802
99
99
99
164426
174311
117108
99
99
99
111656
99
90727
60355
27459
51408
99
99
99
99
497332
99
99
99
922
17781
170074
17684
99
99
28564
180559
176005
145396
101319
99
99
159228
427766
99
359454
99
296753
99
99
358137
444897
63061
99
99
99
22324
99
1586
99
101955
328357
455824
99
99
110404
294814
99
1239
400544
99
13286
36218
99
151363
99
117317
99
35527
99
99
98
432640
99
189552
99
99
143638
99
99
229799
45503
97660
99
99
99
99
99
31096
99
109401
83823
219547
96305
99
99
99
181163
99
99
99
99
5102
99
99
99
99
99
99
92631
181607
99
96
99
99
99
99
69558
111539
74410
99
309782
334851
99
607477
161802
99
104488
286846
2727
163904
60125
400402
99
324415
99
99
104658
211474
99
99
76141
99
558338
99
112065
99
241998
54175
99
404254
99
99
56002
99
99
24483
129816
61285
99
381638
99
89011
99
332823
88339
273053
454609
99
292896
18718
142895
99
99
99
63468
84256
99
99
317588
38154
99
99
162612
27530
99
99
387
99
99
99
99
353338
99
99
261385
99
57326
99
429012
99
99
99
278183
353817
106867
224684
99
99
99
17803
316765
514115
99
19432
99
99
39048
99
99
99
51871
147187
99
99
99
99
99
207768
99
23813
99
99
75951
3213
18580
18971
99
68499
99
474627
99
99
99
172194
99
190421
145488
323747
99
153503
99
88629
99
134587
236816
99
28883
99
99
99
99
99
99
83360
99
98254
99
99
177376
98
99
86980
905
99
99
99
26660
26296
99
246449
99
97
99
99
99
99
233395
34050
94
99
99
99
518937
268172
12762
99
99
99
99
170323
109276
81829
99
27788
238033
99
94
99
107977
157556
99
5399
99
98230
99
99
99
365724
66582
100459
96
99
201010
98
64324
99
99
99
99
99
99
99
78693
65714
99
10100
99
99
99
288900
99
99
59727
99
99
81994
25416
39460
99
72260
236597
30975
41635
33509
99
99
99
593659
99
25661
22232
99
41921
99
99
99
458459
99
99
67212
254925
200060
99
399203
246628
191
166536
99
34968
318348
99
99
15766
7412
237561
142283
99
99
123528
25893
99
312829
99
157637
391286
77066
185683
39335
99
57665
99
99
99
151544
381487
40983
99
19129
99
99
129883
247542
361358
99
310237
99
435632
99
99
236456
56598
99
52889
99
99
99
268515
308001
99
99
67392
394184
231038
307769
99
99
267265
147079
99
69804
153976
368557
99
99
344834
224783
84
99
99
32948
99
99
99
122248
99
7803
320647
93323
99
99
6661
15885
3361
81412
99
233563
121377
99
396243
266034
99
222959
73822
99
99
99
399904
99
99
99
99
99
99
26332
99
65650
99
99
112047
103440
224029
38537
99
99
99
99
99
13643
99
82650
99
99
99
99
108514
3974
99
99
105770
99
212186
99
99
99
78324
99
99
203393
10467
330064
99
52182
8076
99
99
99
745
67062
26385
99
99
99
99
99
99
99
251335
99
327603
43017
99
99
24987
96917
99
180537
99
99
18931
11678
99
54443
99
99
6129
99
99
99
591406
99
36503
99
413708
168378
99
476688
52341
81417
99
77604
14255
348053
272059
99
227277
99
99
63751
47859
169423
173187
112095
1900
180571
287441
29727
99
99
42232
10080
99
99
99
99
99
18693
99
273292
137252
63979
76974
98
285381
397063
99
99
185247
99
181037
99
99
54165
99
99
99
200714
99
319863
64672
99
32192
99
99
67147
99
166999
177351
99
454226
304536
1278
28787
98
401987
288319
97
99
99
99
178117
99
99
99
99
169100
99
101082
99
106158
99
99
278207
12021
204606
3793
99
99
99
78076
218672
143451
99
443241
99
99
54892
99
99
99
13053
272623
69757
99
99
99
99
99
99
99
203633
209712
363637
99
99
99
99
52862
25536
99
99
99
99
425958
192426
99
125619
99
99
99
99
50089
98
85
99
99
118831
99
132996
99
99
99
12814
99
254228
182457
99
41624
83
99
399
99
391285
99
99
99
251973
182520
99
28653
1680
99
23717
286543
99
148458
28331
293664
99
99
99
99
176448
380800
221399
68087
43302
306589
211559
99
292668
99
73698
47363
18040
99
47129
109787
99
99
16249
99
40192
586358
139772
114854
180465
26419
99
216809
99
67858
6278
143799
58776
99
264092
99
99
123366
99
99
99
99
99
99
190272
99
360106
99
99
130609
324063
554218
2986
99
99
263662
95
110914
99
99
90
99
527033
99
276879
99
99
78322
99
366682
616537
99
99
99
99
99
63812
345043
99
99
99
99
99
99
37145
175317
368682
2222
40315
292990
136649
99
335612
99
99
211457
186449
99
51247
99
99
99
46731
173612
99
99
42869
99
99
99
99
421074
7185
128306
51899
99
99
99
196297
99
99
430265
99
205612
1645
42585
203226
99
184064
306386
99
80828
99
99
190957
99
286946
99
99
87520
77671
99
99
307171
119
99
99
99
229040
99
38035
99
99
30112
402163
47104
19193
455909
99
254458
99
51033
99
345610
71593
99
558506
99
72261
99
32087
99
372773
99
329615
99
201823
170118
99
194742
99
99
99
99
15965
99
99
99
88284
99
156620
25264
99
99
16322
99
315605
99
121547
45345
26915
66374
27861
99
99
65752
29396
99
99
349902
99
297941
54065
99
99
294487
54496
99
99
311215
20880
61266
99
99
99
427534
243632
419597
99
99
390007
32560
99
99
40031
99
274683
159694
99
99
99
15286
71425
99
99
145510
83649
201824
43215
57972
12220
99
99
99
88
99
99
12497
13168
99
99
84151
99
143849
99
99
99
132323
99
439212
99
99
28279
99
99
99
99
147223
30464
99
99
133634
99
99
82505
99
96
379414
54162
99
31354
231522
491695
99
99
99
99
99
99
99
99
99
482125
73
64446
99
213682
258861
73735
67011
306766
99
99
99
56585
99
515047
99
99
40935
99
99
99
99
99
504586
99
99
99
99
99
98
99
99
41317
16283
129484
55583
98
99
127108
178267
19292
161184
151265
118349
99
187529
99
47908
449679
99
113786
372097
64257
160792
328005
99
126692
99
99
170335
98
97414
99
66673
164591
99
99
55587
143176
143272
169261
105173
109155
363160
99
90227
99
428095
252123
1652
91327
320628
99
99
99
90402
99
130088
99
99
170196
99
183128
99
99
98
12731
99
467702
295072
99
99
99
99
395133
184614
99
328824
110915
99
99
220301
99
99
54357
107626
9923
9511
99
69358
381243
147754
99
99
200020
99
99
64103
159592
99
99
322225
99
34843
230783
81831
99
15299
99
99
21105
99
253220
21222
99
172544
99
99
99
99
66636
99
99
99
89992
111584
6411
36984
99
203705
410075
99
245542
99
99
98122
99
30310
14803
243
264712
324009
139099
333520
99
99
3372
99
33133
65051
99
99
99
149953
99
99
99
251832
99
79930
99
232379
297300
338792
99
99
2891
556123
32830
212205
99
99
191
99
323527
7516
99
99
84
126161
200368
193929
89262
58836
99
99
99
97348
77583
99
99
65
99
99
99
115054
69911
372143
80002
126162
99
99
520576
99
65790
173099
407505
99
168737
99
99
98
99
99
129109
75088
36264
99
23606
99
99
99
99
235040
251668
99
36332
99
73539
99
99
99
99
99
99
99
106047
99
377057
34839
13944
170486
534428
99
171825
33859
182689
99
99
99
99
177858
99
114720
99
99
207646
226087
10683
99
99
99
99
99
43279
213749
538109
280800
99
99
99
99
99
16848
498723
99
255774
33371
99
78522
99
273534
99
99
99
99
99
99
211825
29745
12772
99
105904
254872
99
99
28080
99
17797
127008
1667
99
305925
83727
99
2683
136320
99
99
99
99
82727
99
277464
99
99
221148
82877
19120
149532
152480
99
99
99
298341
163487
151758
121568
35961
99
99
99
73861
222631
99
341324
47695
99
244064
285762
24060
99
99
194580
287332
245282
31977
99
99
17038
99
99
99
7094
99
242955
24480
309255
99
256150
139453
99
99
99
184444
99
275314
99
99
98
99
192068
58912
5077
301600
99
288
99
99
99
284974
99
221618
99
99
99
224355
123613
99
97248
99
51302
99
99
13036
99
94972
99
69476
23186
99
154647
96976
257578
32392
45538
29561
99
99
99
325051
140767
206674
19676
99
99
99
99
171601
335020
99
1522
99
98
385222
99
312059
99
245811
345620
99
99
118786
24362
99
71944
99
99
105761
78786
99
99
99
67928
206788
80465
108285
151660
99
99
99
81736
55379
99
10181
98
99
99
89
56175
88490
99
128223
248739
93708
99
177064
229769
99
99
13497
32611
99
20916
99
289859
219147
109736
99
13274
99
190138
99
100604
130538
253584
99
136345
141810
23349
236900
99
99
99
99
99
309262
99
99
99
99
99
99
99
99
99
99
99
239487
99
314442
99
207313
2565
85373
99
99
173984
97033
99
119191
196563
371476
4360
99
289525
99
99326
97
99
4601
99
276049
155598
99
234280
128830
99
99
99
343829
99
1762
99
99
99
99
99
83405
99
99
99
99
99
97220
99
99
337081
266137
99
50296
99
213673
99
30841
99
99
23511
425748
99
225858
99
65784
99
40542
99
65445
92446
17371
50021
99
167813
145899
99
121829
99
99
578987
99
98
99
99
99
99
141419
350218
76799
99
99
5196
99
99
12566
99
25211
163662
99
99
116847
17664
10062
272895
99
762
99
99355
392370
116336
99
99
99
99
72886
59833
99
70223
155414
99
99
237960
136527
99
99
18893
510152
99
55246
99
99
99
99
99
94
102264
99
472673
129107
10318
122808
99
121405
125548
6004
158982
99
577957
99
99
99
99
99
612603
99
99
11496
99
99
99
335313
99
339540
99
16981
99
99
99
99
64403
8165
99
149693
608264
457339
54652
102032
99
427322
512916
124112
21861
270176
51502
165416
368674
99
156895
306943
55009
99
99
409189
99
81452
67315
48607
99
99
99
99
99
229692
99
99
99
99
98
347431
99
99
99
351290
99
99
99
10627
472313
416871
32689
9574
241598
99
99
97
266417
32551
5133
81494
99
99
99
99
99
210346
396892
99
267608
16754
93284
93848
2822
99
300689
99
88482
92
99
99
99
35999
178917
99
29440
46488
65226
30569
103311
251254
99
98
52265
99
92767
99
27511
372284
99
42221
99
99
97
1205
63765
84939
99
81845
99
317181
341230
99
253111
99
65596
99
129335
99
216969
99
99
235511
330233
463202
99
99
17586
464495
99
99
210615
285130
99
42618
37286
99
99
14697
83908
99
99
84900
10970
99
253290
2071
384946
251409
99
14534
99
178957
99
110239
99
99
99
99
99
21
99
208016
479495
182213
259814
154082
92671
99631
99
326823
95
99
99
99
99
99
283440
99
99
193673
174801
99
27452
99
36051
99
11292
21487
122742
165621
154335
69385
42517
32988
99
38838
99
256442
21066
99
5131
28809
32657
99
41575
99
6101
99
140346
99
99
417600
99
99
99
39989
1695
12019
99
99
378541
30969
150533
8031
99
99
20481
17184
99
312754
194932
333650
99
81404
33394
272839
161395
99
139293
99
99
99
99
385034
99
99
99
99
109767
99
48646
99
97
18423
192309
99
99
99
149008
122137
428760
99
250014
253581
98
99
99
67734
99
99
99
377435
433508
2585
99
310837
98
85579
99
99
99
157446
99
99
99
99
86684
99
99
99
23035
98
186115
99
99
140890
28281
217109
99
99
47494
99
15546
113744
99
99
99
99
99
261867
99
99
99
99
13433
272794
99
99
99
99
99
99
99
5206
48704
177072
232642
99
99
22713
235548
99
99
7548
99
27095
81
99
122461
45403
99
429628
99
72825
94490
99
326058
116685
18135
106667
144082
161192
99
215569
36576
99
99
99
99
99
88226
250720
378004
398260
99
167251
327718
99
12977
109727
305088
112094
99
333736
275773
278028
12303
162873
99
99
99
99
111401
99
117597
242890
99
195958
99
99
343081
23087
54694
27854
24252
190827
99
99
99
71231
99
96
60833
243536
288047
99
99
99
99
292482
99
33210
11845
11892
73195
203225
99
345116
99
99
99
90715
458193
99
99
99
99
99
91154
96
99
206444
99
67279
63798
77335
76314
99
29423
300234
538948
363033
99
99
17039
99
99
99
99
99
532676
419532
99
99
99
21433
489421
99
99
99
261487
99
98
99
99
99
99
99
224265
99
216453
99
99
99
23572
4267
99
99
99
99
374160
283692
99
86131
135396
79595
99
250513
3893
70199
282
99
55304
99
316803
183459
99
99
99
98
59676
157598
229059
47306
366769
342808
92281
99
356439
99
99
215495
99
99
110861
99
99
88160
95718
99
288457
99
99
99
99
99
99
99
99
99
266937
38269
99
99
99
270522
321432
99
99
42754
99
8295
99
164619
35722
244771
99
3296
99
11764
99
99
97
99
153470
99
195131
84515
99
99
25322
99
99
75156
99
15527
145365
24149
21690
71399
193771
105389
99
16226
99
464670
99
99
99
14615
99
99
99
91039
99
249516
99
129477
14737
15482
99
99
267161
18752
112171
451599
99
99
254644
95349
68382
355979
14430
196111
33557
17990
125316
99
99
135812
99
99
99
9784
99
99
350205
232378
321749
11917
119263
455403
13146
99
99
224737
98
138026
99
99
79736
99
10322
70112
99
99
118732
99
10200
69468
324933
408519
99
198277
99
243447
99
34006
46845
99
99
99
176268
179310
68175
231547
99
475449
99
378218
139431
99
24513
99
99
8772
99
99
144154
99
99
262956
119509
72125
110522
99
289017
99
77190
99
99
23425
24343
29389
99
89093
99
289121
99
76744
17700
223885
51318
89745
18199
99
99
237689
99
99
99
99
99
107086
99
99
122570
207873
99
268130
98
99
99
256544
254931
8764
99
34733
359847
579932
68363
99
99
99
99
99
61619
99
99
99
425765
4699
401007
114520
24324
162574
99
2191
99
169529
99
99
99
170800
124302
85728
98
137018
99
99
99
227177
237085
62550
10646
99
367923
282363
162290
99
278168
155114
99
99
168286
318933
99
58470
123463
329404
99
99
99
23254
99
129841
99
76959
54673
403001
99
99
28512
347009
117893
24204
231983
99
213514
99
23980
165093
42829
62143
99054
44482
99
99
98
110551
99
99
150045
190420
99
99
99
32726
3591
99
295261
99
99
99
186103
99
99
99
99
16900
194206
18834
30560
26942
15629
588801
99
34287
23297
99
404632
99
99
99
99
99
372815
99
281562
185680
167462
30662
108420
99
417030
99
161685
572203
99
99
511921
52535
99
456761
99
357874
45747
31909
90975
92084
99
92056
37984
37862
99
99
99
97104
99
83939
13887
99
314256
38233
99
306310
465670
99
323529
99
99
126797
69224
177745
99
99
243412
99
57958
99
99
99
41150
72534
99
6331
10044
99
139658
99
99
99
23244
152529
111923
454951
99
99
39777
99
99
99
99
99
99
99
171512
99
415840
99
32970
99
99
221277
428331
99
501241
178468
99
10822
98
99
99
211965
22491
99
181061
99
99
123182
99
55808
184340
89194
40999
99
99
99
348150
99
99
99
99
72596
46915
99
23624
63322
99
74306
99
280403
99
98
335143
99
31650
374764
99
49622
1133
99
99
99
282181
422175
99
99
218984
93588
448497
62706
408222
10919
190265
35706
99
99
256197
483115
122115
90695
99
99
115829
429192
146022
99
99
99
99
32560
99
43298
99
317774
99
99
99
99
99
136382
99
7977
99
99
287103
455
43640
99
397076
50968
170848
99
99
8268
99
137637
37420
110275
191261
3215
197624
99
305693
62372
99
99
171825
245411
99
99
