139240
99
171570
99
99
99
133777
97
155020
99
99
99
375409
99
99
178435
99
99
247184
74336
333572
99
395607
449289
189192
99
99
4808
74528
99
161684
99
99
92600
99
99
99
186615
99
117714
304333
99
168810
144253
99
99
99
84563
99
99
31173
82
99
99
99
99
90167
128854
99
99
51265
99
242546
99
172117
468125
98
99
99
99
21149
99
125666
78436
95256
99
96
510767
99
99
99
219232
172824
8927
102834
2273
380243
41887
155725
99
99
99
99
138421
99
99
3348
102433
99
260715
99
99
200995
99
274231
238388
236058
99
218485
99
90963
99
252037
99
99
99
60151
10332
99
99
100485
99
229807
153164
99
473363
32951
128913
37979
297346
99
99
99
286134
99
99
99
445411
435121
303080
137760
99
219046
95380
99
197389
99
99
298756
99
284594
99
99
101157
211871
99
199703
19962
22678
99
188026
141306
172622
180155
139395
73179
99
64138
99
487035
99
169240
12422
50532
12538
99
228536
204251
99
135767
248470
99
103800
99
53315
99
164812
99
45656
99
99
99
99
7668
99
99
392038
25519
99
99
249103
99
253935
215346
99
99
99
99
318590
99
99
99
162596
99
43328
99
168035
99
302030
99
115192
99
70742
99
99
99
289627
99
99
42924
99
20017
69724
99
101286
133027
67033
6664
99
4874
99
14081
352545
99
97
99
73470
585038
415962
962
99
99
99
140774
34009
99
327992
99
39284
235480
99
99
187710
61950
564110
99
233984
128609
282602
99
99
8030
11993
90
99
99
99
99
99
147354
99
94057
99
3096
148351
583729
467873
155278
18711
99
99
99
98
99
88168
121744
421160
95
22666
56461
99
99
319420
21316
99
99
99
99
48395
113980
34183
99
180875
99
99
3006
97
99
99
27805
99
251333
15224
99
99
347844
99
99
99
347127
99
99
99
322251
99
99
99
99
8520
99
207113
408723
91149
99
79132
7426
466353
99
99
99
99
99
142907
99
99
466914
181545
99
304067
99
99
99
116707
99
99
99
99
99
201461
261853
6110
99
99
121279
99
99
99
99
99
99
59367
14114
42777
353262
13955
99
5405
64055
106718
99
224344
259378
29615
99
99
38006
99
99
172536
99
4331
51417
204273
99
1714
59091
99
306764
138741
62980
99
97
98
99
413421
106028
99
99
99
41760
99
376403
12504
95
99
352152
114719
99
99
194464
99
99
99
366171
30325
315834
99
99
99
22215
99
99
99
99
26019
99
99
265075
18998
99
99
99
391318
131955
304320
28238
14504
242743
99
99
99
99
81075
276068
12174
99
401125
99
99
13340
103973
367325
340754
444889
12555
26986
99
99
35775
99
175450
92083
99
161420
230014
99
99
152098
370520
152760
21536
127464
400158
99
99
94
77054
250173
99
99
149052
308741
99
99
167776
477218
53893
99
99
99
99
99
99
99
99
85314
170733
3292
99
99
133642
128123
42953
116263
99
5762
53391
99
30832
41588
58780
118146
36464
99
9518
25785
63531
38723
116094
99
112577
453483
14177
26282
393891
213363
21774
99
99
99
358012
99
99
129309
442064
99
202977
98
223601
333811
99
99
99
99
263826
99
40406
47437
259518
1224
87731
99
125383
13676
228281
124259
9024
99
303443
99
99
99
99
135701
30855
99
99
99
341503
47952
99
23052
60995
426681
99
99
99
141096
26194
99
142613
362681
99
99
17445
287216
306800
130777
39593
99
17799
23500
293857
28586
91917
6269
99
33186
99
99
124526
99
99
4308
99
99
99
16475
36685
29612
99
99
74664
41205
99
517764
258404
99
99
279932
245066
257334
94
99
99
186887
99
6915
99
99
99
99
99
50422
99
12759
9522
58181
463083
144994
99
7453
131061
118656
184302
419987
95
99
43493
99
99
54461
542165
99
99
99
99
192401
295
83415
99
99
287771
99
476595
265498
99
99
99
99
99
123446
7965
280718
99
99
307319
98
101593
99
314662
99
1861
99
53608
264540
99
99
255762
99
99
57322
99
120524
99
99
36623
331737
99
23070
48532
99
99
94843
9830
99
99
99
427425
136531
216529
99
27909
99
213834
26558
99
149305
95617
110741
239
315909
99
3758
486513
99
234877
93880
320477
99
99
99
99
99
91574
99
141749
99
12466
99
34829
48872
99
99
287835
153973
485727
118593
99
62159
99
8963
144608
99
91
331748
59743
99
99
21643
99
30121
99
99
99
292820
99
99
99
99
64441
27698
99
161058
62207
99
99
99
277353
332044
118745
99
229545
99
99
99
99
99
75585
99
99
99
99
8333
140717
135355
177845
41448
99
304610
99
233017
7048
99
99
99
202590
99
48167
301438
10846
99
99
99
99
99
120471
99
99
99
99
99
21125
74914
99
99
99
63968
99
99
58599
60886
222342
77946
99
99
99
58433
38200
99
77288
3975
99
25675
99
99
99
99
99
99
99
99
106330
8869
51862
97
80058
97
136765
99
99
99
92677
75932
533297
85445
99
340365
39935
13895
99
50747
58305
99
53079
99
380472
110390
68741
97
93787
347403
13188
139397
99
99
99
202952
22916
99
99
99
99
99
99
99
3635
99
71
99
152873
99
99
8125
214765
99
99
38372
21137
311706
99
499535
25416
99
99
35672
99
99
99
132554
165033
111373
189797
96809
352638
99
111442
98
270229
99
99
99
99
99
99
99
99
151808
227652
99
99
26703
26843
265259
99
37754
234460
207533
84990
51166
22052
142325
99
253708
99
27187
20464
175794
99
99
99
99
99
225484
48332
62054
99
230784
99
164687
98
54182
99
99
158556
99
99
99
99
115145
99
99
259560
99
423088
105359
99
99
99
67190
32788
99
220616
365853
20789
99
143325
93947
99
262742
99
99
99
99
13938
99
99
1181
99
99
99
174346
99
99
99
99
99
192840
44522
209339
290063
99
99
99
99
99
482523
99
209921
99
347864
99
440313
99
111027
123927
99
99
287783
99
377234
99
99
99
82
99
99
99
99
26688
149666
189194
84106
177185
99
323296
99
10927
26096
93
99
92097
99
480380
84394
99
459013
99
2330
41831
99
186130
99
99
99
292780
99
455907
99
25118
99
82674
99
111747
98255
99
99
98
99
107495
99
193343
506408
388836
50060
462342
178910
11749
99
99
5894
502310
334676
375422
78250
115383
7431
122529
398090
149408
99
302689
99
99
11877
99
132683
99
99
293672
99
99
99846
24686
33155
452285
279474
10677
99
183996
131158
99
515203
341062
99
118159
166624
97
99
13085
1470
28353
99
99
19481
368116
98454
99
3219
99
99
217930
99
99
99
99
3541
99
117679
99
99
99
99
99
399525
99
438019
40160
198036
61114
99
17552
154920
99
99
99
63507
155878
469818
99
232322
99
99
99
117256
13362
99
99
6275
131424
9646
465164
99
99
27951
99
99
99
44804
99
162724
99
218489
431242
99
99
513423
99
99
99
11237
99354
99
99
99
57500
248235
99
99
310042
150663
99
99
29611
99
13325
99
65259
99
63664
99
99
29154
251472
99
28237
131121
81042
99
99
35946
65028
32532
10054
93
99
99
99
99
99
99
99
12654
99
99
99
4283
99
256466
270353
1921
99
99
99
99
99
66779
99
99
502590
475407
99
99
120340
270335
99
513168
99
99
425907
104098
99
156757
5646
221020
99
99
99
323463
99
99
252538
126495
423614
217308
340574
354042
3846
99
99
147898
173849
366924
45277
99
33937
249955
99
396222
99
99
99
336956
99
99
99
99
99
331526
68370
236411
99
99
142778
148607
99
99
12332
99
151512
99
21923
78993
496
99
228654
99
99
74706
380284
1200
195742
444088
99
22932
99
99
99
314680
99
128825
99
99
138840
87760
99
50689
188691
99
100181
99
99
2104
190223
99
93933
54681
279266
99
99
95816
433222
24087
99
85542
99
99
99
99
99
169386
214059
99
99
84645
272491
99
99
99
39061
451189
99
23752
9335
99
79849
489744
36838
99
223556
99
30119
99
26951
99
105890
116070
252470
25633
99
85106
87282
99
99
242970
99
99
99
88883
99
99
99
128895
200038
505270
63703
99
99
99
99
99
99
97
99
99
13121
160541
231136
99
99
96110
99
98
190102
99
99
99
99
31167
7766
236890
1381
99
232582
319832
99
99
99
9603
99
99
99
99
172095
99
99
56080
99
99
99
186917
99
5090
179484
389889
99
99
99
3802
377474
99
137927
99
99
189307
99
97
271829
154518
388757
99
99
99
398944
99
99
172297
117359
7803
99
48715
99
99
244237
99
231713
99
99
1339
99
99
99
198424
112359
98026
10078
15780
5927
99
99
99
99
144956
167828
99
99
125028
305727
99
99
21296
316024
360862
39242
121028
99
99
99
99
353077
99
99
325381
99
99
99
99
99
99
99
99
99
99
355639
559236
3337
193410
99
57445
111870
99
226828
99
99
237777
200639
93747
99
64317
99
187438
104709
35155
95905
20127
99
99
252365
568652
99
117865
225176
64312
77812
135991
99
91844
99
99
174533
127528
239347
99
127313
212643
34261
169617
137383
40301
202497
99
99
153484
99
99
99
99
362146
5668
99
235231
99
99
200786
99
99
99
99
132218
14575
276409
8440
107086
72623
283514
49393
99
99
99
99
99
99
99
89768
121066
99
99
99
140313
99
28534
99
99
98
99
2479
19266
99
156346
175467
5736
99
99
237058
461162
239871
137868
438774
99
198879
327884
99
99
99
133276
99
20475
99
99
99
99
99
99
99
17937
327446
94336
329550
99
99
99
99
99
99
99
4098
99
285063
4631
99
98608
9764
99
50965
99
134889
99
99
99
481131
99
31233
177035
351872
66913
99
99
99
81252
116054
1050
26905
99
23111
99
28439
35577
48430
99
99
99
99
99
400291
126397
11042
99
4519
130855
99
163727
99
99
45250
99
32468
363470
99
65193
94775
47551
99
291954
84822
5156
51995
337436
99
99
14114
243752
99
19879
99
3097
99
58632
120892
16338
101928
99
87083
99
328608
67590
99
99
1058
99
99
99
99
89
389993
4436
99
21572
99
99
99
16508
59536
99
27968
99
265106
54290
99
388932
93645
402794
99
99
99
102093
97
99
99
99
322805
6688
99
99
99
313102
99
38982
99
99
99
171724
99
8006
61252
99
99
99
99
99
14901
99
99
52177
247403
2324
36956
132692
99
58893
23692
99
133693
99
99
99
99
126291
99
10493
99
196740
447089
99
245233
99
150470
99
63369
153695
96
99
99
97
99
434531
4368
85234
99
99
99
99
131574
15727
99
99
278440
260661
99
99
47904
99
519
99
91093
8107
137811
99
97393
99
99
99
99
99
7786
322178
99
99
99
146592
99
99
99
3936
227544
99
80571
2047
275342
49399
99
299202
277035
12166
67882
83435
99
99
99
99
172953
93985
99
99
40407
326783
267011
10078
405686
81678
247355
58980
99
99
135358
99
96
211975
241614
99
3507
132993
99
99
100824
157862
99
98
99
99
339100
99
271142
99
99
16456
32829
99
99
164009
93153
99
99
99
99
35124
99
99
99
99
34655
433929
99
99
369639
99
99
220685
99
99
274223
63406
244275
99
99
5510
47306
31798
99
26623
99
99
99
99
95387
87081
15092
278078
43773
99
50697
136400
99
99
99
99
329011
143714
99
278777
99
3014
99
99
238237
99
192319
138124
54779
99
35990
71523
99
476298
99
99
101865
99
8490
184786
99
121399
185065
99
180288
99
99
99
99
99
486925
242025
99
99
99
47131
114754
99
358796
99
97046
98
99
9179
223200
99
13
290819
95239
101161
99
383907
93
99
103653
99
245864
99
168145
384872
195573
97552
99
91793
99
32373
99
99
99
22096
5295
99
434308
52899
47505
99
18814
99
121539
120952
32158
198097
99
99
99
415250
6486
99
199537
44580
99
99
82836
99
119380
99
118339
99
300308
99
296996
99
99
194368
71686
141339
99
413227
99
99
4977
99
99
99
18341
71454
99
57772
99
99
99
99
99
205444
135179
99
99
99
99
46576
99
350631
99
273111
99
356148
99
99
285650
414898
99
1154
173432
83511
102114
99
6309
382572
99
99
174538
99
1967
8361
15055
99
40771
99
99
99
123419
472025
141836
99
451429
99
99
99
68714
510137
99
99
9073
99
99
99
102004
55503
422672
99
415610
99
44182
121270
99
99
99
1398
99
99
207517
273655
99
99
6553
99
48134
23371
99
99
39651
2195
99
199587
71877
228320
2368
22150
100884
99
226432
99
82783
187647
50390
99
5104
69481
590200
99
99
8640
62559
99
182425
33864
377093
99
99
99
99
89229
99
99
158190
178351
99
8562
34146
91991
197044
45671
99
25083
99
107831
156520
267386
99
99
505366
126094
34066
99
99
82293
99
176985
321135
99
99
32854
99
223997
99
99
99
99
24381
99
99
99
99
390128
99
148192
20473
99
462
99
99
491410
99
193620
99
13060
231951
18760
29720
99
23175
150803
38613
99
261552
145338
221480
27950
99
244267
99
320253
34206
31409
132909
99
99
99
251501
48880
235172
61753
1432
99
99
99
222001
99
417384
44607
99
374982
99
151247
94
13859
274033
99
99
103436
99
52569
197721
99
285509
6972
324127
99
164289
352063
99
200752
99
99
99
99
386989
99
99
318055
140342
92607
167786
99
73368
99
230421
99
99
53757
165383
284603
99
60017
2060
36658
99
99
48114
93797
99
444132
99
329255
97923
71
99
99
99
58777
467303
499459
263590
94
288478
41229
99
17816
181276
258241
99
83861
99
216734
99
99
215541
511483
151565
99
99
99
35232
99
388384
5350
14374
99
99
99
99
48738
18950
99
151438
241867
99
15389
348057
99
44382
179358
99
128896
99
99
157
245936
4940
99
99
45409
99
190626
293843
99
252818
524670
99
313542
48317
487564
159920
2713
138389
106646
99
99
99
294482
55628
267730
99
182864
267432
156713
99
37667
99
99
106628
4500
99
188213
60164
99
88305
99
99
99
38070
99
99
344925
99
99
99
29937
94778
99
58385
99
99
262119
99
99
99
19359
99
99
24861
99
99
99
99
27748
99
99
99
8251
584346
99
99
92
507217
99
99
99
284254
99
81844
99
99
97
99
485605
99
99
99
36441
99
99
99
99
292926
213521
205140
413365
2732
99
99
54
99
99
99
95
91930
99
99
99
99
183515
241237
99
99
41758
99
96643
99
321110
99
484162
99
93
102723
99
99
16023
99
307721
99
99
99
99
99
4166
350616
278633
102044
97139
97
5548
161921
99
92673
99
33047
99
99
206621
50154
207909
58040
99
97748
48138
96010
447890
99
71
99
99
10366
99
195741
99
276355
99
202686
22767
99
346679
99
246207
11129
152138
99
99
238782
99
366550
434405
12267
99
99
99
99
70455
431088
290338
99
99
99
200800
99
40185
140856
34117
49964
16357
311876
99
99
199646
99
99
99
104773
99
149767
99
99
96564
74944
99
99
99
99
41239
99
486171
99
155820
99
94428
120351
100928
99
10137
99
99
99
96
99
99
99
101165
97846
229604
172238
476509
99
99
111489
1318
415212
389798
177650
418312
219760
99
119
99
99
65110
175659
99
99
99
99
99
99
99
99
330321
262419
99
127526
99
153971
99
99
45079
93859
99
99
300223
252617
436904
19089
99
99
99
102055
98
262179
99
1172
54765
99
120090
380226
85739
99
99
48198
99
99
99
99
21348
62553
56412
99
4493
99
99
1302
99
99
182551
352865
99
127219
99
368664
99
257588
99
133545
99
99
67017
387445
99
99
313771
99
90
99
12307
82801
99
99
29087
99
99
117558
99
185558
86
99
99
305177
54468
99
99
305166
45743
99
165517
449392
99
99
99
99
99
99
99
177831
99
98
136619
118406
99
28227
206506
99
64638
99
99
99
99
534856
75609
99
99
99
99
99
135313
69335
170939
496697
286278
99
88109
97
99
99
218023
99
99
99
99
99
45694
99
4097
99
61880
423407
99
99
118182
22598
201233
125522
99
99
114679
96305
99
99
99
107882
63820
121336
115905
99
99
20609
403738
99
99
99
99
273738
252474
1112
99
99
99
99
99
99
99
99
92346
99
5670
215602
99
201576
103229
99
99
99
209994
99
102243
99
393307
99
99
99
27863
21488
99
183478
99
99
534784
99
99
139772
99
131569
7802
316439
97954
12915
99
183041
23081
76854
99
52990
284365
99
201820
93
98
99
96
99
264165
45148
101688
99
99
130769
99
234790
74668
99
99
17266
99
99
99
99
99
38735
99
99
99
71907
99
99
376293
37968
99
99
99
405421
99
99
188407
99
206477
99
99
181402
99
399
110885
105991
99
33387
483522
99
98
99
99
22686
123998
99
90330
109592
99
14984
99
92514
99
61352
79345
30075
99
99
287962
99
158708
99
57767
99
25953
186849
352590
121430
99
99
99
42857
12803
99
99
99
455516
99
99
96827
99
99
99
125878
99
396912
302423
370052
99
286908
52222
140203
265741
18690
99
73352
311732
154967
228428
256495
99
99
99
460600
302333
99
99
99
162524
99
257290
50875
99
99
146599
99
215003
165363
99
48716
352115
99
99
38285
99
72370
98
67829
99
99
99
99
184699
99
99
297110
238538
164057
130397
99
72819
242950
99
99
106613
256123
99
99
99
99
99
242311
99
99
99
99
99
124
99
330887
99
99
266135
215568
418655
20815
511533
188046
88001
99
99
99
73701
156531
99
13392
367957
99
24151
355796
27406
104112
15076
99
62971
99
135103
99
282763
99
124270
99
317520
99
99
99
99
16944
142423
99
16399
192394
97984
99
3470
99
99
42115
99
221289
1605
99
2040
66942
429817
99
111173
100567
99
99
156407
99
99
283490
99
99
99
349778
15049
22949
16574
99
335731
342159
99
9760
171116
99
121203
98
99
99
99
99
99
343197
91414
154633
41250
171513
45727
99
99
99
99
142377
99
273278
99
99
266440
204880
90025
74874
99
99
177127
99
37078
154948
99
272861
99
7004
99
99
321848
516753
107162
182642
64
60734
417177
283146
99
99
99
99
60618
141615
189117
99
99
99
266391
242215
99
247240
71537
99
352589
245062
517598
134015
99
99
29170
99
5970
219152
7090
99
37599
5274
99
106056
99
199025
150830
99
4002
99
32907
99
99
6937
99
174608
99
74746
99
449098
254802
82587
15442
99
99
99
7242
99
99
99
90960
41336
99
11060
99
99
99
99
99
178764
107944
99
99
99
25727
337770
319801
31101
99
99
37113
70065
14052
99
99
99
244040
180138
56588
103468
171537
13066
99
99
99
558324
99
99
31719
312944
99
42690
48521
99
192189
815
302583
99
16087
8347
99
79532
14431
99
153196
99
99
99
99
99
99
99
232932
64157
186997
141352
531457
99
136257
181022
237957
99
8304
99
96
99
99
99
45207
99
99
99
99
8699
34548
99
197458
92
99
99
99
173783
99
79234
99
202845
98
99
99
438244
158724
52241
99
211986
12557
99
137516
243699
90459
99
140264
99
99
329935
78376
99
200660
32239
87694
15997
99
99
99
76172
99
99
99
90885
99
158631
465941
99
80830
48977
99
10048
523824
76913
142602
160955
173250
99
99
99
99
99
99
148771
408784
365381
99
99
34234
99
99
1466
99
125600
99
99
99
524791
99
204735
248296
99
99
30544
64057
99
99
99
99
1173
83110
99
99
99
146794
99
99
99
115204
207991
99
234236
232759
142890
99
225785
351785
99
99
99
99
99
97
99
99
99
39208
184397
59509
10981
99
167272
99
214556
458806
99
91
99
228061
345886
58429
199654
226871
97
99
99
178449
99
330680
99
99
206861
306305
99
99
94366
99
99
57096
99
99
69828
99
99
21553
99
420245
99
99
30460
99
136967
4568
99
99
99
49456
67565
126392
199966
99
4164
99
99
99
99
99
99
99
99
69091
202445
99
99
99
99
218515
372808
99
300180
99
295618
211287
99
99
90649
23199
115923
145506
83803
99
99
23942
209516
3355
174333
269744
47826
99
3319
63218
160988
99
77751
8195
99
94
309122
99
112568
515428
97
46499
99
369325
82960
111937
97085
99
5263
367405
99
99
99
267352
99
99
16684
54329
366198
99
99
74055
285326
149254
99
99
44015
426786
99
99
99
99
13397
98
96
99
6028
99
97313
78
99
206223
218055
99
175371
101762
169857
98
99
99
99
262081
99
263143
97
99
99
99
99
99
99
31292
99
99
151213
99
99
160346
99
99
74008
99
99
92986
168171
99
303858
104621
134899
24671
16146
122353
14271
99
150017
288225
99
51409
99
99
273148
98
283544
15935
99
77305
99
121943
99
99
275896
301146
37392
25956
99
99
99
99
99
3282
99
99
12488
99
69481
99
11949
309039
99
99
18466
99
99
99
99
20031
119407
140279
89136
24577
108
99
98774
73140
99
99
99
269588
385974
312251
141680
99
99
99
99
99
97
99
99
529157
33656
99
99
99
99
99
155774
26580
112860
134357
99
99
400880
6384
99
99
415758
99
26197
99
57275
99
19151
39543
99
99
99
99
99
99
99
99
11228
99
99
56391
99
99
6364
14144
99
93
97571
20518
98
99
99
204046
97565
6454
91832
38935
99
97
99
99
110385
116568
93434
122614
57395
298397
97
11396
42402
99
57177
54241
99
371118
99
113521
72465
56655
99
99
96665
99
99
99
230284
310884
99
1730
99
99
99
86720
88814
164896
99
93737
99
48542
99
129857
183678
8121
99
99
99
323690
99
99
99
99
99
99
11786
364743
27181
17420
99
238354
68585
80325
202626
102511
67138
99
99
49988
99
99
19205
116991
370274
105671
10493
99
302612
99
99
55457
99
110176
1035
9662
99
99
99
99
99
184518
99
288040
99
134037
297021
27539
99
99
99
24070
99
436384
99
32055
99
99
99
98
99
99
310203
301451
99
26225
206535
265099
99
99
99
87061
99
99
99
41160
99
99
99
5991
4689
118026
99
99
360836
31876
23369
99
378485
369748
70266
55230
114772
271564
141489
99
305342
99
99
99
84479
99
13090
49038
99
99
42511
95
571184
298349
99
300652
98
28788
196826
84245
40868
103185
76466
99
444163
99
99
99
99
255773
12187
536579
136956
20230
99
3695
99
99
63642
99
366945
258116
99
99
99
99
99
35102
99
13316
99
99
99
354910
99
4793
99
99
179898
49731
99
99
142646
353395
99
89699
99
258911
2626
133265
99
99
16766
135159
221024
99
99
546
310754
99
99
153978
15886
99
157845
156521
451
40153
431269
31858
99
31849
48107
97
99
149358
79382
2211
30657
144264
99
131052
10536
99
99
99
99
2293
99
99
15709
92
285828
43405
98
99
99
100139
303719
99
99
99
99
40270
99
99
14804
99
135251
123016
99
231102
80924
72521
106212
99
108789
7338
159503
1802
99
99
99
99
94
31494
32887
99
175866
99
75694
466730
9494
98
99
499937
117491
286439
274199
99
32755
99
281833
99
73522
126348
99
99
89154
235104
99
99
99
55777
99
99
476157
59327
3567
99
156
380257
99
2548
194741
99
99
99
99
99
376700
50980
84213
375600
98
47608
99
99
99
99
541
58979
90105
99
99
99
103626
99
99
28511
383239
99
98
99
99
21314
99
335337
99
6383
27472
8298
99
2377
99
99
99
99
93
99
99
99
99
99
99
91188
99
10656
99
99
99
335061
57851
99
99
61921
99
76005
97
99
99
99
252658
91
99
146
99
99
288247
33781
99
372223
99
242995
99
323756
99
99
99
99
8062
152751
72372
245652
19003
99
84
68824
144765
99
336113
99
50198
126232
99
99
99
70271
99
34766
313450
8309
99
99
99
153188
99
99
39606
15735
134903
98
182197
432071
99
265615
99
240597
99
99
305565
206784
265938
99
215658
99
164385
36367
99
127209
99
58225
99
99
98
99
213469
99
99
5716
99
99
99
99
99
71782
347182
99
108937
99
233655
99
327278
179056
99
350394
99
99
99
206790
99
15075
99
99
95233
99
121811
99
70283
99
99
99
99
99
178580
99
115298
67698
151111
10034
99
99
70650
439014
122172
619
284759
150815
246183
99
462
564199
99
155334
99
99
99
7933
99
162698
66896
99
99
99
99
99
99
99
260428
99
448552
99
99
99
83515
99
199938
556
99
310064
99
99
5217
99
19727
331231
64993
203640
99
99
99
99
136447
105130
99
99
99
203127
99
99
495084
99
453955
99
99
271888
99
99
99
99
41126
99
99
170039
99
99
205506
99
121070
99
99
191365
479721
96
1618
99
99
329279
271470
48106
116810
37684
98
184260
99
275
33325
148336
99
452755
403684
99
67276
99
99
298511
99
99
285157
99
99
99
99
99
99
98
51673
99
99
11255
99
81272
371311
99
66825
57146
99
99
220256
99
99
99
98914
99
99
99
122900
99
16645
99
430035
11310
99
99
76039
12389
99
99
99
99
15098
2487
58194
52546
315158
99
374358
99
299833
99
1959
99
99
99
99
133496
99
99
409550
99
99
99
74259
99
99
89732
99
99
207951
397401
155253
99
206666
99
273567
99
99
189939
482656
99
99
110138
32948
99
99
182266
284546
99
20886
123691
99
99
99
404313
99
99
47727
49116
99
99
99
99
205230
99
99
99
99
18121
273977
277446
36053
470409
99
429457
39493
201169
191885
98514
86957
99
77535
34681
99
99
506898
71706
99
170508
253157
97
102672
99
99
191079
57215
29406
382514
236280
73180
99
85567
490914
99
61363
99
99
162000
21433
17881
99
114057
99
99
99
99
405507
94
256586
77839
99
220358
50716
20794
99
99
99
99
142352
28943
99
23258
99
99
99
99
99
111848
99
99
99
99
99
122
31432
99
99
213692
120632
178675
99
407651
99
42623
99
217901
99
99
202392
431468
127253
99
22328
36563
111727
99
62262
75990
194973
119501
99
251367
145185
99
99
99
114359
222326
99
19527
99
99
307545
366372
320731
99
155933
99
99
99
48282
99
75569
374472
65991
99
346189
431221
1382
99
99
99
99
230674
178017
439283
24960
364
99
99
99
94
99
99
99
99
99
97927
308376
140910
81625
461080
99
95595
542996
167569
148298
98
271096
145072
99
66418
99
88947
126187
99
99
59857
523615
99
99
378730
9293
99
111728
99
99
281212
99
88577
65201
2158
99
133177
64918
76083
99
99
99
99
99
99
102165
366064
99
174755
99
119572
99
11407
99
55827
99
99
331256
72398
99
49410
99
101834
41022
99
99
266154
19369
99
99
116174
134203
106229
99
99
99
99
99
18141
85840
97
99
99
36039
17216
54560
71955
41582
99
144555
99
426538
135265
94
99
223934
85242
137379
238722
528530
99
71
99
43500
157356
204935
24071
99
306132
99
99
218554
99
289775
99
104683
99
89754
119161
99
99
131506
32343
99
99
99
168812
99
191290
99
72401
45
99
99
99
53568
99
197184
99
44740
299770
249032
30560
99
7993
359165
99
99
99
42436
99
459964
157008
212838
13029
99
99
74591
301514
99
68842
99
99
99
151728
390402
99
99
99
148176
238709
99
99
36492
99
99
99
99
73724
36710
99
99
186028
572509
99
99
265563
107627
99
48880
95690
191823
135087
347786
250828
426392
99
388761
241608
222333
99
99
163396
99
107214
85788
28099
86
99
69
93695
117835
99
114081
99
99
99
246757
99
180617
126214
99
164186
99
108760
4326
35555
99
99
34009
510501
153220
268466
99
99
99
352031
208016
99
96040
99
99
99
99
99
47998
99
99
156227
28984
99
64873
194578
99
99
99
99
99
109734
99
99
99
109906
9649
99
99
99
99
2723
13632
99
99
99
99
106028
99
99
110330
99
337085
99
99
99
124558
99
31533
14266
84574
99
99
99
99
99
99
187538
99
32099
105190
99
99
99
99
99
118978
99
93304
109947
99
99
286382
99
408033
99
76657
99
99
47685
426941
99
99
99
99
99
99
93566
528048
16418
99
99
555516
142551
99
26344
133567
28441
374625
136295
293055
59046
45165
14878
99
115931
370530
274245
388105
85383
99
99
325735
99
99
99
244491
486815
99
38618
99
99
110846
99
99
192900
99
326446
99
12215
99
99
99
211403
244516
99
99
99
269914
53044
99
99
99
99
44855
27772
99
167458
99
408661
471602
99
44795
99
99
99
83
99
344579
147982
26608
48731
197866
204406
99
107980
99
99
15936
99
99
12933
99
99
99
199193
322901
99
99
99
25904
99
41551
99
5426
214539
91
335788
99
99
3001
99
99
99
82323
99
50274
62975
194544
99
99
99
128447
99
99
99
99
99
98
248585
95978
52463
228265
99
356592
117945
266496
429331
99
342307
99
18142
365067
12830
99
99
55840
99
13610
99
91646
99
99
99
320545
60383
5148
150056
650
139163
275551
99
99
341458
44231
99
216035
37943
9831
118803
99
106896
166414
256550
47967
99
418302
99
210323
47888
99
124627
99
99
109904
99
7063
173027
291543
62204
27426
99
70177
99
99
99
118640
99
99
117964
318609
99
73377
99
99
118832
99
469801
38476
353341
66630
98
99
81475
98
329220
99
240360
295122
99
406761
99
99
99
99
390030
131275
244446
99
71789
99
416895
99
140395
99
99
99
260569
435027
25620
65229
99
99
99
18527
353097
99
177656
398495
357431
158264
40788
99
99
58719
99
99
99
170712
99
137370
99
99
2630
99
99
99
308023
97
7585
45481
99
99
72824
99
99
99
99
99
62870
99
99
99
99
99
99
148836
334026
85794
99
421955
54676
99
74
99
99
99
99
99
99
210246
284725
226722
387206
99
38308
99
137708
222957
99
36701
99
180945
376797
99
112442
99
81025
11343
13768
8981
293231
224674
142684
20835
99
99
99
136453
99
328090
353642
99
63748
370187
99
98
371702
99
31423
431022
99
206953
99
99
314318
99
299524
99
258520
347993
88
99
99
99
99
99
4500
99
392020
99
99
99
99
333690
99
293726
472308
99
93
99
26538
99
122744
99
99
55784
226319
99
343136
99
99
530206
99
99
99
99
62411
361313
99
37231
99
584729
61054
173086
37932
99
99
99
10787
99
99
99
99
276537
156551
83928
121728
99
43717
129183
99
221819
99
209075
99
94126
311966
99
59488
99
99
379825
99
99
221121
180607
99
99
99
419962
99
99
340
99
99
99
99
99
36093
99
49008
86
40492
73826
99
99
99
99
206701
119299
375752
99
99
99
99
99
99
260740
99
99
99
99
23224
112422
99
99
518479
99
437758
110068
99
97
128052
619
80766
99
85256
56507
99
616093
360102
99
99
99
86847
99
69463
99
99
99
130305
98
99
99
99
34283
399639
99
99
99
451123
57606
51812
99
5993
92281
99
99
99
207738
99
46254
179963
99
46982
132845
32652
1075
99
265098
99
122331
164820
30225
115886
503429
38394
294958
98
189336
99
99
99
99
99
499421
99
99
99
211886
99
99
99
351222
99
99
7751
231965
327234
99
98
247486
14832
99
99
99
99
99
153429
196127
99
99
156897
99
169471
73275
99
54506
53816
99
61974
98681
99
95154
286244
99
99
233601
230332
2394
243896
99
99
281433
99
99
82606
99
99
99
99
163305
391307
57322
99
192699
99
99
99
137624
99
99
99
114909
99
99
25283
99
8732
99
154342
78720
99
99
99
394791
483976
99
111428
99
99
99
99
99
99
57345
99
197431
99
99
1423
99
2253
99
99
99
99
73931
99
99
137880
99
14960
99
99
210649
190216
99
99
11786
99
99
61009
12854
69944
82455
99
99
99
99
105337
99
77941
154328
3407
99
98984
47894
115449
34023
1726
99
575402
421458
59739
99
758
49272
99
99
19804
99
13308
256622
99
162620
99
47725
62683
54308
99
3541
99
73222
366172
99
229438
343856
425596
138369
25217
99
99
130831
44888
99
99
99
377882
114441
99
99
55640
80279
99
103447
478726
379797
59513
99
99
98077
99
220443
99
184724
208032
99
99
80351
83378
99
376660
99
99
51682
99
23196
43220
99
97617
99
123715
7366
99
8431
99
99
302176
99
99
99
253043
99
99
232471
99
302185
30551
99
7441
420365
99
99
99
99
97227
99
99
102650
99
99
69474
262240
99
99
4651
7984
99
99
340532
446248
99
99
312665
13556
428438
98658
138730
99
29012
99
294817
451309
99
99
99
250421
439169
503228
99
206786
5141
282603
516722
99
99
149473
349753
99
38582
99
512477
99
452784
193679
123008
382432
99
99
99
84
59130
99
143353
2705
369482
31614
99
99
99
98
99
99
146589
99
99
99
99
134965
99
99
99
99
99
99
573169
570184
323141
99
99
99
270467
178824
233271
99
99
54658
162785
99
151207
99
150543
265630
482988
4606
181045
13798
458581
99
99
99
60602
258103
44560
69263
122805
99
99
99
99
99
322016
113084
99
95
99
99
99
99
176573
65450
99
99
414394
99
133991
99
237776
102664
99
99
99
99
99
99
52135
41
99
99
260526
358594
50313
99
99
251798
15130
45387
99
99
190501
99
99
32004
99
244619
85053
248624
904
210058
99
490429
99
94485
326445
60406
180063
93120
99
121732
28835
5300
99
99
99
337255
31860
99
99
480416
99
13534
184454
99
99
357800
99
99
97300
99
18744
5500
99
47138
390603
99
99
231295
99
99
105623
99
191551
99
34984
7949
99
99
290994
99
99
99
99
147232
99
99
47272
99
99
99
22889
2647
378845
68632
99
116452
25594
98036
98
286178
99
180977
354967
99
99
99
99
99
99
38196
99
366114
99
99
99
99
53274
99
382957
400635
91904
468593
255322
99
99
21373
99
33725
48922
99
99
99
99
14081
174885
99
99
12125
99
99
99
99
8754
99
99
180804
99
257267
99
99
263582
96917
360098
159094
99
99
23390
14080
97
57040
99
99
99
237430
99
239255
51448
98304
6817
48098
259263
99
258910
99
253469
99
99
99
99
41960
99
99
99
99
99
7418
353289
160997
99
161352
515194
84
99
99
101792
237209
99
95485
99
99
211282
99
11016
99
11161
99
34946
99
99
99
99
596565
99
348413
99
99
99
99
99
99
99
99
99
99
99
7517
16068
99
318466
99
311828
97143
181036
99
99
4888
29549
99
71
99
99
431169
99
99
99
103574
99
296136
662
41462
303858
99
177105
99
99
99
99
99
99
133323
34639
99
99
99
99
168666
29995
99
533705
99
42163
228460
179440
381881
98
14344
99
295190
6092
87
99
99
99
273776
99
99
99
99
99
99
99
461
158766
171128
99
73551
99
99
99
99
164557
99
99
21326
152927
99
32
99
99
99
134
445254
98
113014
99
24718
62077
99
157554
315355
99
99
99
309575
99
105109
217922
99
352045
99
278336
99
58340
122013
185082
412396
40903
111569
100680
13215
99
99
155818
207125
99
99
99
24455
163911
106180
99
36293
99
99
99
279391
138590
99
269378
99
292905
53531
99
99
99
99
50957
99
405778
17334
99
226386
122085
90
99
461194
99
99
28391
193899
99
99
126298
112408
382487
99
99
280734
99
99
99
25428
211892
95
19891
25100
175
99
99
99
14370
15240
18499
6920
2334
99
341617
99
121201
76482
99
99
99
99
80255
240759
539556
99
114487
99
105908
193243
79378
411275
214389
502766
52077
99
514969
77425
99
99
96326
99
99
16515
99
99
104992
156844
99
161427
87846
99
99
99
46781
81529
99
29384
108786
314070
50521
100076
50363
99
99
334823
272467
97
53975
124029
111996
143970
99
99
99
58535
99
40889
99
99
99
99
99
69222
99
172520
6639
119089
99
17092
67923
410900
99
99
283796
99
152899
99
99
99
99
99
99
99
12136
329488
87029
99
99
40183
52762
173321
99
193056
452582
99
99
92
99
244405
158287
363085
40860
401210
23439
99
99
102761
99
99
150001
99
376404
99
3768
125153
2034
99
42333
99
99
99
99
99
99
87
26908
99
239288
269073
373856
358829
148109
99
99
33354
99
88886
70812
99
99
99
99
66864
154929
99
99
403989
203342
99
99
189224
10663
129643
272656
42130
99
99
82633
336188
99
60057
99
99
261372
287509
14373
99
123572
251473
99
99
459072
66564
99
99
99
99
133003
98
99
99
99
99
178212
99
99
99
462565
99
218045
35366
229316
258722
99
201215
155619
99
99
195228
283599
99
33543
58616
99
175674
99
449839
3432
99
128533
76006
42430
99
415326
99
76114
99
99
357844
99
99
255890
99
63549
90974
470085
8382
506258
140024
204930
272
99
18448
57865
99
99
15989
33728
17863
52468
440618
99
516990
4528
149207
99
99
99
99
65512
57259
33349
162005
99
99
43894
99
99
99
304872
43874
473595
99
50311
99
152891
441108
99
99
180030
99
99
99
233322
195518
13761
36759
99
99
99
86553
87593
99
131442
21393
99
99
99
152974
40
99
1003
99
452648
163619
99
479907
75990
2154
46139
99
76465
99
99
109572
430651
3629
455203
325375
99
264738
99
81089
26769
4054
99
101132
348874
48349
495
125146
99
99
162889
69563
99
400360
29837
99
404096
67220
237971
156703
99
162370
99
99
175127
99
99
105072
44207
83181
393232
99472
2901
99
99
