126681
99
19218
14789
99
99
64560
99
30329
99
99
22831
95387
24564
8398
218190
432617
99
4632
364893
99
156763
180177
99
30792
99
99
91181
99
2194
99
65818
99
99
251481
99
97
71235
99
99
23140
99
99
99
23472
162454
165399
217449
60491
152457
26
372147
99
99
99
99
9639
99
99
99
63357
99
99
99
69890
99
99
133095
99
99
361432
99
99
99
99
359104
27182
99
140674
131021
99
177108
99
110502
41222
517056
219015
46823
99
99
99
339754
80677
83703
97
134760
274545
26447
99
107581
280034
41533
99
99
99
4352
99
305615
4697
99
417868
12031
98
99
99
99
57323
99
75965
453607
99
112537
99
99
99
99
565579
361521
59784
76371
45168
99
299458
99
99
99
369357
99
99
3261
131772
121488
99
99
31881
241849
99
72674
19885
66830
253930
99
466840
429211
391571
130698
99
99
160544
99
99
99
24915
327514
28589
121080
99
50811
99
31819
392927
99
99
120716
47572
58373
99
277271
99
201513
99
446102
17435
30307
99
99
330468
137243
99
241396
99
99
102783
321248
200504
99
120857
19062
108967
99
92403
14736
99
35170
156441
388948
938
99
105163
98
498076
6752
229887
115620
404982
99
361997
99
99
99
127522
99
168892
99
99
37726
264010
99
99
215219
180229
99
231459
99
147932
99
99878
311078
99
99
28219
99
14238
214376
195253
170015
179546
49618
31912
143924
249648
339362
99
99
237168
157566
99
61592
99
99
99
99
340359
99
99
250664
99
50934
99
22375
181508
99
97
99
185648
137623
99
97
99
170496
99
3358
20337
99
86055
99
99
99
160297
221829
22363
99
88509
99
99
595718
20336
198729
99
414088
99
119269
99
500712
99
131193
170450
418504
99
215502
99
99
99
198655
240065
98
99
206064
99
62
383583
99
100599
53527
99
99
99
128920
86394
99
47200
99539
99
99
99
33687
99
99
99
99
99
220692
99
99
187518
99
51330
99
99
99
293485
139867
99
69777
99
116806
64604
99
180228
99
99
98
184124
99
99
99
173927
99
99
99
99
69405
356901
3757
99
99
40542
298821
373615
99
99
21970
99
101492
49102
166427
99
89737
99
99
72185
135844
94
99
99
25531
99
99
99
99
21600
18895
99
330252
99
99
194202
99
99
99
444656
99
99
99
29222
120125
88133
232006
19369
72951
99
108225
19549
148008
242230
93863
4062
151111
9006
255326
137367
42780
211774
376461
99
43294
990
99
527278
342970
25009
173000
99
99
99
314306
156546
99
69
102941
99
99
99
65260
99
323544
99
99
99
99
162749
99
120874
293247
168228
99
2704
70702
31963
99
99
99
24199
10057
99
99
119259
99
393682
99
99
78859
99
99
99
64860
243692
99
56177
235203
141411
99
164815
65560
324277
99
72763
209151
99
177371
414136
99
91571
99
99
99
99
108939
99
99
99
27121
98283
68500
99
99
528989
99
99
73505
337742
99
99
99
99
98
99
44648
99
96538
83998
99
88180
168909
62730
97
99
35360
288726
105346
324755
165300
333850
99
99
159980
99
99
99
255356
99
99
537215
250074
172718
182265
99
158193
99
65135
99
408546
188924
110950
99
46916
99
99
99
383583
134595
99
257302
99
99
375528
144710
35201
147278
71430
201694
40964
99
99
64470
92
99
76183
99
99
99
99
89082
349636
48405
217389
99
99
99
159576
99
228242
99
99
470585
206007
28973
99
99
517992
238971
99
99
66492
99
6078
99
212986
99
99
271310
62898
248720
154170
99
99
15316
99
99
24627
318893
284595
97
99
98
99
99
111925
99
99
66226
99
427225
186722
99
99
99
98716
101832
99
99
202046
99
99
99
211609
274456
56382
32958
99
99
139531
99
18869
99
521683
30411
20583
99
169211
99
99
99
99
143919
99
99
281590
99
99
99
3114
99
99
99
99
99
149123
99
90541
233961
74294
31970
253941
235116
99
16
227190
99
122011
99
78595
8003
129387
161891
79410
8792
164165
99
461391
99
386825
99
99
99
99
33565
99
99
99
99
99
99
99
99
188975
99
53874
32825
207787
28634
108575
99
54606
99
99
99
99
346012
121925
99
99
356608
99
273306
99
243906
432364
196706
379190
124704
99
99
102340
172529
99
32028
99
317201
348511
99
38899
99
99
99
4714
99
149586
289494
407586
568081
11274
103956
167603
99
99
99
374857
32292
99
94180
99
208359
364065
99
99
236220
99
99
99
337409
99
99
10001
99
98
99
115266
448819
296742
99
30736
540630
83955
141324
191502
41266
265217
99
145037
55528
99
1109
521427
221138
64731
99
521058
99
99
101485
99
56534
99
96
215534
548122
99
86243
381565
184341
309739
298418
90096
305445
99
99
99
99
107577
99
99
11899
101477
8153
230155
99
231894
99
437026
99
99
99
481329
99
99
99
161338
89
99
84227
51625
99
99
99
31949
8570
109814
177210
99
99
1328
3615
99
99
324879
99
99
91269
99
65994
99
8253
99
222509
20006
243111
99
99
98
99
49011
99
99
99
99
99
99
10382
99
99
99
99
99
124157
99
99
34446
25482
462951
122811
24491
99
140504
99
99
914
2801
99
156424
99
98105
99
51795
99
99
99
99
177835
99
99
99
36728
134181
137032
99
99
242816
127887
179697
99
99
99
99
448383
225785
99
447921
14302
1101
14301
27533
71548
99
28104
215545
317271
99
12985
99
99
99
99
99
12902
99
99
71070
3707
99
311290
195763
63020
99
327947
99
99
65419
94648
99
99
69619
263140
52162
28040
433824
99
57191
99
99
99
99
99
99
162430
99
99
301283
99
64240
289039
75926
205953
73899
99
99
94367
99
339998
39558
99
35906
12270
262085
99
99
99
271695
99
97
99
193985
36757
99
99
248137
99
99
149405
6672
289434
99
99
99
99
99
177981
354678
329623
99
99
99
101439
99
46074
99
189
108539
12906
5394
487030
99
46261
99
99
52672
99
151763
5250
99
99
111532
99
99
397388
28861
99
151228
255114
212705
99
99
134372
27695
62676
99
99
66680
301953
99
19264
99
269130
99
291210
99
99
36542
126337
99
171680
56361
80737
26754
99
36802
252994
99
99
91527
99
286024
118724
99
99
297402
243533
175103
99
90125
99
143132
99
152738
4931
35784
99
284518
359975
99
99
99
99
99
434991
99
53985
97072
99
99
99
39918
13570
99
99
338896
126438
49317
99
99
137426
97
99
99
99
495236
61833
488917
99
259644
347087
195573
124559
19978
315198
27458
99
34513
99
2409
16113
99
99
4824
99
242281
53934
99
99
91657
99
98
44245
99
99
39041
53766
101784
99
99
433099
99
17759
99
78
99
99
36711
126383
31012
99
55952
51310
533808
99
99
143523
122404
145754
4875
186545
99
360635
99
133988
118105
48272
99
972
99
99
99
497798
7310
232950
159738
99
99
99
23005
99
203332
99
98
46996
99
89
99
371064
54255
128939
540405
97043
129761
99
118003
55503
116864
99
76498
420815
99
70049
99
99
289890
288
270702
99
99
99556
102020
326053
99
5857
16956
198943
7560
2644
376530
95420
99
66017
369843
99
98
475756
350880
99
99
33292
99
99
361921
99
99
528452
99
294357
28216
99
99
6677
99
376870
98
95073
99
99
7138
48029
99
99
90680
99
495411
99
99
99
99
99
233204
99
34748
99
131620
583922
99
93711
99
99
99
99
99
156747
236397
489213
67922
99
133075
244320
83529
2633
99
99
99
99
25575
178545
99
41820
58640
575975
13253
353922
99
46342
99175
79789
288174
99
99
99
16763
212692
99
99
283798
70150
99
99138
7261
99
502942
99
99
99
99
98
99
99
178753
99
421516
99
99
20144
99
42400
99
22005
99
99
7710
171928
99
68768
307216
99
59912
99
236270
7688
272236
99
501973
99
241791
99
198944
99
150909
337408
282357
99
99
99
9722
196958
45027
19988
99
384115
89
245634
46250
99
99
96
63525
99
43063
99
99
99
99
99
60265
26662
3465
284605
132362
99
123037
107136
176658
98
254171
99
99
10553
99
28070
99
99
99
10145
99
254650
60663
42581
99
157730
99
33190
99
99
99
99
99
99
281480
99
99
99
19793
99
99
184928
99
415445
99
99
140193
222454
99
111438
97178
218915
60556
99
137392
99
285733
8249
99
38778
99
99
1036
69166
99
99
152952
10756
17011
168155
117389
23856
99
99
99
197671
99
99
99
82925
99
99
721
183048
190821
72412
135836
99
99
528248
129007
20700
99
15046
407072
99
99
99
162295
99
477510
99
99
99
379775
268754
92609
99
101156
99
52628
14202
99
99
99
27908
240500
99
381769
99
171404
99
158778
99
98
97
99
99
99
72174
23324
26938
70173
66244
99
303355
99
99
13725
99
201124
12167
99
245745
98
25384
52466
243114
116302
74445
49108
99
113926
293436
99
99
99
99
125156
99
205534
99
143846
99
99
99
99
99
33128
13236
99
99
299412
428340
185338
274003
408610
99
99
9267
99
429963
99
99
132850
24731
218783
99
140538
154401
18135
99
316449
99
99
96951
99
99
476158
20922
77651
4833
207856
99
53196
99
76115
4974
145313
8246
99
99
200079
213286
144213
5664
99
148170
99
186441
99
372839
65429
58720
124075
99
92037
99
104457
55532
99
99
242210
99
99
99
99
99
33276
503123
99
99
96901
19678
99
227164
21995
99
58349
99
207383
9956
22758
99
99
99
99
99
65914
98463
99
99
59863
71668
99
99
99
99
570831
99
99
137061
25986
8097
99
244395
99
99
425780
99
99
99
24972
99
99
99
99
214934
99
24294
99
99
99
99
59172
222970
99
19670
99
261295
63770
106552
179547
99
99
205324
165411
29137
99
94873
99
5527
167879
479750
99
104576
221371
99
47414
110714
94064
43920
6640
77206
99
99
99
277020
46757
217824
50276
99
21723
463582
98840
99
99
99
62696
99
99
99
98794
355398
201187
99
99
168119
99
99
99
99
87941
29419
16912
17688
14406
99
135570
24549
82737
61863
99
13652
99
302499
156430
84461
99
99
76514
370658
99
99
164761
3727
56192
113793
198448
450789
99
86657
99
99
99
99
99
99
214130
99
130474
209871
99
94976
47409
158196
95827
99
99
99
77
99
153325
99
99
248255
99
10278
99
478440
99
99
28351
99
226444
129320
139823
143409
99
231332
99
99
99
7123
99
246854
98
37103
81303
99
99
83
99
80220
99
10844
354585
99
226872
99
68738
94
40688
99
147197
99
99
535888
99
99
99
4200
99
81526
221588
99
413889
106018
99
134381
47008
99
41008
1174
380652
99
142776
99050
191685
99
395127
99
171924
222335
10804
99
8000
99
318817
64294
99
99
99
3491
32232
99
31880
19778
256497
99
99
99
99
306918
49418
180179
99
216606
361073
99
99
221055
365915
99
47361
99
198250
99
122233
99
99
99
10204
78152
17712
193314
99
6718
53187
99
42525
215288
145382
99
99
4714
99
492768
326070
99
218771
327642
7300
537647
99
367159
24410
99
298211
87504
99
99
131488
99
359155
187087
99
306685
99
99
99
99
41655
99
99
99
99
138660
99
99
181753
4959
191042
99
99
45408
99
99
99
99
47661
99
99
99
76093
99
99
224308
373943
99
445580
99
64894
75691
99
99
565586
206411
271970
99
99
99
292477
77066
99
481407
99
87237
223947
99
99
43166
99
99
28539
99
112916
364513
99
109005
99
264113
120310
2848
164162
282535
99
99
99
164901
154610
313062
163082
99
18296
99
12277
1992
78694
99
318087
99
161692
99
99
143348
65462
31416
99
99
99
99
123534
149234
99
61861
17938
99
57403
99
133785
119461
155341
99
99
99
14473
99
99
40812
380261
72440
99
99
154553
99
99
49927
107822
99
178359
99
120660
38517
55509
100605
99
99
99
451665
49011
79639
99
235419
99
51650
24921
99
98
99
186088
99
83548
99
99
99
200748
300340
99
99
312602
99
99
99
50523
86892
20872
24911
99
21781
99
99
99
90273
99
77599
48383
282162
6830
99
94
99
99
99
99
99
99
131732
57054
382824
39996
498712
99
99
99
99
99
99
1454
99
99
99
99
602963
99
99
471124
99
99
99
99
284201
57301
26861
99
99
99
83920
99
99
99
99
203248
99
99
96
99
99
160990
81476
136308
99
140306
99
99
47489
97
74145
99
99
99
99
99
49755
99
39860
99
147694
248623
99
99
99
99
67625
117778
99
79102
362408
47481
149859
31106
106722
104413
99
473145
286661
99
342573
201284
34473
99
223880
13032
99
132231
99
96
99
99
186504
121576
99
117371
99
99
96
225634
156657
49587
99
99
99
99
99
34504
99
99
99
24693
99
99
99
99
75448
99
99
99
99
87020
80261
208471
99
14638
99
99
23965
207796
99
104067
99
242721
37369
74112
99
99
99
99
178538
99
464658
145937
99
109431
99
7052
99
37229
172444
421268
506495
99
134415
99
334799
99
99
99
501390
373114
99
334312
311546
139872
99
128113
196904
163642
47406
99
2506
99
189580
99
99
1013
196106
181159
99
100622
81335
230340
180874
4499
99
33432
39867
99
162010
382413
99
99
99
191402
64313
99
142167
99
99
387529
99
99
394304
98899
99
99
455167
99
18136
169645
99
6639
99
251476
99
99
99
352056
2124
232585
57735
99
48604
11570
99
99
99
99
99
101139
99
466894
99
198561
99
29795
99
120853
4521
69435
418716
371289
99
214824
99
190413
99
59325
27367
71855
99
74688
17235
184112
99
99
26033
99
99
10013
99
294532
99
99
404186
136786
99
99
424838
99
98
321818
122334
99
99
99
162954
382127
99
55680
99
99
99
40272
31589
350600
466783
234329
6339
284727
117864
366927
7767
99
99
99
63951
400616
99
115228
52683
449231
99
86641
96132
123711
98
99
445841
30614
91074
38310
99
99
51378
60440
114109
99
99
99
32785
99
241126
476152
212190
99
385784
99
190378
3353
99
99
107340
99
99
275194
98
288825
338538
176556
99
99
99
99
283333
99
99
423792
80883
99
139990
115609
99
8867
117127
99
99
99
16155
99
99
333042
99
70671
25741
4327
99
221310
99
99
99
38978
52253
31306
99
99
47076
45163
314927
99
98433
90148
139823
79432
99
299698
99
138319
52949
199172
99
86796
99
99
99
99
360116
319912
257888
139045
162652
99
281933
99
99
503704
108580
86111
40123
102424
99
99
67289
123313
99
36754
99
21381
13290
99
520157
193004
99
99
458683
99
99
251689
95480
72222
99
6849
220387
99
15961
99
99
171446
99
99
99
285316
62492
99
186062
99
266603
6036
99
99
9725
345028
372104
22439
99
345002
99
99
156355
99
587112
22536
99
54893
99
107062
69050
99
57787
344590
144433
99
99
16849
99
21888
70396
37529
184700
99
99
99
99
109565
64125
74282
19573
99
99
99
180815
335853
99
99
347298
19818
99
49331
99
99
83217
99
39628
261029
99
126607
99
504262
6873
151486
99
136802
99
468871
9940
99
251485
442
96
99
99
99
99
30970
99
90
208575
99
4344
99
34411
99
99
99
61805
14766
352
99
79482
99
99
214646
99
99
99
99
99
335904
99
99
171405
344766
99
244142
99
74215
227474
99
99
99
144154
99
99
159051
141033
43621
99
104249
368983
107583
183136
99
394183
196353
430129
82071
24264
1516
99
373895
74606
73652
99
99
260001
83296
52273
223812
99
42307
4013
99
502716
324897
99
40066
18039
99
99
99
3048
99
459987
332081
99
383840
94
18094
197830
262670
153991
7563
155273
99
99
431935
99
99
99
131735
209015
58920
99
99
24931
113441
99
93206
381896
99
573023
144286
99
99
99
95669
99
47324
99
211559
118125
99
99
99
99
1912
20129
453803
548741
1142
99
99
161850
99
99
66298
26463
99
99
152024
99
455581
99
161518
99
53039
80808
311530
103472
99
99
99
31699
18347
93
288616
59290
33851
99
99
116927
99
65304
59011
99
7888
99
99
301752
99
419544
99
158473
99
99
68921
99
417056
99
99
282997
99
99
171100
99
99
147858
99
446000
305378
20866
22743
99
99
99
99
99
458985
99
99
99
99
99
99
99
144253
241773
108587
192940
101307
162871
99
1393
99
99
99
99
99
62901
99
3139
8390
99
99
492923
211436
99
99
99
99
421796
37099
99
99
273000
120989
99
99
99
114538
269746
99
99
99
99
192701
13201
99
99
99
47717
148771
115437
151698
11861
57683
99
99
187086
88090
189343
99
99
120924
262914
76751
99
92847
273449
132420
99
6008
98
99
69551
53120
398283
500622
99
269359
99
99
406700
22248
15751
99
116996
99
71762
99
212894
351372
99
378824
99
99
99
163631
208656
99
99
102083
99
286707
99
99
15483
85756
99
276642
99
167627
94324
99
98
29962
147473
307838
99
99
99
99
69484
99
1176
182937
64
99
193267
99
365498
99
99
99
99
110681
99
99
99
28613
99
18668
458893
99
99
117178
99
154728
17362
17108
84677
99
99
99
99
99
65739
99
117796
99
99
99
158459
99
136068
164772
177067
99
97
107694
244389
98940
99
402949
51343
99
99
99
157768
99
99
21037
99
4169
99
496556
99
99
94055
99
62085
99
99
46767
99
393904
99
99
99
4947
439279
100611
99
99
65474
99
99
99
78696
90034
429335
140695
140535
290689
99
66345
99
99
177796
99
99
173726
99
99
45721
15212
99
319226
359398
99
99
18394
160081
99
99
114409
99
494487
170326
616
207322
99
99
264425
99
99
89861
436
99
99
39742
99
99
99
99
255174
100974
60382
99
127040
184588
99
99
99
99
99
204728
196123
349262
123976
87681
199664
99
86290
343991
48747
99
108033
544520
199369
97
99
141701
99
99
99
270609
99
99
250407
34385
3026
99
99
99
70887
99
99
99
7161
85022
149736
74140
99
188900
217578
742
67713
525494
254384
113734
13369
99
99
152455
99
13074
237382
99
99
70170
327215
60057
99
417386
99
26663
99
99
238040
99
16195
99
99
99
13150
24775
1025
99
99
180301
124605
397685
186609
325217
32844
40572
99
83388
159088
99
204315
388639
90787
99
12661
61542
27221
123499
268541
77201
99
419330
99
99
75603
99
99
99
38504
99
61313
99
470814
99
216349
12422
99
99
99
28698
186587
99
99
99
99
355073
99
99
99
138231
99
99
328859
99
315058
402286
99
16111
150866
149467
272477
395998
99
99
35918
6208
99
78483
99
236645
22272
99
99
99
316520
99
99
221548
2736
99
55629
99
99
99
99
20264
99
144286
150349
99
99
33273
74795
15702
99
270689
89079
140355
317885
135793
99
170209
99
321527
99
99
99
50718
99
22696
191
99
99
99
99
140547
12943
99
99
100811
99
482044
99
99
258124
476794
99
260657
99
36325
1139
99
261228
206865
99
160930
99
186269
99
99
65378
18168
63601
99
99
19245
434451
99
99
257825
384
99
598
99
528160
99
99
102185
279065
99
217427
46828
198346
131683
99
99
96733
327858
99
400643
99
99
95749
494447
99
99
217881
99
16772
61220
99
99
99
99
99
99
99
25411
56055
217610
92898
96955
99
99
61745
135917
18638
388911
99
99
421050
79703
160698
96
99
35220
99
84621
12493
99
99
99
99
30251
99
143202
65336
99
99
501217
99
99
147015
204949
99
12797
99
99
99
19797
117077
142415
99
99
99
243916
99
191852
23966
4031
98
98
69096
192455
87240
99
34312
220529
99
26638
290547
99
99
506104
61024
126039
99
99
99
89380
99
14090
15776
21756
36368
29378
453190
98
557128
99
118822
99
358902
99
99
16205
16011
99
461219
78186
122779
219155
98
99
3640
99
86865
99
404481
670
14444
103274
99
186056
99
99
99
99
400873
99
190771
99
99
351097
99
99
99
99
99
99
99
256875
99
99
99
99
99
39009
471622
72309
18382
99
99
433064
99
284096
99
99
191605
85661
71523
45967
96
99
186518
99
143241
99
99
99
99
55701
99
99
99
99
99
99
99
3338
99
99
35481
338138
99
99
58085
260380
50207
1395
99
99
42030
99
427385
8725
141805
99
99
280881
120278
244610
92573
99
235895
40218
99
99
91640
102219
32136
27094
99
99
161281
99
99
99
99
17203
99
310323
21515
99
99
99
99
38079
99
99
99
83
47730
99
99
711
99
99
99
99
62747
99
93605
10242
327356
99
99
99
99
112158
261874
26535
477928
99
445685
99
99
99
99
166923
99
12841
12737
7540
147816
99
99
310188
99
490333
159984
99
99
143446
84620
99
99
175346
31318
76436
170209
99
311741
134051
87507
99
303327
99
28299
140207
99
99
138395
99
99
17639
99
203857
99
99
84122
99
99
893
99
12316
99
99
124811
46330
218674
188609
99
20894
95035
99
121149
350493
290
99
78620
99
99
99
99
99
152682
470873
99
99
99
99
98
99
99
99
99
99
70818
63417
167845
99
41380
168230
197732
99
99
24339
350456
16453
244717
38487
99
115238
5306
99
91804
358952
277879
99
99
444592
93
99
538758
973
192665
2098
7130
99
252608
72965
252065
99
97929
116367
23103
99
99
494092
499778
472
99
98
378339
619173
99
99
99
99
309553
99
99
99
99
98
99
371900
99
22174
99
81961
99
99
99
99
99
5647
218989
2238
44242
162665
99
106678
16135
99
99
13602
192270
99
99
99
274724
58259
99
206151
76271
260105
99
387510
99
46952
115994
99
99
99
24430
99
99
73686
99
458704
46540
74501
138106
77640
99
99
330861
99
99
99
55410
99
99
99
99
99
273585
99
99
99
99
99
86934
53071
99
99
99
99
99
199587
99
375161
99
99
99
99
3296
99
99
99
163441
10761
99
277606
62371
627433
99
66673
27200
99
308820
99
433478
41916
445471
99
23161
154234
199588
36858
99
61171
66288
130456
2660
544461
99
99
99
377023
99
99
99
99
365902
305729
99
11038
111508
517733
397537
99
25311
98
539536
71110
99
202559
99
99
44375
99
218436
99
99
183445
99
229276
99
322968
15891
333160
99
99
7666
133304
27863
185922
41943
99
99
99
17460
99
99
99
99
99
21025
99
99
98105
100749
106673
99
99
238681
97
4348
151151
99
99
99
186723
33276
99
99
99
180822
99
287808
363054
15676
683
99
98
99
99
402131
484029
99
99
99
99
99
36952
99
256439
99
121476
14523
1312
99
99
21393
99
301253
67141
21619
99
99
1775
99
18516
102244
99
243621
194084
63259
4642
145114
99
111463
92871
99
117075
99
92277
99
99
38871
99
99
41381
268705
152203
99
99
346110
99
3879
99
99
139381
106315
30868
54110
99
99
99
177684
99
3616
56527
525525
33133
12225
209602
99
222030
132238
99
99
121080
99
99
208919
394514
99
48226
99
37450
305809
10917
99
31141
99
154419
99
228904
99
157810
75459
3257
99
99
295078
311767
3334
99
274223
99
99
140913
99
99
79669
91673
116523
99
157590
99
305923
430465
90282
346480
75916
132795
99
99
131605
99
99
208029
99
99
99
128940
143487
100942
99
8458
546777
99
99
99
99
99
99
99
312676
99
99
99
99
380632
99
99
44659
168329
99
99
99
99
130797
85242
99
99
58529
186
273516
31739
99
99
99
26986
16437
99
361109
181680
234306
99
270517
201628
99
40748
289107
184440
58522
242852
99
99
99
99
99
64483
99
99
250368
101356
16814
99
99
99
564119
99
281223
99
61704
99
305695
167536
50451
99
267278
99
40114
99
170389
99
180240
99
291058
99
99
99
20688
66315
81212
187700
553
99
99
99
99
192610
18790
99
6605
182958
3172
99
134223
136424
497149
29324
99
220143
215481
370885
99
138843
99
99
99
99
209151
239823
99
442200
99
99731
27310
99
99
99
99
99
3825
99
99
99
99
99
99
99
99
12342
99
99
99
171063
10926
265970
103115
483881
282043
89377
10890
423928
236482
99
99
75826
81692
31374
99
12350
99
162102
99
132818
76475
99
99
274457
11847
99
203379
99
99
115598
99
247815
99
99
99
99
143361
84218
230459
99
99
99
99
91051
99
99
280955
328011
306739
99
99
99
160584
92136
85154
99
99
153090
98
524033
344480
99
99
176687
371370
213991
252270
99
99
380051
380937
174491
12873
99
145830
83826
99
37744
99
69486
99
17332
99
99
475387
99
99
99
252449
53942
99
62053
99
99
99
99
79271
99
99
6424
99
169483
215334
72972
99
159648
3781
99
99
99
133857
444967
272191
99
99
99
326988
99
7950
105689
7409
8565
99
16854
85263
29227
11658
61795
99
99
99
99
57636
99
200418
99
99
99
99
99
35791
99
99
265704
99
99
99
99
99
20715
173390
99
278181
124779
351405
349809
99
114171
99
99
99
31870
99
276533
406578
230645
63628
98
99
99
99
99
122608
76188
43254
415431
99
99
99
171174
99
126
99
89168
99
216870
99
6950
62690
96269
99
85532
99
99
43614
99
99
51177
267370
107291
99
97821
29405
75
208373
99
213677
99
208637
140429
443015
75388
85
99
95641
99
99
105399
99
81358
253890
30997
99
263016
152238
99
56575
312601
95569
99
169769
79078
128639
90420
99
99
355165
69
99
99
99
387342
422786
136221
99
99
99
99
99
99
205785
119499
406734
107242
99
99
17456
99
222653
50924
98
566947
99
215314
91990
42013
99
99
176026
99
161073
6665
43797
148620
35864
204923
288729
234270
99
30801
99
99
99
99
99
91455
40091
99
120453
14269
381997
251895
237617
38986
110324
118749
461209
234377
48211
99
99
101059
99
99
337300
384817
4934
220846
88135
99
449567
99
135959
315
95093
211074
573532
99
99
168653
70051
99
456387
64628
22103
99
173640
99
99
129262
99
99
12702
99
99
99
80122
99
99
479865
99
99
316593
99
137626
99
115662
99
327233
99
236317
99
169400
48592
122459
99
99
99
99
58489
99
265041
99
220566
99
20598
99
40143
79965
99
5625
99
19110
177288
119851
99
327781
99
48626
345500
99
99
99
200059
99
99
99
99
99
99
99
99
99
99
99
223550
11317
99
15214
31046
11185
99
5055
44342
99
98
99
99
99
336755
99
99
32119
81277
99
99
99
384331
99
5525
99
99
99
99
99
99
99
206287
99
32
123193
99
99
307207
99
159182
99
190845
99
99
237172
99
122804
99
534415
99
287822
99
146552
97
99
199628
99
51855
77097
75571
189644
99
99
88119
99
99
99
99
117790
99
99
449175
99
59520
99
99
99
149158
99
52067
99
45717
99
99
99
99
272939
112855
24023
64654
99
5581
165526
99
99
99
155665
7365
183090
99
49167
99
99
99
99
99
60350
99
435144
1011
271162
99
195684
383429
13193
52371
119741
60967
99
263750
253035
99
70
99
93790
28888
99
186876
265609
356641
99
99
141780
99
99
99
8310
99
12681
70304
99
99
8236
150214
12275
99
213446
99
99
99
73238
99
99
120623
538580
126737
313798
92
99
65176
205572
99
493
99
99
99
382904
243942
99
99
99
321313
276155
99
12347
96
362508
99
131393
99
99
99
99
99
151479
228638
44364
87295
99
24856
157933
99
99
215022
76821
132155
130542
114993
99
99
96529
99
99
231979
36955
265678
55606
99
99
99
422711
99
50796
99
42395
99
99
99
99
99
99
99
99
99
99
99
99
99
99
99
413128
32875
307730
99
99
205801
389861
212283
99
448340
99
13685
99
99
99
99
99
290828
74992
99
99
99
370266
99
182372
361463
187215
99
99
99
99
101765
99
469827
21713
214870
99
99
396722
99
194062
417160
99
99
99
99
99
497980
34645
99
99
52634
384668
99
99
99
99
434070
99
185452
99
99
132664
99
72744
99
229810
153335
63762
99
6400
398148
99
412091
423015
202176
389043
359266
14130
40894
286794
9795
99
483973
99
303402
84354
429673
99
526910
99
99
379794
8257
99
223423
12715
86761
452391
4157
99
8273
99
99
99
99
343380
28594
99
99
19460
99
99
30399
89925
99
99
94676
99
99
13429
197027
52726
78489
99
138753
99
99
128228
271231
231625
112885
99
99
99
99
99
99
9391
99
144177
375511
105317
99
99
99
253296
218337
207957
32377
59922
99
99
218793
59039
99
99
99
99
473003
123049
99
90831
99
99
135989
99
99
535761
99
409993
99
99
99
81593
3268
125252
99
99
99
99
6955
42133
99
8100
99
99
520620
89658
123086
7894
170529
443403
9964
87
99
22879
100383
99
99
165594
524686
9626
99
75161
99
99
99
7231
146558
99
99
120444
99
150245
99
29225
99
26190
137100
5489
261169
373192
99
99
99
38061
99
47534
99
46550
99
101262
113380
152239
99
13414
99
99
99
99
99
99
204301
99
99
99
99
353728
83713
573
99
81012
290832
441888
36390
15039
64205
99
99
99
99
54619
99
223462
99
344977
6049
99
99
99
5847
186160
223008
99
159064
99
99
196447
99
99
99
99
99
99
343335
99
99
120628
99
99
75929
149003
153167
99
14229
97349
46371
241318
99
99
38871
72589
39076
99
334352
98
99
99
210624
99
46250
40405
10744
99
99
49741
99
99
40238
99
99
63611
99
356711
252739
83308
410170
99
99
105641
368070
73631
185527
99
85980
154809
57158
99
99
99
30427
99
99
99
99
99
99
99
99
99
83967
219523
78124
9931
356780
14778
99
11927
5642
66713
99
105904
99
99
99
99
99
99
99
99
99
44874
64240
99
38391
136088
14424
99
46041
99
70788
135273
43826
17060
32446
250042
99
26859
414421
173098
94
99
72799
85504
99
99
99
99
1529
99
150963
515265
488971
99
99
99
99
578680
99
142719
99
99
99
99
46944
99
23259
148146
99
4464
99
24060
99
99
98
556343
99
99
99
39995
201771
99
12851
284927
14502
99
99
99
100104
180351
10033
37411
99
52914
40558
76734
99
101197
99
97
317453
9657
99
137050
99
99
445274
99
18377
153261
99
119482
99
99
99
99
99
99
391181
133714
83611
99
99
3924
43880
215982
99
408386
99
60481
30928
50384
44161
258096
99
495200
120646
113769
99
99
179246
99
99
92
99
365837
99
25557
59159
99
265731
92954
99
8512
99
230737
99
99
270
99
66099
99
99
99
99
15418
99
99
33515
17211
99
99
176444
26583
99
99
97068
99
98
150100
44188
163684
4888
283100
99
99
99
99
99
268028
99
99
99
259375
99
99
7591
304244
148357
34697
99
371863
976
99
99
13471
35829
99
99
99
99
48962
99
190671
403
11534
42827
99
98
99
26852
573329
99
99
363220
514277
32730
99
65487
99
99
99
19369
116770
99
342006
99
30002
44714
99
99
99
99
99
99
99
99
99
228770
99
43111
311048
41512
99
99
121597
99
99
99
57356
99
99
428600
99
42969
99
99
318672
256973
7145
99
62204
99
99
99
99
99
99
98
99
99
99
99
61399
99
248782
278172
99
183173
150897
7570
99
99
99
99
99
17170
156025
15751
10862
184144
99
99
24710
492363
501256
99
99
99
99
582709
99
99
210290
187491
99
99
75164
99
97
99
13430
99
167363
99
289915
166536
112386
99
391701
99
319633
99
92018
220758
99
211265
99
82811
56748
99
281760
263453
99
99
99
134654
195727
121798
99
99
99
99
201550
41256
70503
113422
120458
99
82049
99
99
10789
120500
148212
60574
99
539756
23078
99
108882
99
99
99
99
354745
99
5909
99
245840
99
99
410064
99
483194
99
17798
99
24442
99
99
31773
236146
9053
127543
362366
436112
98143
99
88541
395148
163935
31630
98380
99
99
48587
117913
270363
136323
99
99
99
62783
99
70786
99
99
99
99
41301
99
7116
24012
93
26397
99
99
240291
98
8274
99
242151
99
132799
99
99
99
99295
99
39098
186057
21515
4982
99
14012
117397
17754
99
99
374343
221529
99
5294
99
81570
99
91
160975
582
99
436980
99
99
296088
99
99
99
99
99
99
99
99
5161
99
11515
99
99
172511
99
184637
63667
39689
99
185737
99
34771
210063
99
89206
206359
44056
396074
99
99
99
370960
464150
498775
99
99
98
99
29793
99
20688
99
99
99
99
70704
119730
99
99
99
161998
99
38394
99
116949
99
180647
99
194404
99
99
204380
439212
99
99
99
99
99
298168
201632
170871
99
99
118358
99
99
99
99
345426
367789
99
99
99
99
99
99
123418
99
26242
99
108006
11729
99
99
76390
9344
34937
99
99
144327
99
99
78581
99
99
149191
99
99
273103
99
64508
99
99
99
383952
21477
99
99
99
99
99
39201
107822
202001
64219
22994
10766
99
393910
99
9514
57590
99
289488
130276
99
65405
58170
84
114840
99
99
54867
121248
99
99
222648
99
99
99
358625
346199
99
86519
99
99
69167
99
60206
94053
99
99
99
207149
17000
1206
99
99
83057
99
371935
214963
80223
96602
99
1280
344312
38847
99
87740
15257
100019
195665
180511
99
147535
184704
99
99
96
137532
36857
99
2957
99
35136
138181
95
99
99
99
43399
99
223151
99
107525
99
272203
92344
174914
391342
99
64979
99
65591
100711
99
99
26213
99
99
7269
443732
99
344777
99
96
40710
103572
99
99
78100
70505
99
99
99
99
2852
28531
99
21330
99
99
99
373503
99
206184
38718
99
99
469658
99
99
99
99
99
99
99
99
188376
99
131369
99
377503
99
85843
90097
99
99
99
99
99
99
99
99
99
769
99
99
130824
102008
166224
99
440153
99
146255
229180
99
98
318474
99
76082
185838
38729
99
99
99
278954
99
99
99
99
99
177418
59967
99
99
285278
99
99
99
319896
99
373739
25848
172889
102952
99
169606
99
220642
99
99
99
99
7504
432745
99
5514
80072
99
99
83747
99
35571
99
155422
99
99
303833
99
99
1825
83153
76440
99
99
99
210258
87298
16972
99
150316
99
99
99
99
99
99
99
99
99
99
99
328122
376706
231023
99
51613
202860
13875
292621
99
263739
513666
86003
174995
99
180429
17102
14940
99
41771
99
13656
99
62686
99
10501
18803
101505
19899
40594
99
169683
47530
99
99
69691
150330
99
99
230187
1097
99
296127
99
63593
99
99
37115
271984
99
38356
99
99
373
99
2036
22012
269988
99
133249
99
17439
37654
99
99
9171
99
212711
99
99
99
99
207126
5580
179979
99
99
99
40863
99
28049
24783
99
38813
99
57024
209286
99
601751
77
261223
345029
99
99
99
39325
99
216297
51199
4602
99
99
155985
99
144617
23835
295704
56323
49546
99
99
72960
29423
5865
99
5712
99
41662
311746
99
561574
99
99
99
66
586376
298190
99
99
99
99
99
168483
384541
94
99
324166
142058
99
91925
99
27244
99
99
99
99
99
99
21858
99
99
99
63427
99
57570
99
187660
99
199257
373935
99
6110
249449
593810
99
160287
99
99
214845
104119
9850
197542
99
99
280490
91823
99
99
99
99
247574
99
99
99
99
28729
99
99
99
181569
99
99
19198
151989
328008
99
98
99
99
99
123590
214147
84437
394845
75258
12001
90
177323
99
99
99
311344
36851
141834
99
99
99
99
139188
99
99
99
196051
109751
99
105863
336419
99
99
99
99
99
110898
503590
99
99
99
99827
75969
94402
99
130318
99
32126
98990
300906
99
99
99
186969
99
21533
99
99
99
99
99
99
8167
99
99
20639
222519
16031
99
99
250808
99
469277
99
99
33854
99
99
396753
164207
1838
99
99
210307
29438
99
92160
99
99
99
99
99
99
16228
4745
251880
127351
99
99
99
99
99
21307
99
99
418185
99
99
23797
99
154830
99
363563
5941
99
158654
99
128592
99
100625
202481
613526
35882
99
259256
99
99
99
99
49931
123156
99
235846
99
106180
106633
94
26268
339034
96
99
99
309766
2420
99
347622
401046
99
99
99
126920
99
68599
3730
99
99
99
64998
269122
99
99
99
76198
72080
370249
99
99
99
130133
233007
99
40208
102808
99
13617
331679
198058
64062
99
99
99
9956
132309
99
99
99
73462
1064
105392
44552
99
99
303778
148785
162384
99
72777
333773
99
191355
95
28486
151355
67825
35528
99
55080
99
99
99
24750
99
284072
19078
99
254205
99
77260
99
99
96
99
109820
99
99
110431
99
163220
99
315475
99
99
171539
67309
94
166799
99
99
99
99
99
203802
381311
45472
99
189779
6543
38293
267339
78194
65450
99
99
99
99
99
183002
195664
159876
532702
21395
35723
123503
99
36000
114687
99
93
10590
40683
99
99
195632
6828
28691
293302
39562
99
99
62928
99
63700
99
37946
305388
99
161711
59630
99
99
7068
99
283093
99
99
436023
99
99
54554
118751
181120
250414
220268
99
99
280921
512973
433134
99
99
131948
99
99
99
99
99
215481
69122
99
15302
17607
390201
331807
397594
203253
99
23866
99
99
