98
99
173553
99
37285
99
99
55925
99
54286
399038
9923
99
50783
303251
431882
99
99
148200
99
47391
3954
99
187787
99
99
99
3954
43
62976
99
90822
99
1237
99
45941
99
521525
124192
99
187852
5053
361661
83317
99
141827
99
99
493239
99
99
12161
376376
268735
281858
99
186825
99
99
19783
51439
243309
99
99
99
99
468064
19355
99
99
99
233911
99
27977
290187
180784
98
281357
99
99
99
85965
99
98
88686
262085
99
60150
99
38689
99
102436
14240
68402
99
71572
99
99
363472
77663
110426
340464
122472
99
394310
99
171
196248
19691
19505
99
99
99
337475
348319
185360
170660
99
93087
100339
83981
1601
99
99
99
23077
162155
202132
98
99
99
59447
291262
58506
99
99
99
99
255239
99
8377
158896
171690
99
263410
99
99
99
99
16281
37941
255636
83491
861
99
261696
119090
99
21425
98
95
455115
92543
99
407355
99
99
105415
99
99
99
99
18832
99
50
99
82452
99
16680
209704
480941
99
76795
99
99
99
4146
64707
257381
99
99
99
99
5934
99
6206
99
268517
7674
99
99
99
99
99
48611
99753
177874
99
99
99
99
99
89485
94674
99
212521
99
99
43413
171038
44764
28164
99
99
67461
99
99
99
369687
99
112176
182274
415074
227700
66964
110935
417398
99
99
195673
53406
99
50546
96620
303483
99
22281
15883
99
99
197043
149405
38035
8027
99
376816
99
99
99
99
99
162088
137972
31256
99
21689
12691
99
220622
99
191170
93061
99
99
99
328553
99
60185
99
99
99
99
232476
3957
99
307814
99
99
99
99
65389
7746
99
186641
71541
99
99
187444
99
99
172944
99
63575
17231
88
86905
3273
37528
58217
82033
99
99
222118
34035
31976
99
99
197407
294667
341931
124018
87134
79485
99
99
99
99
14767
99
99
99
99
309667
438728
119817
174810
99
35285
99
90580
98
253924
23343
99
99
55578
99
224885
99
99
43291
99
99
99
341776
99
97
99
99
99
99
270418
99
97
99
99
21706
285500
432078
99
99
99
99
19530
42202
89923
93625
99
99
222360
129014
184575
81246
55660
74788
232043
23627
381093
64395
479
99
99
106177
226140
102677
30129
99
99
99
99
45313
27651
14328
99
49595
99
99
99
99
363009
99
99
99
99
54640
11384
99
99
99
241852
99
57567
7671
99
99
138427
99
99
69459
16652
147310
98
99
99
295113
50604
26104
51314
99
99
99
75071
53162
99
134133
99
99
90
597220
96
99
99
99
187245
18479
99
336856
99
99
331874
99
99
99
245835
99
39792
99
253784
245203
99
99
89255
71050
99
292008
97708
387387
34725
99
99
132815
99
230270
1997
271805
99
97
99
242010
200476
99
99
99
99
99
6661
99
25921
88595
122180
99
99
515628
99
99
239416
99
99
121689
168948
99
148555
99
229098
98029
99
99
202060
99
225958
99
227301
99
99
99
29402
99
41165
280232
25631
84237
99
98
99
99
99
6592
135105
99
165664
99
12040
151289
10284
173487
99
95
99
99
113501
114365
150393
99
99
99
99
34940
99
99
99
99
99
99
82352
4834
230
99
99
21471
99
99
99
99
124692
99
208636
99
108845
444284
99
233493
99
99
75088
99
99
94
2272
245998
162021
99
99
99
99
99
99
158282
400675
99
223070
99
99
87622
14069
500675
58493
226242
99
99
99
99
99
97
310911
99
14798
99
15846
126576
224672
99
244755
11746
99
27813
99
99
99
174993
99
99
2796
129659
99
117764
104267
109835
99
40418
245137
161588
20773
36087
100814
99
99
99
99
99
281446
103087
31597
99
99
281186
288677
99
8490
5620
134340
99
51257
4081
170209
7127
99
119557
262738
388368
38853
99
99
219863
99
10939
88275
99
4222
99
417272
99
75898
99
64104
37209
99
99
99
25534
99
93806
99
23706
307896
11912
320645
97
99
381382
261422
14040
99
96
181047
141622
4335
250495
103439
42795
13475
22546
99
61057
46741
98
99
37423
225489
99
50107
40376
99
99
92762
144593
99
99
99
99
99
393564
354233
56710
99
99
14113
99
162097
276531
385417
42794
99
99
99
99
99
99
99
99
308721
99
41383
99
60763
34977
99
49131
250495
99
160168
133364
99
97
34303
99
99
99
98
114332
6064
39628
175821
99
99
99
99
37112
119661
286495
205620
279568
216490
83451
7280
99
170205
129556
99
99
167249
99
99
99
99
99
120827
64638
99
99
259240
99
190977
34222
334796
99
46574
369968
99
216898
5463
459993
99
99
247748
99
99
123989
99
131053
99
44814
224736
62783
99
399386
99
125335
99
99
99
99
78221
99
99
27302
302960
99
106857
99
99
99
99
99
221302
99
99
135662
99
99
99
99
99
2110
99
99
99
510800
27948
99
90436
154744
338834
277584
99
99
8392
99
99
18817
99
150411
99
99
99
99
99
99
99
306487
99
99
98993
137416
99
99
99
32740
99
73754
56004
1200
2830
33789
130008
57641
323546
292324
99
247026
99
15403
59930
99
489816
143367
99
99
300
30614
130267
99
99
99
99
63648
99
99
35509
217049
99
98
99
99
61128
195294
502348
99
93
294143
99
99
287039
99
99
329397
89869
99
99
6403
239919
80078
99
386404
125659
110902
99
99
317625
26452
166206
134610
368191
89614
542
101100
99
206649
143888
99
186022
99
99
30357
528240
152809
311914
41400
141915
97
99
265525
25248
456071
99
279408
99
99
20098
99
99
99
31397
5242
99
207002
488896
185974
99
99
99
74898
99
99
157164
187913
99
99
21371
99
99
61445
99
99
99
146520
99
34630
25502
326154
99
99
457345
50335
56535
149233
178617
554757
99
2780
110369
98383
237313
99
99
557136
187891
343081
140222
596224
99
33468
48452
61132
99
59661
99
45953
99
436606
99
219563
217253
99
99
423161
97
106430
99
99
336093
236538
258453
245169
99
99
99
481120
119437
72009
14080
99
98
25921
99
99
67233
146411
99
298373
99
99
119467
99
99
331897
112478
99
99
99
335921
99
99
815
7805
137431
97285
1183
99
68306
99
55763
365298
59060
299654
187974
179524
120110
99
99
15610
6427
99
195261
99
82991
95128
99
99
107399
235432
99
99
77721
99
99
99
204573
99
12206
182523
454066
99
99
99
162896
99
215219
99
283443
99
99
4573
99
96238
99
99
394778
99
98
99
98
99
113663
246967
99
313048
31866
24367
98
327237
491356
84420
63867
38845
199632
26263
99
99
99
99
99
412344
163631
99
99
105431
48006
13687
445486
99
223591
99
135963
99
99
141763
99
19352
64742
403857
99
799
99
254670
99
16329
99
306272
99
99
99
31385
156765
99
281570
25038
510292
14908
129228
56716
367402
139966
99
7869
99
99
99
306136
323203
99
91
99
99
5620
275729
99
99
99
16238
99
99
99
99
99
31309
18840
98
99
99
47501
99
162092
160660
99
99
53165
440229
7467
99
99
141860
99
99
99
99
46057
99
99
99
82132
497235
99
99
99
99
99
233008
99
99
99
222650
99
32585
632
99
131824
99
99
99
99
321546
99
95560
424434
99
138196
353902
263481
495403
99
99
131126
99
99
99
99
99
99
99
241023
84623
99
99
99
237661
99
130564
141105
99
150419
99
297495
277399
274671
99
99
8400
57969
107477
405024
284399
449836
99
99
99
99
22294
210245
99
99
130354
46189
99
56705
36167
13050
252715
99
99
414495
77326
175445
53302
98
99
96559
99
147431
99
270894
49564
99
336948
99
99
381197
99
145787
99
33516
99
99
131156
135991
100875
99
99
98833
99
99
45435
99
99
14106
99
335575
118987
99
99
99
99
99
99
79889
99
268762
169724
175320
90527
277089
116140
50490
63830
99
99
74405
99
99
119650
189026
99
41521
99
99
78666
53368
99
27025
248963
504126
268759
92420
168910
12400
99
99
222237
99
99
99
99
99
99
99
99
102536
99
393571
360173
129764
201734
99
99
99
329099
99
99
99
99
196064
37735
99
99
99
155867
348774
130811
99
99
99
99
81044
62007
24408
138336
99
197478
99
97996
226947
99
90301
156666
99
99
201770
99
99
19807
99
475337
539300
54223
99
99
99
99
115122
99
98
211187
99
48379
99
99
286690
110853
379706
99
385254
180682
99
69291
99
30465
99
99
99
99
84189
128516
76450
15867
99
23734
185712
99
299661
99
97
9171
297609
292917
99
99
99
285715
110886
259433
99
433801
188724
99
20177
99
196867
407822
99
222276
99
99
99
93460
99
395152
335477
99
99
99
99
99
569988
99
14962
99
142579
88750
99
99
65289
99
231511
99
99
219502
99
87858
391004
130
43448
190194
99
99
99
99
274414
370509
37538
281324
28092
101429
337816
11479
187937
99
99
99
99
98
99
99
99
42832
99
99
99
99
99
99
27912
109012
97252
152368
99
515030
395372
18207
99
99
146736
125324
99
99
99
215357
21394
145221
218707
99
424532
99
99
13833
63821
94738
1201
156557
98885
263851
99
319156
99
99
416878
99
99
242885
99
98927
99
99
363974
99
99
95004
99
99
99
99
62515
127703
99
99
54035
99
99
99
4291
80
99
85856
99
3544
186670
219552
99
1308
420733
99
99
99
52487
206309
292416
119438
99
99
146956
99
99
98
101824
29433
432363
154830
99
121345
99
353371
99
63715
99
99
584038
99
46411
99
7810
203219
530790
99
99
99
99
99
273886
136923
312062
62222
83763
56993
99
158217
99
99
538826
99
99
99
99
2021
99
99
99
63128
143521
53349
99
60163
226179
22191
168045
99
99
47578
99
99
30262
36240
85149
24795
99
247399
29384
198361
101993
177959
99
341955
304470
99
96
325273
190427
99
26945
99
99
23439
326635
99
138492
5228
99
99
19246
373479
99
99
99
99
99
99
99
285087
286006
99
172307
65753
27828
99810
99
99
217358
99
99
175657
99
76771
99
99
85249
99
99
4902
99
182650
96183
99
99
114567
127007
99
42307
37089
422515
99
99
99
66373
46526
99
99
41506
144922
28374
99
392071
99
216103
99
239490
97749
99
99
99
268142
99
147008
99
99
488646
99
99
99
99
233699
40946
99
254239
99
99
98238
137921
73848
99
99
305148
99
99
449535
99
99
99
32853
97
99
242482
99
56613
36269
74042
99
97
98
11243
297490
169324
27091
128464
99
99
495416
241097
99
19195
332621
350611
99
99
457446
473244
99
99
99
189456
100750
99
99
99
99
115292
64613
485123
39520
99
99
99
39056
99
99
99
186636
99
99
28685
113790
55497
99
99
39844
99
373280
57459
99
30132
263831
118873
99
99
99
423409
99
99
99
99
99
99
71911
50295
99
309122
285728
155786
93337
180264
269090
157646
403226
90
201561
99
43225
99
19153
323360
99
99
88585
13167
69670
99
54603
99
99
74091
99
64185
132899
216584
99
26941
99
99
99
99
38364
99
106519
99
99
40875
99
99
204853
99
99
99
99
85032
99
99
99
99
182808
99
99
242929
99
99
99
99
99
110809
32537
387111
99
80843
99
8905
99
51238
121275
99
99
256714
57255
3459
99
99
88295
126271
181183
99
19806
99
26924
99
99
99
171327
99
99
40636
267365
99
99
99
99
99
9378
43747
99
99
99
99
127250
99
99
99
99
99
99
99
99
230576
99
36236
99
99
373438
99
99
153466
4378
144012
99
99
99
53065
349855
99
99
99
99
122599
272964
99
277290
22533
168818
162144
130837
99
227706
99
168587
99
99
489757
99
42354
214085
10436
99
58217
272406
65642
62247
99
99
7096
477305
60661
136341
23787
99
99
99
99
172961
588128
99
99
99
99
32710
7236
99
99
5608
15404
82038
103443
99
149680
99
99
99
146303
99
87
242886
99
11923
297795
99
99
44414
124404
99
41454
576746
99
266722
41500
34457
99
31358
99
99
99
99
99
99
151246
99
248748
3959
131688
99
99
155368
99
458
99
99
99
305287
42548
34491
99
75585
17536
99
20706
244379
4639
99
81282
99
99
334876
99
359435
2
17695
99
99
99
60948
248504
99
99
99
99
46932
99
11791
83219
57925
99
99
99
1606
223658
99
12503
99
99
99
99
99
115116
569758
72856
99
99
98
263660
51408
99
99
99
26621
99
99
99
364820
99
99
383403
99
99
99
99
99
214075
99
52453
30654
99
99
99
99
165179
48394
99
98
7515
32023
446824
176314
352850
40010
145809
99
99
98148
99
62700
81409
99
267366
234640
212365
99
99
99
12043
99
99
101077
11896
99
359805
58945
99
398175
99
99
99
528249
135920
2931
99
305607
99
447135
46964
166155
99
226300
99
99
134408
101526
99
235699
99
99
99
99
383332
65288
168332
108338
149129
333968
173440
99
161258
99
99
99
86503
99
110479
99
307192
262597
73369
180402
99
316731
364772
99
110950
262664
99
98
99
99
124803
120444
99
98
99
373378
99
99834
513947
149584
38358
317686
99
124883
99
99
36209
231943
9303
267352
99
99
87002
34403
99
220950
190791
432958
47977
27410
99
241127
59994
183996
49352
99
99
99
59759
302249
99
99
41083
292048
430542
99
97621
99
99
99
268503
183768
99
99
107894
158211
195283
99
51124
13693
99
99
181752
99
3672
39081
89392
99
99
99
46375
99
602592
68905
41779
175993
383128
2905
99
99
67222
205547
99
99
159778
14623
108486
30134
99
99
285971
99
99
99
165795
67477
16249
99
10934
99
237594
99
483941
99
99
509231
99
28565
99
99
94208
99
90624
163269
5102
99
77181
93638
531493
109047
99
99
99
99
99
99
99
99
99
99
223713
99
111774
99
81192
99
99
98096
99
99
99
99
509984
99
16522
64539
99
19332
99
99
99
28247
99
11425
62402
99
836
76392
99
22280
99
99
782
218556
99
99
99
98
18015
217291
348201
99
99
69751
20233
99
99
161565
106050
198
99
35231
99
99
99
99
99
99
82554
99
34297
99
279133
400245
18439
99
99
99
93612
509458
99
99
116779
26180
99
4225
46286
99
30932
99
166810
7923
202696
256161
99
270441
19027
196446
433310
101656
7693
99
101866
98954
167765
287
99
99
249723
2068
342360
99
99
99
1638
99
99
99
99
99
99
99
49983
203297
55185
99
99
72584
99
99
99
99
99
99
99
99
99
260318
99
99
99
140764
99
63525
54030
64387
99
40509
9032
99738
253290
99
337264
268579
99
54309
48747
249177
99
29792
212144
127363
225094
65312
29851
99
99
297250
99
99
1347
6061
99
99
99
51358
99
227884
365304
21353
30625
99
99
36242
99
99
99
99
232000
99
99
52347
174847
83062
257009
257303
339134
95
99
99
99
125906
401940
107741
99
130124
80991
42247
99
112511
201372
477162
44306
4620
51915
42693
63871
103168
99
99
46350
99
99
345271
99
29833
11108
99
99
99
34514
99
99
99
544804
2400
513100
99
171473
182545
99
109267
99
99
99
26595
99
11634
88118
99
87620
6517
3449
99
162891
99
99
99
287396
144511
163945
99
27309
99
99
157319
99
43670
99
99
99
99
99
200971
406216
3015
99
99
130452
55532
52797
105615
99
304016
99
47990
99
10182
239667
246825
467565
210666
99
24526
99
42207
99
350404
99
99
99
88807
99
78587
99
99
99
99
99
99
99
99
57031
99
253293
103080
99
99
99
129968
99
99
329911
288245
43350
36983
95
99
194409
364273
183232
99
63268
99
101477
99
33126
99
17006
175732
367056
191112
110911
219429
4490
64147
474452
18152
99
77695
362597
142021
99
352138
407749
99
99
99
74128
276082
99
99
99
185818
99
90543
99
99
265434
99
99
30108
17672
99
32886
199389
267595
228465
99
381172
463320
99
91180
110227
99
99
99
99
99
99
255298
51280
99
99
67322
6313
99
88170
16894
99
48723
99
99
99
99
154532
194064
27619
99
99
222421
424328
175838
99
10899
99
39079
155813
32628
99
99
99
53971
99
102451
347882
194828
99
41497
99
99
99
99
99
103601
106973
4947
401688
149257
190600
99
99
234816
99
99
356981
428606
99
99
99
46103
380796
99
99
99
28262
59444
9820
303800
7128
99
99
247790
99
304571
346620
99
99
63822
99
99
99
99
205178
99
99
28014
149321
99
99
97031
99
62840
99
98
99
39330
285679
90664
7280
99
156310
99
280764
326012
4032
331096
319647
987
99
18595
171268
225704
61483
99
193728
99
38664
99
274211
107788
99
2687
2124
5827
58038
94041
99
6675
40644
99
28493
99
166644
99
99
99
134403
99
351261
70728
14888
80652
99
27429
99
136052
99
193772
98
99
145756
98
99
17659
99
410984
99
66773
158496
6840
99
98
99
3579
99
99
26975
99
577978
99
99
99
98
29679
99
74
99
99
44280
301044
22973
73611
301152
173420
99
99
99
99
99
59455
99
16363
558259
148845
99
99
99
176669
400186
30733
99
99
99
99
345520
99
11726
85668
99
272485
99
99
99
239715
286964
99
97
134506
99
98
137496
366151
99
59030
14380
99
99
67032
17373
65984
156667
332814
176162
99
42981
99
32806
99
99
215580
8381
99
4855
99
183046
98
393776
99
99
140816
52486
99
58376
193394
99
99
3738
137674
99
126735
99
79705
99
387209
226986
296029
155286
15280
3995
99
99
99
90157
164508
161674
99
281758
197623
62887
315181
130345
99
99
99
99
294424
99
99
99
119364
325224
99
99
7442
99
99
156906
99
250027
99
99
285047
99
173829
955
99
7929
62370
7304
99
96
99
19640
99
331884
261133
47007
99
99
99
99
99
1554
99
99
99
347649
99
99
18869
505086
17689
76039
271987
3351
432423
96
99
99
45100
99
362421
99
140338
307853
271211
160512
18265
405775
99
319351
99
209930
99
99
84445
99
99
99
99
99
99
3576
99
239017
313420
109885
240482
1222
90808
99
74262
7559
99
99
20567
99
136345
99
99
99
70717
99
99
99
99
307145
99
99
107164
150572
307499
206388
99
99
99
99
99
53880
212955
5810
99
99
99
99
99
153874
293537
99
99
416326
99
45603
99
2694
59943
138348
992
99
341570
99
99
6443
299751
89
276474
99
99
99
163933
99
17985
99
327434
99
9860
16008
98850
99
412449
186820
99
147341
99
132974
99
71092
157705
6484
433165
167488
99
99
58469
99
67985
99
99
99
99
99
134561
74623
331613
44540
99
70853
99
99
99
99
375274
99
99
97
191219
23464
99
99
1562
99
48763
82288
99
82736
114991
99
99
15734
181129
25943
99
94385
99
99
175852
56065
99
99
99
56595
99
44543
422978
99
74905
56170
333904
248956
99
99
47407
99
99
99
99
99
268107
37194
403915
99
284679
99
130210
430413
54396
343849
99
99
323403
99
103352
164191
99
7075
11518
99
99
99
12242
99
197121
98445
99
99
67095
35852
40422
62971
99
293534
99
99
99
33255
41932
231676
118291
99
79373
270496
99
99
97
99
408541
99
146101
257508
99
443997
82366
99
99
37099
99
31544
99
18209
99
99
99
99
232709
99
99
99
268253
99
120750
99
169840
318191
99
4134
359
87222
99
99
99
99
3766
99
99
407294
99
99
99
257348
32427
24359
104685
18633
99
99
11922
99
428516
99
61768
354550
99
41441
131820
99
99
99
287964
133540
48424
99
489004
99
260183
333064
99
272192
101304
99
99
99
341205
13139
93292
98
205594
332029
99
99
99
145824
113239
99
99
99
14234
99
1053
102614
99
65067
99
99
10038
99
99
99
99
99
99
25069
99
99
99
217090
351145
191428
91024
99
58459
566272
99
99
230842
99
109999
98
256416
29528
135946
33619
512068
99
99
17061
81876
99
99
52027
99
28988
10876
99
99684
188871
40699
173996
91419
147096
114205
274614
99
76879
260607
99
26080
98
99
71760
99
99
26768
99
99
8653
190705
99
313387
99
99
99
360894
99
21645
238596
253322
12914
99
57733
180883
14025
474798
20225
54653
99
167193
273690
86664
115407
7902
53074
304122
16010
65532
91922
99
4553
48582
44518
96542
99
98
111898
17096
99
272688
99
99
99
99
228790
11921
99
99
352824
99
21432
99
64757
99
85510
267639
99
99
43651
110812
99
99
156769
8636
231497
98
99
99
99
99
30941
200157
610925
99
99
34773
99
99
139980
99
145856
99
200155
99
99
261971
99
185751
99
98
152593
99
168666
99
70753
186142
125260
212859
269336
99
93881
99
303368
315388
233771
23762
99
13554
298592
99
99
99
91925
99
241840
280177
288809
99
48284
99
19564
105409
99
61866
6554
25520
99
44952
99
99
99
99
99
113694
99
99
99
131662
99
37822
295785
272793
505
99
394208
99
99
99
99
99
99
308758
125401
99
99
17451
10864
116717
206312
96820
99
308437
361165
91747
99
253592
99
99
206728
62639
99
34177
44220
99
15013
99
99
21509
99
94832
161948
172067
99
82982
7288
34679
125143
99
99
99
99139
65326
260794
99
99
99
99
99
99
99
99
99
52336
99
77755
139098
32664
99
154490
99
585
99
4891
99
99
48829
99
20795
209439
53364
99
99
99
99
99
180771
31679
165984
99
322088
99
114753
505280
370797
98
231684
239099
98
1022
8128
248368
99
99
60418
98
69104
337436
99
99
99
99
99
124323
14169
99
59217
495068
99
11580
99
18575
22617
375338
99
99
129444
202114
99
99
99
99
99
99
99
99
133775
99
99
145895
99
20422
4113
99
99
11585
20539
99
99
99
99
91506
99
22382
69062
99
99
416247
526651
99
5676
488809
100046
229719
444584
99
99
41001
276995
121153
160769
218788
99
99
21543
221321
28930
175585
98
99
18714
99
95584
100127
99
565168
5889
99
99
99
99
42980
112637
37309
327328
303728
99
99
169820
409314
45369
255597
99
99
99
370031
187562
99
99
351069
138953
81015
52447
99
16665
99
196233
155920
42340
99
99
126886
99
99
26732
99
99
10248
99
114423
99
151540
22096
99
99
99
99
107533
171998
448164
99
99
99
273736
184712
99
57783
99
249824
99
86966
30822
4729
300637
313606
99
87607
58861
99
99
274025
171566
99
99
99
99
99
99
37568
99
99
99
99
99
99
1698
132534
160073
483274
52730
99
99
99036
99
99
234789
29924
99
69416
99
136254
324492
99
78197
83381
97
99
99
30099
215037
184390
272111
209046
96
373984
99
99
99
194956
99
73896
99
478989
22497
99
201958
136377
99
4389
99
99
99
266654
99
94783
99
15701
503611
99
99
100734
99
99
99
99
332993
78025
13024
99
99
99
71305
99
55012
99
249559
99
524658
29230
99
324316
99
99
99
99
99
99
316013
99
99
99
42419
99
99
86661
99
99
197983
449067
99
168129
52162
93
99
99
334771
99
244850
69018
302118
139605
99
99
8245
99
85513
99
67336
99
99
409307
399423
155230
99
99
51282
287862
82769
44804
99
99
99
99
341931
99
332021
320919
32969
99
515030
43197
99
25772
99
99
99
99
99
129069
99
99
99
93169
41386
285767
17737
418239
5866
99
99
420670
225911
317034
99
298718
99
99
99
99
99
75220
99
99
99
99
99
99
99
99481
99
99
99
244917
24792
195649
99
99
197220
116618
11945
39031
205594
231691
99
238510
99
99
99
99
99
18072
99
488968
33598
197448
30750
99
368043
99
57311
104483
91087
177776
99
9258
99
99
99
294327
79958
383791
99
99
313338
349963
99
99
153324
99
99
99
320696
140860
123403
99
438208
99
21279
99
99
24558
70804
39670
38500
141894
141938
52
98
52547
99
99
99
99
99
273414
99
61368
157747
99
99
183801
99
25742
40054
99
309845
99
298727
164798
11543
99
99
19082
171130
99
269539
36720
138260
160315
109483
370657
99
31168
99
151894
507560
410171
99
99
99
99
99
284253
99
99
323199
116927
359752
99
99
49276
39571
139237
18343
99
99
99
99
99
99
9048
174566
23469
75908
307430
55613
22268
99
99
233987
99
120967
290545
3451
50041
266110
177353
150743
99
4951
183254
69753
99
99
99
418698
66791
99
165788
157331
99
331003
504368
23999
197336
322522
99
280451
202594
473554
383648
162207
101145
482424
99
99
74
99
99
489487
99
1387
99
99
99
99
99
172107
164715
254113
197162
99
5797
89217
123286
49284
99
99
878
23625
99
321025
3424
99
175685
99
300396
99
94186
99
5501
99
43759
99
99
4310
197797
52857
99
267843
392894
119468
99
80594
37223
267864
359701
194404
99
99
99
99
315321
12198
68254
99
185324
99
23690
208764
99
24187
99
99
92
37950
98
7479
99
99
109394
497132
99
99
174211
99
386599
99
528380
99
294355
99
361913
99
45731
19239
99
99
99
99
18739
18848
99
99
329338
55068
101193
332061
228172
99
99
99
99
37229
99
8667
99
20610
99
99
92877
99
207044
99
475970
99
99
17960
99
99
99
99
10304
400963
502316
6854
99
99
99
99
17254
99
757
47661
99
178194
108916
99
73650
99
22594
99
215781
99
160107
45742
99
162838
99
354321
119657
94096
99
90
149724
99
99
99
99
143948
63326
99
99
99
6643
99
99
20451
32322
99
238178
99
99
99
99
99
81880
109152
63508
99
170031
13896
99
99
91254
99
302792
8673
98
406688
99
71013
69331
99
75695
277699
99
90
7732
196268
99
79697
99
70765
105700
99
99
99
99
167224
99
99
99
99
28743
99
99
99
99
144256
99
169268
99
99
99
99
99
99
105810
169648
113508
174526
99
99
103323
180936
99
99
99
351313
99
51129
153593
144242
99
4110
99
48970
115310
384244
1160
88370
295971
356066
99
99
34932
99
99
499295
251387
400632
99
99
40017
224318
36438
97
99
99
99
99
412605
58183
99
219042
8123
98
265675
429787
99
198205
107178
99
61888
99
362703
40815
99
99
99
99
99
97
99
153702
204703
99
99
426497
244779
318757
99
77239
99
99
336357
54370
106982
84227
110804
290
88281
99
35184
99
277148
468243
46871
9622
60398
113629
99
99
113114
99
290628
99
126500
286735
99
99
99
99
106031
179351
131259
99
292090
99
99
99
3837
43088
35052
99
423980
99
288306
549019
396911
90019
340297
99
99
99
99
107422
382446
365391
324
325
99
3014
203495
99
95720
99
98
6618
99
226472
99
99
121544
459599
99
99
456111
99
72864
99
99
99
133180
99
99
229958
99
99
99
99
169158
99
125263
99
184936
122924
99
171310
3740
69969
99
215261
99
97
90144
99
99
99
386525
99
99
174877
200564
178942
482060
99
60818
99
99
99
99
154778
544533
34495
73847
124562
136317
104378
99
78288
99
99
99
118893
176077
99
1701
99
99
17536
297523
83321
99
99
99
368790
85749
99
500
99
286836
99
195657
103064
99
231755
329194
52153
459506
99
24100
99
99
41800
99
99
99
99
106870
99
63524
1207
99
44750
36120
99
312411
99
98
297919
99
99
15117
97667
267940
99
99
5477
72156
99
99
19914
42044
99
99
99
420637
138934
24987
99
3468
99
99
25540
99
322805
166
124438
99
99
139878
31476
342946
99
99
104308
28568
99
99
295090
47175
99
49511
99
2527
235674
111898
34645
537042
99
472454
313503
338373
99
156947
99
99
99
499
23
2725
99
99
99
99
99
99
99
99
379103
99
459767
10732
111867
64421
99
99
99
3636
302222
99
99
36426
99
95009
99
99
443094
99
99
99
99
97
99
358125
102585
99
99
186533
14975
15519
53585
17740
15810
99
166519
99
99
64079
99
99
99
99
330436
70462
99
131253
49692
99
99
99
13043
175716
108619
99
99
99
99
370631
99
70373
13212
98
99
99
148759
99
99
99
489673
120097
99
46695
260655
373071
99
54537
99
99
291669
55261
79803
82736
99
415162
82827
99
99
193624
4132
99
156446
96
182156
92
99
99
400750
99
506238
99
99
503118
126529
99
111542
99
153800
99
289991
99
99
99
99
99
130299
99
261086
99
16
31828
99
24616
48553
99
235630
279455
99
276349
99
347738
91888
149785
99
99
99
99
140335
65186
30581
207709
8576
291154
81265
99
99
99
708
314564
35365
99
56342
99
99
99
56977
182047
310910
99
99
329468
213358
369086
57363
99
249355
438249
34916
162033
99
135224
164760
61909
150408
99
99
241642
99
399217
99
99
148476
99
422405
3204
99
99
99
278034
343734
99
15086
99
366211
99
158189
99
99
273240
2336
398138
57337
99
26011
99
99
99508
5217
231539
99
73384
289952
263757
99
99
141970
152537
129
99
42974
99
71209
99
99
29237
66
206549
492620
99
99
230517
353562
104282
99
20741
56953
99
19611
99
99
99
99
99
119086
41901
99
99
99
99
99
99
69442
99
110446
99
361808
297744
451999
99
241415
74404
229858
99
541447
99
152946
99
99
99
99
97
99
99
99
99
99
58165
3840
148858
10195
99
99
37685
99
13346
38264
334620
68216
99
52824
69346
135686
39028
63012
191637
319029
34839
327802
213854
99
99
2456
99
99
189198
98
6719
87312
107568
12686
99
290445
99
99
99
80086
53066
55760
99
99
99
99
99
85223
99
269572
243183
87
13122
99
99
99
99
99
77951
413202
99
264825
99
99
99
65464
401007
148364
53642
10153
96
22108
99
132075
99
99
5737
144944
71044
250119
242585
98
178822
99
99
99
99
99
99
99
85486
62780
99
566806
99
13646
99
27750
99
99
99
97
99
266177
99
56610
395727
99
54076
40037
99
318054
99
122936
99
99
374519
29330
89569
42378
99
103052
174943
99
99
99
165351
99
99
165254
117017
143273
202128
99
99
99
99
99
99
99
388458
99
8069
99
1585
99
239848
99
92972
99
99
99
102221
99
2043
485138
99
9794
528760
120604
1957
99
40217
99
99
99
99
391683
125332
99
98
5061
59141
99
267651
385252
227414
99
106551
99
99
355676
99
99
99
6079
99
426684
3427
99
78741
205409
26962
99
190872
99
99
124101
37334
169449
134235
99
205340
99
99
99
99
412480
99
12346
99
99
99
99
99
59865
99
25483
97953
171326
99
87283
306484
4340
99
99
99
98
99
327403
99
99
44569
99
117149
381604
270844
106419
99
88517
120240
167580
99
237837
99
952
99
99
51594
243474
371423
430488
99
99
99
71929
363912
105164
52988
99
271105
155682
62302
341856
20384
99
99
99
531
293493
99
35058
74398
54886
7562
8958
74612
99
99
296155
15994
182577
143737
99
451755
99
41907
99
66289
99
27479
78557
99
99
195408
198359
182621
428016
83695
105764
6790
99
99
15988
198922
99
99
86698
168418
234031
99
99
206250
99
26195
57357
145967
99
76392
99
99
13932
99
99
99
99
99
99
99
99
99
99
302119
80071
38077
195267
99
169046
288207
152062
132674
207572
99
7661
13948
166162
99
99
181335
2903
99
99
122277
223802
99
99
99
99
99
99
272
169398
89639
99
99
99
306783
99
436030
99
99
219222
99
108743
1607
208699
96
317196
70478
99
99
7649
281220
255078
52839
266676
36955
98
125170
99
99
126309
99
99
99
20156
43576
99
99
99
125245
224094
406816
71564
99
99
99
113032
99
224577
99
99
99
28379
60022
2132
11163
99
37717
204498
523723
99
33827
12900
8868
99
56083
47364
99
316112
99
218505
99
99
58817
99
99
99
68109
99
239859
559
99
191895
19901
188018
99
51281
70845
168141
99
99
68266
358242
99
99
99
99
487277
99
319373
99
99
97
99
99
99
99
127009
99
40929
402689
38780
17494
60093
183021
99
172017
99
99
108465
99
99
213917
6898
195986
124120
99
99
27406
99
3191
99
116107
62420
99
99
94
191110
99
99
99
99
99
99
351901
151776
99
99
238972
99
99
84570
60560
99
99
6938
104019
77529
99
99
99
27914
99
487032
491543
99
99
213490
169834
127665
294700
99
4696
99
57324
99
99
99
99
73288
99
4456
99
99
99
360346
67628
98
99
6618
139403
99
2166
149770
99
99
112695
99
99
132792
217658
566233
99
289340
99
212272
99
99
99
99
99
108744
99
339425
99
99
3811
85542
99
99
308827
99
121674
139510
33536
48534
21428
359562
99
99
99
198976
99
99
243776
20295
99
197784
99
86446
99
292352
319523
99
99
99
48326
99887
99
215238
111892
99
99
99
463117
99
322395
75779
84959
68546
53968
99
99
99
302662
99
99
21170
102315
99
99
99
99
99
245567
99
361
98
91910
99
38413
99
85350
99
99
84207
99
140856
99
312762
99
51644
10167
22060
99
99
99
99
66240
99
177435
246313
99
26766
111701
99
26177
21159
134912
158488
29965
99
99
89618
127796
40909
233809
170474
26441
99
99
21864
85729
175975
99
100419
99
99
99
104888
14729
99
168543
105763
99
44099
453689
99
371885
99
136478
197102
99
83072
11318
15921
99
225895
99
99
99
277271
444288
738
99
72970
99
27654
99
99
99
99
99
109778
99
99
452181
46940
99
99
99
10628
274689
17760
41584
99
35315
99
99
6747
28832
77054
129715
99
118507
99
99
65627
65600
88645
133426
99
37184
176637
113779
147146
99
209365
99
99
99
99
99
61794
99
99
33288
230152
356430
444633
99
664
99
205920
227229
99
99
266286
396656
264643
99
99
58766
99
99
46986
52587
99
99
222181
199086
99
194130
111566
99
99
40999
99
99
99
142349
60058
99
99
84020
203704
99
60
321533
99
99
99
99
10199
223763
99
366414
99
99
114905
19483
99
99
582696
707
139545
307169
99
5120
99
99
99
99
481431
210532
99
24567
15034
38035
99
99
467800
99
99
362992
332646
69810
99
99
83
175649
99
238371
99
99
99
99
127994
99
99
187391
99
151528
99
318253
99
148
99
99
99
83405
32435
415937
99
99
99
99
9495
99
96082
245256
99
99
99
99
77693
99
69176
99
81068
99
219440
99
366227
7591
232407
99
76567
99
99
97661
243638
99
242181
99
91
99
99
99
99
250957
1678
147397
99
70263
99
99
4383
6555
99
99
52863
99
41030
99
99
99
99
99
11568
5533
99
55805
87800
448913
1646
99
137548
99
70450
361216
48841
333105
215549
99
367839
99
159425
99
355432
74914
99
99
99
99
180993
99
99
199204
99
99
99
98
99
99
97
99
304262
170930
66193
261588
99
19771
99
99
99
99
99
99
83189
85798
99
7539
411366
99
342935
99
14745
61720
34989
104481
25807
99
142485
99
99
99
99
99
126850
99
186942
99
99
99
359051
99
394605
87643
99
99
99
117292
99
99
99
19654
32300
99
60106
81442
99
17253
183974
99
99
99
99
144785
99
272293
121573
99
155202
99
138550
99
99
125126
111892
135650
93769
99
96136
265006
10974
64572
99
344642
145840
296596
441329
45217
99
55006
89987
610
256902
282455
99
50963
99
99
53781
416301
99
75659
132314
99
240880
320983
28358
50191
212014
30012
17798
99
71186
99
277704
99
99
39487
98
152829
7386
122971
189233
99
99
99
227157
145000
40617
99
189815
24534
6626
99
208759
71713
5293
48972
99
99
99
283422
225076
95132
47413
66022
66177
244602
364186
99
99
467510
99
78714
99
118595
357455
99
161155
99
117604
244093
99
454574
174008
99
99
108132
99
99
52899
437887
99
149634
398559
99
99
99
71505
99
41559
536248
273034
99
62902
262712
99
99
99
99
99
498640
22830
9807
99
98
10775
43168
120
239062
35169
315572
99
27750
33156
30075
237481
99
225064
99
99
99
99
99
99
99
99
99
99
5698
99
99
26406
41301
397994
99
134446
14340
88156
30615
32138
19534
99
146114
1048
388767
2598
99
99
393465
75292
323114
99
190656
184123
61820
99
216243
573
419696
99
99
99
99
99
99
10272
99
45639
99
55987
99
99
99
97
7939
99
65654
99
99
99
99
269354
99
35505
18797
99
99
114969
117435
32138
99
99
99
310874
99
199524
27537
67322
99
99
37628
457080
99
99
103866
99
99
99
328268
30350
102796
99
99
577963
554
96780
35381
99
99
240986
150049
99
99
229884
99
99
99
8559
99
99
99
50195
59157
279962
100765
99
99
99
92663
99
20752
99
240215
408831
99
99
4409
99
257320
20748
99
99
195745
257476
99
99
362446
99
99
116819
96670
51776
99
99
346442
528715
99
27351
237910
15026
99
62302
99
326781
29149
112936
22288
99
89221
170675
99
60745
99
139072
22055
99
44072
99
29682
60924
99
99
99
212631
99
17397
99
224542
99
99
99
99
99
99
99
99
149068
138017
32572
221221
106015
260569
99
188702
99
4223
99
99
351705
890
18230
99
99
99
99
99
99
99
99
99
99
99
84083
99
94730
451463
2613
36051
99
192636
410226
99
77872
99
264166
99
4995
99
99
99
391677
99
99
99
6944
99
530900
462396
99
99
99
337650
186954
99
519828
225655
112778
230595
171637
99
99
99
99
