99
35280
99
99
99
486894
343684
99
46368
99
99
95446
526877
331757
59357
99
99
99
11729
99
99
111094
119758
407280
99
99
144707
99
99
162885
114304
156965
244776
30945
99
299486
99
80092
19069
44596
31727
99
12005
99
548527
99
99
99
100999
141135
99
149563
99
99
60138
33497
265989
456878
99
13319
99
114363
99
708
99
99
6679
97890
26134
783
342921
99
10066
99
192855
99
157149
222182
80068
99
48261
3790
16959
99
410544
9404
223595
227064
99
186075
114241
99
99
475480
99
99
355468
99
453795
99
99
99
247173
99
99
99
105815
31170
99
99
804
92
99
99
99
99
199944
99
74338
90923
84346
2860
244413
55872
25641
413106
99
210708
79731
99
99
99
99
99
99
462210
208606
140238
99
99
293720
99
13206
99
67112
99
99
237755
99
194851
48832
3683
675
114682
114294
310480
51882
99
284614
99
15941
676
51755
98940
70361
122186
99
2786
10531
99
123846
92285
24758
99
99
28568
93660
76192
99
4299
98
99
99
291548
58253
99
99
89647
85397
99
99
556133
99
3286
99
78783
99
99
69940
99
99
85204
422502
99
99
99
99
99
99
82491
99
283394
99
99
230105
99
99
260658
99
94592
383311
122034
227138
99
239771
99
187216
17283
46311
95872
167871
99
99
99
477431
99
99
23888
99
99
69798
565588
107219
96
193550
143525
216544
99
386970
99
200724
99
35917
88003
393348
190687
320716
99
99
33763
99
99
124223
41049
99
99
330464
96
17035
6828
99
201149
121826
99
99
99
99
99
99
50341
51108
87
99
99
32398
96246
99044
204798
196412
99
40978
99
17984
120303
99
99
232250
99
78146
99
99
99
99
99
208641
99
197344
188661
135463
42152
99
99
99
99
99
99
98
99
99
99
99
58613
2214
99
240954
369337
6736
99
29572
278736
46089
82266
141758
203794
37168
131278
120708
24801
199884
99
90881
94773
324885
169397
100376
236632
99
83831
99
32378
322757
271746
158672
89022
99
233354
471314
71073
99
167476
179366
99
91
99
310005
156734
58683
7176
57101
21435
98
99
99
185148
282775
49305
48664
99
200318
99
103658
74296
30814
99
310030
30771
99
99
16262
99
55239
99
99
99
99
99
176848
99
99
35705
21575
74057
99
394912
99
25516
155581
109758
115367
22832
99
37101
99
133555
99
153634
478356
99
513434
120580
105524
99
46296
99
43760
24355
99
46721
99
99
99
90270
60860
99
99
99
166620
99
99
99
99
99
99
99
99
99
6822
35849
99
99
72005
208146
99
99
49332
99
20675
99
99
16279
35620
99
99
131385
28379
99
271385
99
99
99
138021
99
36735
99
116154
99
99
222082
99
30708
233243
283944
99
109883
99
99
4770
99
99
592
99
15068
99
99
99
81627
99
189799
99
50449
99
262926
99
99
31941
99
3449
4539
99
532970
99
176895
99
99
99
98
105633
99
429988
67813
99
537
99
99
80136
99
99
99
50930
163088
75773
22178
40664
99
4875
99
5337
70516
99
99
99
121281
159878
350476
485005
376850
228809
99
99
50545
104509
99
161711
99
99
76898
98
313696
99
14316
99
99
587969
99
108697
99
99
229190
99
99
99
356269
71662
537786
99
42972
99
99
99
99
201858
99
54564
323723
24854
25257
99
106125
99
63020
99
99
98
28211
306334
99
99
99
70553
2477
99
358403
99
14521
105761
99
99
42641
99
99
174124
86
99
120029
65066
99
99
99
391731
99
555797
184923
75087
89211
31233
99
99
36204
74639
411082
99
99
118887
99
99
243783
99
336470
124476
22705
99
99
99
99
99
37442
99
99
99
190121
99
55512
56272
99
415457
476485
99
33426
32006
6405
99
7637
108477
61183
99
99
152105
99
347705
333224
45903
99
99
148166
99
256861
99
382528
99
99
99
180461
99
99
44855
99
99
99
99
163967
294
99
99
99
99
99
99
96
99
73909
99
52759
1998
396694
239866
99
99
99
177696
132043
99
216035
178900
99
99
99
44095
99
99
78360
160955
99
99
99
414933
99
99
225439
25787
99
99
99
99
375533
99
99
33060
99
99
99
99
163934
197093
63763
31040
196467
99
99
42838
99
99
138419
44083
500499
93944
252833
210567
47278
150104
99
32240
458368
99
99
99
48579
99
99
2462
99
98
99
204957
140543
81556
12473
93521
99
111631
99
292708
44644
99
99
99
30854
39067
99
323653
312811
99
350572
58775
99
84782
99
329286
99
528226
177149
282220
138654
99
124827
242303
99
99
137345
284117
99
99
99
99
47172
156196
99
243828
247177
7322
99
352554
99
99
66755
99
99
73042
99
99
99
99
99
232059
99
99
99
18499
99
158570
92671
99
457390
157943
99
99
28672
99
240607
746
99
297396
77753
99
114968
99
99
66190
412861
16379
157491
99
99
99
1304
99
118587
99
99
91234
99
256535
256685
99
99
99
57685
175242
38916
158746
16556
184883
99
99
243623
99
99
99
136207
99
99
81570
99
553802
254147
99
99
99
99
99
99
223545
99
34053
99
5574
75691
112104
99
97
99
377264
99
99
183851
99
108978
99
17098
137322
99
108558
11947
99
99
15390
99
43878
99
276089
99
41774
99
99
32439
99
89416
200828
48315
28530
354424
99
350968
99
99
99
99
36173
288379
99
196758
97193
99
252442
99
336446
53149
99
113569
463224
138937
101985
99
99
99
59
200514
99
99
1759
225972
99
588415
99
99
165261
99
173766
38983
97
99
99
247716
99
99
274501
177236
259338
99
99
122868
20733
16457
99
207366
45370
99
67985
33413
99
99
99
230416
102532
137040
99
99
99
50133
99
70039
99
99
68846
280675
132352
355246
140199
41448
99
269787
99
10914
99
99
175106
184156
99
99
17657
99
156245
99
93607
99
99
89481
210245
99
99
523525
18611
525871
164334
99
99
42840
99
99
9733
223989
8321
99
118036
99
247309
99
99
296419
98
242890
401641
99
108352
173081
242024
47442
99
88000
99
99
68474
99
99
521554
99
99
99
18546
174444
324516
99
27106
99709
17355
184782
72040
99
99
99
99
92041
99
99
99
302238
99
99
99
99
8956
311184
467483
99
99
99
18617
260415
52321
240714
76352
99
98
88
123753
99
513779
190285
41857
236858
99
96
46059
99
99
99
62518
99
233327
75166
99
74559
198193
99
74790
99
340833
160730
99
241745
40792
446039
95306
99
99
62863
30554
304404
6796
7167
364489
234836
128974
156334
124312
99
12054
414762
99
512741
22782
158305
24953
104919
99
99
82302
99
81458
99
99
99
99
99
100479
99
178530
76679
95
25922
99
51783
99
45952
284761
192336
10122
99
99
562934
47073
126981
23354
24546
99
511176
67953
510606
55744
56811
99
191036
99
581446
99
464370
98
15430
187287
99
99
94
99
99
99
99
99
126527
27257
178340
306553
266813
54802
99
14863
99
170198
50767
99
99
99
99
241968
277069
73781
99
185
99
99
99
99
99
99
99
23860
48744
463230
99
67612
146244
106486
99
128667
3376
99
99
184102
99
99
18519
99
99
99
306141
99
233709
99
99
354426
7376
506506
59449
21147
99
80374
99
153134
15216
289272
400049
99
12759
99
337955
177236
38662
99
99
99
99
99
99
99
99
99
174158
32991
99
72541
99
111242
282327
1498
469111
469960
99
99
99
147816
13993
99
99
99
162380
121491
86
357286
99
98
2585
96
157125
99
99
99
99
248605
103746
99
99
99
151622
151436
333226
99
98
45582
91055
99
99
99
311826
99
61
99
411940
169706
151589
99
99
17573
1487
99
99
291770
99
99
99
99
99
99
99
99
450268
99
14478
396941
257673
112336
99
272304
99
99
11204
8596
99
8250
99
99
99
79093
99
110127
99
189104
99
99
99
99
99
99
99
20826
305214
10598
99
99
99
162624
206018
493202
65882
99
99
99
2525
98
99
78759
99
99
230910
99
154127
63591
1594
332010
100156
99
99
440095
397516
90
99
99
99
99
550372
70851
20473
99
99
99
61385
29404
99
147032
99
64305
8971
31603
230029
99
99
99
554301
101140
99
99
99
253629
99
285623
35122
99
9632
99
99
192189
85153
99
310776
99
99
99
321142
99
99
99
56431
245704
99
123718
99
6063
10481
99
99
99
99
99
99
99
509471
89336
158748
167966
99
99
229671
99
99
7932
99
99
234084
99
99
247949
295079
134713
99
193471
99
257819
307365
99
99
86796
168416
98411
319886
25210
99
235442
99
99
99
99
209333
99
99
57541
227178
43568
99
99
99
427402
255999
99
99
99
96428
67203
99
99
99
310089
403082
99
144458
99
28216
100361
99
111239
291017
99
99
163835
164147
836
99
99
99
99
17961
99
99
99
159306
98
99
99
99
99
99
17070
353984
5439
132053
99
99
55992
143284
99
99
99
445538
150519
99
99
115618
99
186298
99
99
28541
319151
42190
33622
8625
99
99
294011
99
99
99
99
235586
99
99
99
306373
99
92729
53635
70220
99
98
99
192560
214027
99
99
111284
99
99
63312
99
99
136943
110759
392577
82829
99
96
99
99
99
70641
42435
99
63540
181541
99
75
100789
99
99
21482
99
99
99
454489
245792
99
99
284293
99
3367
70502
267846
99
99
31537
155392
55725
79929
434530
106345
17519
99
145629
55781
99
45580
173638
99
820
99
99
935
99
99
99
201194
99
99
390168
167917
99
99
98
21494
99
99
284757
99
118390
97
99
229572
99
221922
99
226573
99
44656
231051
56757
17797
236306
54934
99
138166
61364
99
99
545259
256434
16200
1183
193389
99
99
99
39739
28772
426605
62753
419826
99
99
88097
365077
99
63953
297170
99
45349
99
99
196466
362063
1056
54831
2853
99
46103
99
99
346879
13060
99
99
99
401776
23356
99
719
99
99
99
99
26064
99
46661
99
99
99
99
99
426996
211728
53518
99
99
89931
359791
99
99
199795
2942
62493
99
99
99
41332
99
231831
54293
202404
67
99
4184
8689
99
143785
393258
99
99
99
99
376231
34435
316303
99
99
99
212564
99
323878
99
189108
99
160018
243659
56968
377482
29504
103928
99
158977
118612
99
99
99
185438
99
99
99
99
79953
99
99
99
99
99
99
69512
100109
252248
111179
99
160828
99
99
196201
603688
99
99
31536
58667
369932
18504
73309
218946
31536
99
99
60329
99
475654
188027
99
152632
99
525446
95332
157382
77710
99
353204
99
99
99
99
99
347884
99
94026
24817
56966
99
99
99
99
99
97
434928
99
99
99
99
99
94024
99
290781
277855
99
99
99
99
99
57433
99
99
99
99
145504
99
180276
110863
99
54155
98
99
19176
99
86341
99
99
58997
74289
260212
100567
99
99
370264
99
99
97398
99
99
52903
156152
199796
259098
99
99
99
99
77499
85721
6656
99
99
99
606335
99
99
99
22387
215594
99
3243
46960
1661
116189
375398
18326
99
89212
473717
99
147771
234496
99
59295
99
149760
4326
91
99
99
215132
220889
44471
1418
203016
99
99
99
99
99
99
353479
99
91538
99
153330
228984
99
99
346650
99
274612
99
99
284682
78796
99
14140
99
292091
99
67499
99
99
64219
99
99
23131
222507
99
323866
99
99
326968
99
99
372512
208888
99
227707
99
99
99
131440
99
163284
99
352854
357330
99
225874
25734
99
99
76749
15786
96797
62099
99
99
78934
35121
99
11458
38237
99
148805
22998
15214
19268
99
99
501812
14751
99
37424
33102
99
98
99
7316
99
257543
271579
64264
99
99
377221
86250
15672
179766
99
99
99
99
197449
28795
143831
99
99
99
99
99
121204
99
99
99
99
99
444017
99
99
99
99
99
99
99
115641
99
99
492453
99
99
321070
99
99
99
99
3656
126713
105124
246213
99
75192
99
99
99
99
98
99
111955
99
95145
278756
32320
23245
99
224122
322832
99
13975
99
192922
87921
476771
15056
98
31223
99
12892
99
17076
99
99
129313
99
158241
99
99
99
13916
99
9694
99
99
99
11562
180836
10004
99
45481
307143
99
102015
99
99
70529
317
70774
99
99
396041
67241
99
162074
267361
99
34823
170968
294867
50957
380728
99
99
99
8064
99
99
99
128810
96389
99
332219
41588
99
188780
29730
67153
137056
235564
76364
36942
99
226880
29550
3043
66736
99
29355
243989
48222
99
23329
99
99
193178
329661
99
99
99
141928
192537
121407
99
99
318880
99
95
14254
5470
360061
219580
99
277328
147416
99
24337
99
99
34029
99
116123
99
31237
288651
99
361631
99
99
99
162948
423950
99
235373
99
56544
99
99
99796
193574
262397
99
99
99
99
99
7000
99
50116
99
99
46166
99
99
99
91361
99
47946
5659
99
221498
192241
99
99
99
86961
99
99
86732
254860
99
94269
99
99949
99
99
376553
99
99
90036
99
99
99
99
831
99
12413
99
99
99
99
12540
98
451749
93714
99
99
80
29548
99
98
99
99
99
99
253439
99
256322
99
98
99
178949
241759
99
338206
99
161303
99
430910
43457
336812
7291
77439
99
69496
99
99
132508
99
99
99
99
99
99
148706
423730
99
155523
9863
99
140554
255996
236747
99
70963
99
99
99
107047
2469
99
99
2658
151477
99
99
99
99
21986
99
99
44452
1657
9589
33331
294276
2221
483896
196971
26330
23515
150341
99
98
99
99
99
99
99
178325
22511
4009
52371
421189
13224
171
241916
4460
58606
142234
99
946
99
99
49409
78986
99
99
99
99
98
4742
388344
193326
158125
149657
99
189968
99
12804
214847
99
99
60401
99
99
99
313068
345585
99
99
99
99
244812
10751
3452
188304
118888
98
77129
99
98
10992
260004
103226
43595
99
99
129788
99
51388
81422
99
109651
269337
99
99
136788
114865
99
99
91042
79976
87102
99
257906
99
72745
99
99
99
99
99
99
168912
99
99
99
99
298599
99
32065
99
98
5352
271339
99
99
99
11077
99
99
99
176325
99
222917
99
181536
99
158005
16930
99
99
378327
58197
99
77840
12450
98
107093
418774
99
99
99
208432
99
99
99
99
460645
99
99
99
97
99
162291
196378
563985
164261
99
195465
99
3556
178155
62591
88135
99
99
99
265336
510741
283611
99
99
193425
99
56775
99
290564
173076
99
425664
237512
407
460372
117508
99
99
462360
258621
99
99
99
233903
99
99
99
99
99
63885
99
311178
42924
88757
99
147459
37492
99
99
314080
99
99
123349
99
112761
236861
99
8380
8483
99
99
99
8252
212135
99
99
399473
99
204380
99
277505
99
262193
99
211128
99
8348
99
408626
143243
99
99
3396
99
99
200343
99
99
99
123333
85043
99
99
92462
99
151705
99
99
102006
99
241201
99
165973
496823
6298
99
269883
99
16751
99
99
99
52243
40732
10546
99
99
46739
99
99
99
99
99
42369
29089
99
59179
290836
99
96377
311664
99
99
150936
159910
155295
99
99
134765
167567
96861
99
189105
99
99
99
167145
224273
8203
152272
16844
99
99
218411
152097
265499
150671
16714
15309
205613
99
4915
217892
389271
99
99
99
99
99
99
87227
222085
225003
254353
99
99
27881
43580
99
257206
341114
186230
98848
10628
163822
275813
99
99
285672
338449
102151
113000
99
17381
99
118370
572541
232166
99
99
99
22455
275175
99
168308
99
99
148609
605483
99
99
232169
171896
171758
133069
99
27839
35457
55666
121282
194070
52870
99
99
99
99
99
99
99
99
99
99
99
16036
318526
127727
65312
8113
99
99
45186
99
71260
60530
146703
133803
159148
99
99
99
99
175002
72662
99
116618
236431
99
91026
99
99
369
99
99
98
27689
5260
99
230830
99
99
27053
46669
99
42689
561635
4771
41995
50711
99
99
178143
99
125244
124592
321001
264133
213854
99
70183
225594
472555
99
99
99
99
99
99
99
99
99
99
99
96933
117539
99
99
132684
482015
166118
99
131467
99
2826
312075
554103
4568
99
99
315272
450528
58044
26805
99
98
1895
1288
99
99
40808
135001
166301
99
99
99
107158
73042
181574
99
75899
99
99
104085
99
99
113789
99
4876
28857
41966
99
99
23556
99
61584
99
99
85161
99
48608
147241
99
99
240234
23869
85768
99
99
99
108469
30833
99
99
454048
68146
99
433349
99
27532
99
99
99
19302
99
99
99
69114
99
139788
99
99
99
139391
99
202208
99
105434
99
99
99
51100
324332
41419
83657
36589
99
5559
99
99
99
403139
19460
346903
135304
261261
99
23622
178512
99
99
99
88265
6556
28786
326653
264491
99
33576
423051
72026
276192
10250
61498
341451
99
99
7225
99
99
99
215979
99
99
407795
327929
99
304049
271657
96531
99
283920
99
99
349315
99
438432
99
99
54092
133233
183742
99
359851
99
63
61855
99
225751
99
99
458003
265731
60718
60103
54217
4430
99
221213
277463
99
137601
98
20679
77044
131792
301448
99
525171
6824
99
99
99
26920
99
99
64342
99
99
221224
242884
99
318
10635
195763
99
250515
9913
31535
36069
259486
163335
350116
123235
99
99
114303
99
99
99
140715
5252
15105
99
351502
99128
99
115642
404790
347995
99
99
89537
99
99
92466
99
99
99
99
83701
99
99
9174
97992
128945
36853
339075
293301
115336
23030
313893
1378
99
184856
99
99
19764
92474
2492
29376
29908
19222
259885
128910
99
99
210530
99
99
70373
513834
10296
99
478409
188492
99
99
99
89646
99
99
3520
240325
89402
215205
99
204836
6125
191672
48061
99
211547
99
99
63841
99
183384
15169
193071
214591
99
99
288507
99
46845
66637
99
99
137481
99
99
27413
63743
99
561182
99
99
99
26785
266061
99
415992
99
217157
99
99
99
123069
99
386435
58847
243521
99
129424
99
2209
250775
153069
234556
99
462322
99
99
99
99
99
99
99
61795
47032
36783
99
106444
86615
99
21046
1235
99
99
62466
55777
99
109599
99
329305
337712
60514
20337
167046
205316
98
99
198031
99
99
313945
99
99
135567
99
109138
99
99
99
99
349733
158162
99
99
99
93260
98
99
99
99
191418
99
99
99
124790
99
26057
114303
19049
37901
178790
94
99
99
139617
99
327878
99
99
99
99
81719
99
99
99
120244
99
99
99
9620
99
255677
336713
99
116715
99
99
99
99
99
99
36009
99
99
128981
99
99
127444
111648
99
99
180561
405827
99
544697
99
66522
99
99
99
99
15126
99
99
286065
99
99
99
99
73104
99
3554
201157
287252
6799
13465
99
99
99
389117
99
16676
419626
168696
99
99
99
98
99
99
71330
352151
99
99
99
106829
99
99
99
99
363433
192242
148098
8919
288157
262350
70087
99
15221
99
115404
99
99
175428
338142
99
244455
99
99
99
18131
183482
99
99
99
99
99
167548
99
211095
10510
73348
99
99
289453
127018
130737
188862
17812
99
279257
99
95277
27783
99
69996
99
99
147985
99
99
99
50757
166458
126684
2640
99
42829
99
298988
119318
68306
99
99
196841
99
121652
174796
99
206180
139548
87555
428913
98
315751
10306
99
99
99
184319
99
99
70083
99
105071
99
16155
442127
99
99
99
35360
99
275911
27922
101740
84135
99
155432
47286
99
99
856
190450
20385
83985
174298
32993
99
112317
99
99
99
99
99
66404
262565
301623
99
175895
160349
99
99
99
99
99
99
99
99
92433
165540
99
9803
330394
12077
98765
99
52516
99
132066
394702
99
117709
279491
89770
97
99
94237
99
175545
99
7512
99
457115
6625
9523
99
99
33728
112120
98
106270
195594
27814
99
99
3251
99
532751
483446
383120
99
238312
99
264413
173271
99
216542
280804
7817
87
19707
99
98166
261562
99
348039
221644
286199
76476
45829
443717
292400
99
99
269522
331745
320996
90460
99
99
99
99
108287
84633
7600
323285
99
99
151607
43245
99
99
99
99
99
131603
82309
70103
21686
145337
40365
106395
99
23728
373742
41890
83247
99
13687
133724
14824
203930
99
83768
210157
99
99
4352
42689
419613
14638
99
25311
99
42313
278582
123191
99
99
349175
99
167857
99
99
99
218350
434951
11104
3950
99
99
99
67080
108512
86089
99
99
8686
17153
99
99
101054
99
99
99
154225
154996
21006
98
99
99
99
5544
57078
99
284943
186959
170147
354008
99
99
565783
99
1690
53011
36184
53027
75008
99
99
99
99
99
99
513614
112442
99
99
50285
99
99
12518
99
257398
68345
135506
42714
101101
99
99
99
94755
99
273436
99
346406
21902
99
99
400848
257266
99
250091
21735
99
8025
366947
99
97707
103862
99
97
152424
99
99
252215
99
99
99
99
444985
99
99
97694
99
325340
69411
99
99
100625
183130
310569
99
3010
99
502322
99
45213
126829
59224
353372
85423
86414
99
99
99
70958
89524
99
99
99
180013
6769
99
99
110467
109907
99
97661
148361
99
99
92048
99
99
79641
99
176249
99
345069
99
168959
18090
99
122177
99
128958
455460
99
151456
38885
254795
99
93
169412
35330
99
140969
99
99
89087
99
99
99
99
99
341812
107822
98
234296
99
567371
94945
944
574
99
28680
38028
172586
211823
495776
99
99
99
43611
56649
29501
352714
130325
99
7906
42481
99
99
111454
99
99
99
99
99
48981
99
99
224810
70068
40871
259302
35543
72381
142070
99
195554
99
71491
99
99
203219
99
227552
99
99
9928
99
99
99
27167
80779
99
121189
99
300841
99
99
99
99
99327
99
34155
99
421698
98
99
115674
351067
131390
99
267076
99
9876
99
226147
99
459288
99
5132
99
163091
99
153147
66931
155217
99
441422
99
99
1817
58481
20173
363825
53613
53679
142371
13164
99
189612
83029
99
99
99
269601
99
212590
99
99
217639
99
41698
449
99
15006
6114
186595
183421
73619
55316
315645
99
139976
123950
99
99
99
99
8760
99
80967
99
99
99
27923
194011
98248
99
98
99
100133
214126
103520
99
99
99
99
99
99
42881
99
99
99
125600
99
165170
99
99
290801
65912
99
99
186888
48503
99
131061
99
14145
99
88640
192406
99
195633
99
99
10199
99
97
532136
99
99
291488
197345
99
99
99
59843
99
115652
99
99
99
220509
99
113099
11964
99
143031
416668
120665
374298
514563
5622
99
308039
39883
99
200770
99
267477
99
99
99
7660
99
17322
71336
1766
35181
99
99
99
88514
99
1568
382643
5806
84099
99
58245
4300
99
117555
99
4310
104829
99
37192
104605
99
99
99
99
99
213929
99
99
67598
99
99
9824
99
203556
99
99
99
308501
86950
400718
237837
99
171269
327431
99
99
99
82461
99
237106
129657
348013
99470
133350
1529
99
99
197133
88022
99
99
99
99
99
52764
10902
99
11777
99
51047
213188
99
99
99
99
52025
259976
99
113619
99
99
2371
99
59151
99
99
99
140219
99
99
265171
61017
99
99
99
99
169087
81370
502427
161734
99
99
10044
11483
34468
61610
99
99
99
53554
99
99
99
63345
99
99
109132
99
155113
99
99
99
99
99
91808
99
99
99
543
58528
99
99
99
98
792
99
35672
99
99
384679
68166
290836
99
71309
393481
84665
194944
99
99
99
517664
118006
94854
99
5338
106600
99
343474
259651
99
424984
99
146751
121700
99
5342
99
99
99
99
32879
135563
99
301041
51141
150527
99
15443
99
99
99
99
315442
353417
99
99
99
62003
52171
27526
99
99
99
190358
362867
99
449653
99
99
99
99
93634
80551
99
301161
270553
99
99
50803
90038
99
52255
99
63116
99
99
22565
111912
292787
463849
99
228597
99
99
99
197669
207576
99
99
116393
230648
99
146179
99
99
79589
90914
99
98
88697
90095
33860
99
99
98
115524
99
238441
99
99
343931
148983
99
222303
99
81442
463319
99
99
99
77446
525731
40132
99
72221
27441
99
99
99
99
99
66430
210269
99
99
9463
99
382510
99
99
310418
77465
79238
243778
99
99
99
148917
99
98
99
99
99
350963
99
99
99
99
98
99
434593
78993
450711
99
233014
99
99
347436
99
99
461918
45476
38036
99
99
134109
99
202941
200103
73034
314116
100159
139542
99
99
79276
99
99
99
99
99
201674
99
2859
99
99
99
99
29995
270410
61546
99
263794
99
99
99
99
1017
44542
11371
99
99
99
170684
99
86896
178806
99
178830
3363
99
99
170755
98
99
274043
99
61586
99
99
99
3824
99
99
99
132740
99
99
99
221388
329781
99
99
217369
13230
33042
99
140561
99
442171
99
29858
156575
195145
98
33996
361264
66617
140924
68734
95676
99
99
99
99
99
99
105343
99
99
393412
5486
98
99
372537
60897
99
6197
78988
9849
99
84167
99
99
99
249882
114
98
34743
99
35829
99
327578
99
99
99
99
99
311575
99
99
99
99
151585
68690
99
99
99
248728
49132
24320
99
99
66817
99
99
183481
99
17587
88269
99
31402
99
99
98
252860
99
99
99
99
37607
99
116575
77931
31942
59187
2815
99
266102
119339
24183
99
365240
9409
31639
99
99
278010
257808
99
99
67487
145786
99
240017
78828
141059
9353
164929
9363
165288
99
141813
142979
99
311673
129012
99
99
99
152056
99
99
138
104484
86267
38221
38893
156729
9552
38436
99
118489
20160
379724
248548
372086
99
99
81700
7601
92098
113745
29082
99
99
2808
563
99
99
99
99
99
99
328715
99
174669
155018
164602
99
99
303203
256818
99
99
99
156817
378463
99
99
99
253929
262055
35751
99
99
99
99
53002
108703
7556
99
99
99
99
99
99
99
99
16024
99
181522
99
99
139676
70808
99
171177
23464
40487
99
99
99
99
160047
99
99
106837
41644
99
99
99
153191
244477
109587
99
38004
183466
63118
260463
99
149037
381867
47232
99
426978
99
98
99
216094
85549
99
352396
99
285297
50028
10585
29074
245
99
99
99
99
258963
19165
170999
1675
27779
99
99
99
99
133243
99
263692
99
99
99
18063
99
41904
120023
99
99
217700
99
80228
276435
99
211770
99
192848
99
69465
99
99
85343
99
99
99
81045
2863
236038
1368
207578
222060
116657
99
41212
62902
272871
99
120690
99
99
52576
99
99
46723
99
99
94248
99
99
18496
22808
99
99
99
59953
223381
92068
237001
102131
171718
90315
373837
99
410833
22281
406649
99
99
136419
99
120638
16414
300775
99
154078
99
8382
373906
99
99
443790
98
99
119384
35967
99
99
99
407496
99
323347
99
99
229344
99
51436
109069
99
99
211169
177484
407567
50528
249509
99
99
6647
99
242090
99
142218
169165
99
99
99
346927
99
99
60797
99
335378
99
23679
124548
99
99
99
296
99
437976
66711
99
350458
252905
99
112105
10084
99
99
99
166653
267938
263966
99
99
122658
99
144286
365786
50281
151082
2591
99
131477
106763
365211
62488
117950
99
99
99
11592
293089
214661
99
99
25003
43630
99
99
5179
99
365025
99
26511
99
376024
98
99
342432
202646
99
114018
99
99
20301
99
99
99
30316
229004
432391
29401
78515
455149
99
99
99
99
78664
361168
62791
99
194316
59026
98
99
99
280556
154478
61552
99
27011
274815
99
994
99
99
61472
99
99
7430
122459
95
6124
99
1603
82381
92367
99
176083
99
326831
305472
99
99
99
99
99
99
198315
85923
232247
208563
99
73428
99
218216
257320
24903
99
99
98
99
99
38719
79743
342597
583439
471289
96342
164454
99
158662
526541
99
99
99
87133
161158
367853
540668
4966
99
99
99
99
99
99
324343
263734
99
99
99
98
244275
99
99
99
6383
306682
312069
52522
371933
406003
99
99
99
120815
3684
5249
99
360038
99
12886
519110
283561
57156
156875
99
229600
99
101310
99
10305
41792
99
99
23322
99
185905
8217
99
3593
99
379120
99
99
287565
99
99
76430
99
36347
99
138134
99
90336
401909
287852
99
99
7186
44932
298306
18176
99
216039
99
99
320245
99
204809
99
288625
79325
141225
99
570902
149638
99
99
9459
99
98
99
305318
99
10004
99
220908
99
185555
360188
283220
53238
99
99
99
99
99
179082
180488
125292
78688
99
99
99
110043
94670
99
99
99
66285
153513
99
72025
431
331684
37238
81260
128072
249472
338238
99
99
99
230010
27724
99
99
99
415684
98954
261304
99
99
33646
11529
249948
99
99
99
99
353574
99
99
195383
99
99
91349
276726
275302
165327
99
334430
99
20509
99
99
99
99
102908
276097
24735
99
473727
99
99
99
99
27925
99
316918
99
99
99
99
99
99
41
23358
99
99
365594
99
136441
15475
99
99
81602
4314
1008
46685
400662
98
101491
179878
8678
99
94315
154250
98461
99
99
99
99
43864
191523
44923
99
6534
99
99
53395
99
98
66914
2254
162206
392523
99
99
99
32880
46572
227
99
57644
99
105360
6782
99
163187
193450
26759
99
58023
99
357059
98
99
99
362139
23074
99
99
99
99
99
246263
99
152493
99
292015
99
202854
406207
137728
30333
23335
99
50147
339685
1637
99
99
2825
99
99
99
96868
67296
99
85746
99
22244
99
10327
99
335325
331327
163679
99
66173
99
99
99
264057
138245
53824
428315
99
99
15526
190998
99
99
1168
323398
221159
99
74540
90912
99
99
99
409820
98
99
18602
99
99
16313
12246
34680
53337
99
99
99
99
99
357297
54577
99
98
67497
267746
113947
99
99
286600
99
99
41799
99
312351
120833
137547
372125
99
99
179532
99
121340
211911
99
99
94286
243422
99
58113
67450
79456
99
99
50736
288040
99
99
99
99
99
435
99
99
27144
5691
99
15507
99
215860
125809
99
9696
350027
99
408381
99
99
98
238396
99
11998
113006
99
99
82333
99
151541
194921
53177
22328
99119
99
256089
269334
221192
99
99
345342
99
172757
99
132389
202292
8582
99
120117
99
99
99
55511
19
99
224969
99
102531
22227
180463
99
99
99
59879
47609
99
99
99
3590
99
232589
99
99
99
7093
99
77439
99
99
99
95677
224149
99
3842
99
319393
99
6485
477069
99
39759
99
98
38075
48073
99
99
205894
467507
136955
5175
190485
99
94143
7611
288098
99
99
78402
58464
98
376027
99
99
99
99
65982
99
851
99
331342
345008
99
99
296573
656
258607
291777
99
200947
99
18792
333309
99
173990
28397
99
95688
43237
177945
99
10592
179732
124446
360162
68079
99
99
69828
99
99
23703
99
72244
99
99
225610
428895
99
99
99
124943
146397
44191
99
99
99
246922
173286
67653
433895
17740
530544
381298
99
17985
99
41443
153824
99
31013
99
81234
99
366379
47971
529117
99
99
99
99
276533
99
99
99
16149
99
469623
99
99
99
161447
97
99
190443
99
99
102254
109570
302788
166203
99
99
190513
155645
184899
99
99
99
99
91
6237
99
99
331379
38963
43357
99
99
99
99
99
32026
189754
99
99
496903
85334
99
163069
99
300159
99
453942
64271
37380
364664
99
99
70653
121164
99
32188
99
73714
99
99
99
7683
34844
76951
99
61812
7347
148854
99
202299
99
99
99
8126
98266
99
70580
99
445011
99
99
99
36145
2060
4324
99
99
99
99
98
370259
99
75778
99
99
553734
428907
99
58967
16537
172153
293810
99
525536
99
99
99
99
30304
21763
53615
99
99
349933
99
38114
8680
99
99
127264
13802
99
3107
64377
99
382311
99
79132
274648
99
263064
99
154858
559616
19196
129438
20526
454111
19253
99
47621
18777
101549
8539
85516
6668
99
2236
116959
295708
99
99
27915
192934
99
99
99
72490
99
99
108365
24518
284575
99
99
99
99
99
99
99
138526
7512
213660
99
5807
99
105859
331384
125074
245808
99
40605
147771
99
220710
99
354565
99
137302
21569
99
382917
99
99
99
99
2657
17944
121559
192685
99
99
99
99
161927
129518
213953
99
23243
28695
195910
99
134945
98
99
99
99
99
99
99
99
738
99
17889
99
99
99
99
179124
99
23077
78336
99
99
463389
99
78033
249601
98
64266
40462
99
548780
21870
392532
91876
116968
106179
99
126893
99
232315
80909
99
2943
1546
99
99
99
99
99
14750
99
99
99
99
23221
99
404623
99
128734
133823
99
42477
18912
99
99
99
134285
173325
99
99
99
13105
9329
99
386869
484157
99
99
99
99
99
99
6432
99
5620
99
99
99
99
99
99
193666
28384
64902
90167
610
21507
99
1924
99
99
120097
97334
99
99
99
33451
279297
99
99
99
99
99
93252
99
99
5614
99
189123
124227
364080
99
116447
99
99
214351
99
23120
113564
99
333645
72978
99
6946
99
99
99
219591
338172
18205
99
605138
5406
324471
99
357903
353441
99
53393
99
20290
333833
99
99
99
89366
99
81501
99
98
14464
99
55377
99
46550
402801
99
794
262251
132107
99
99
303522
215015
160319
99
79909
424015
63325
99
96868
219468
27522
99190
99
98
99
99
99
386707
243738
210265
6231
291155
99
99
99
99
47053
99
116942
99
60578
99
128534
105092
99
99
99
89854
99
2314
95
115776
545110
108562
98
72856
181154
99
55557
99
1499
99
98
99
99
99
99
99
251096
97996
99
99
99
99
99
19354
99
141670
37303
99
99
18236
253146
217393
99
116034
99
99
3893
99
99
455464
99
26089
99
99
99
99
99
99
99
94
233028
240364
38890
99
99
99
150041
213429
27837
99
99
99
93568
99
175860
99
99
111070
183433
99
99
188125
99
99
45145
59798
99
117974
99
143375
99
488332
99
286791
99
222782
81349
253399
93118
99
263588
105449
99
226409
99
170603
99
230137
99
30857
76271
99
99
145670
99
39453
120813
99
99
99
99
361559
99
120989
211372
99
44995
99
99
283835
99
99
141655
152461
99
99
56952
19451
99
99
119262
139318
99
99
99
99
75843
140326
298609
63447
261791
85956
461607
181664
296591
99
10797
99
99
9005
165134
143146
99
26792
99
99
99
52610
98
99
99
99
40199
437831
99
99
159246
268574
99
99
296736
99
99
80401
99
99
99
63629
400439
180378
476680
117525
9847
69420
99
99
523162
44796
99
99
189820
99
468764
99
144937
99
99
45297
99
2227
99
269859
99
99
99
269966
10363
296657
99
294279
55007
212197
99
218526
99
99
99
99
99
99
82254
99
18558
99
99
99
36050
20138
64782
98
99
99
99
253285
99
99
98
46549
113676
153669
99
99
99
99
99
247906
99
35529
7117
99
166007
261280
128783
99
99
61750
99
525620
94630
99
290315
14451
99
99
258697
99
456774
99
99
99
99
99
86383
99
99
59176
278763
99
251436
311519
6140
99
100076
184983
329744
272258
19187
99
99
17915
60964
193417
198761
46561
146088
26179
99
380503
99
11345
99
54252
51572
141822
99
457110
4906
99
99
270710
41522
28378
99
219231
169309
99
223048
99
4477
99
72306
95
81312
70730
99
134053
173511
99
99
99
23051
135019
99
320700
99
60458
26448
99
99
99
39010
3136
99
99
175094
99
99
99
333462
99
99
60700
148384
115935
28861
206833
462924
5451
260599
99
86384
99
99
26573
99
9293
99
99
315761
94610
160148
34039
9994
99
99
99
99
317401
31658
99
336595
11213
325679
99
46317
255620
163389
99
99
99
99
99
217440
3082
99
99
99
114574
99
99
99
99
99
99
166496
99
52327
99
99
98
99
319953
87637
46571
1706
137608
99
99
407216
99
30960
104768
95959
99
99
99
173191
99
512951
99
219706
99
99
99
280261
99
99
47992
99
99
99
17228
8370
99
99
99
99
2765
99
105170
99
99
18070
99
211658
99
174383
99
99
99
99
195393
99
99
99
1110
216930
506881
99
96404
347806
54198
18712
102270
259685
396924
7825
490913
99
107399
99
99
99
99
99
207963
472963
324460
105853
99
99
48119
268036
99
99
69280
229623
99
159112
27019
99
126610
99
99
99
227771
11875
215775
99
224489
588
55456
99
99
11069
198275
99
57659
99
82298
99
37490
320047
21165
146935
99
99
61371
99
99
99
99
252883
118614
99
130999
279606
77992
99
65876
16322
9604
99
99
181080
30609
86135
420453
99
40403
53268
253063
111346
99
31687
99
99
299396
5163
99
47587
32991
99
59473
99
5377
99
99
79778
33218
251829
97470
99
99
25170
207982
99
99
67167
262300
287106
99
228597
382048
191064
457503
99
205341
99
99
99
50043
1491
99
99
175439
99
265958
286448
99
429673
438635
99
99
99
372181
1208
491830
99
99
99
99
97267
99
216358
71266
99
4545
99
136623
233356
99
99
129661
99
99
15838
99
99
411483
99
99
99
15950
277080
317990
99
168234
73197
156017
98
99
99
99
99
99
99
187112
40995
143162
5021
353187
99
99
1071
99
99
100644
99
205717
212648
286523
99
99
99
94688
88773
95
38488
48387
102455
259230
358158
99
99
99
86919
104207
42065
423258
99
99
99
54068
99
99
99
99
99
99
99
99
6055
116091
61713
99
356326
103355
99
138990
89
3165
74754
83619
99
99
26795
17948
268907
355017
99
29604
345702
487060
99
61359
99
381717
99
590936
99
188684
136142
124982
