268758
99
14794
99
195434
65459
56982
99
182608
171336
173186
99
234342
99
22444
153872
3111
99
101456
99
94
99
99
99
51023
169342
88716
54370
50749
99
83597
139660
4822
19735
309202
99
99
492023
99
209215
108187
331709
140933
245710
99
99
99
130077
99
99
99
99
17580
62002
99
246382
99
99
160008
1759
81
72123
1762
99
99
341629
352915
99
99
374735
99
99
203985
99
82391
71108
99
563805
99
112601
353795
99
99
99
99
390607
99
65550
99
12935
146973
99
99
35527
13074
99
99
50318
99
99
232412
504942
99
306606
73044
99
97379
2771
99
222269
480564
294726
309640
79538
99
99
211955
126408
207695
99
312990
100206
99
307424
99
99
134049
99
99
41925
398361
255897
99
99
99
222119
335929
333459
99
419847
99
66888
99
437488
99
372100
149436
99
99
54356
99
173571
23364
130643
99
99
99
132747
99
99
99
99
99
99
331142
50028
99
99
119403
91
99
99
15772
99
30458
2948
99
208531
99
99
99
99
126630
99
99
99
99
99
99
99
99
99
99
12842
417109
9115
196607
99
99
99
567161
14430
305845
99
1344
99
99
993
99
99
99
195760
81081
144518
99
99
120882
391267
99
99
8817
99
99
508189
342120
142037
99
99
99
99
99
99
99
99
99
99
99
244790
99
66860
99
99
99
170446
9356
99
99
99
32948
99
199252
99
132717
99
99
81755
78029
99
39325
8502
212546
46452
99
99
99
99
213237
30759
99
131396
99
99
99
2146
99
99
99
336472
147929
59112
99
253250
99
64611
6074
99
99
98
11368
99
47735
218485
308875
226876
56998
179884
27782
99
75547
99
19922
99
99
99
76456
99
99
69847
99
99
47214
93
59493
99
99
467866
99
99
99
99
99
149
135039
7761
99
100664
47293
71710
258924
34078
99
464855
99
99
99
168703
72109
146535
85416
507742
99
78069
179325
99
29376
99
99
947
7125
72546
99
99
111326
98
319038
99
83916
1874
153759
99
23892
99
300870
31307
99
99
99
263993
99
99
99
157770
99
99
99
99
99
99
27547
99
99
99
99
99
99
371877
99
99
361791
80355
99
99
197944
460171
44712
325833
99
38399
94325
38293
146706
99
98
323417
99
99
209478
123417
610637
116572
99
153477
99
99
14727
99
203776
99
34217
15689
99
99
99
151144
109739
284662
99
99
38294
99
345027
99
99
2325
99
99
14418
99
99
99601
99
99
99
99
119235
305996
174412
525521
99
114319
99
215849
99
99
99
449477
15996
1585
376542
99
96
108737
111424
99
252523
74729
99
138693
270409
338861
99
99
99
68113
23404
104635
21525
99
99
21015
52037
99
433933
99
99
99
99
533499
81465
99
99
99
377594
45696
4349
99
94602
99
125607
410622
99
16028
320015
208812
5747
99
99
99
73962
99
47351
95
99
99
605606
228089
166786
99
49444
21677
99
99
99
99
99
20531
99
99
287843
142850
98
68469
99
82
99
99
24088
6795
99
31926
238799
47142
365588
13129
99
371318
119379
99
66149
22416
99
258526
134361
56795
99
48209
112483
46553
299381
94504
99
99
376290
590402
99
99
140907
240885
99
99
99
99
317532
99
97
85251
99
99
99
70403
187876
5912
298963
99
189551
565537
39517
88925
256739
99
236363
99
14658
99
158708
31283
152576
42351
469663
99
32014
99
204035
109284
304638
99
99
139592
101450
101786
139824
122861
99
99
99
490760
99
332019
121787
345172
338726
139894
380749
99
240217
44028
99
99
415027
99
99
23633
99
305197
49661
99
110130
29955
3765
53142
99
274614
128757
259051
99
99
593151
99
314066
99
99
99
72541
99
110107
99
99
5217
99
72801
262499
198574
96
408317
81319
99
43498
99
44501
69193
354201
99
205333
99
99
99
245097
78045
99
99
99
99
99
248843
99
99
55144
143874
99
99
99
99
73623
99
99
77647
79
97088
99
99
282037
99
96950
44517
16214
99
99
99
99
254668
99
76119
247483
340266
14877
99
99
37725
417376
41247
99
32766
99
232282
89707
99
99
99
99
99
99
99
178738
99
99
265517
99
87070
59412
118443
99
86218
172736
99
107584
99423
320235
177728
84895
99
21513
48535
99237
95275
500351
99
207657
833
99
99
272703
211716
99
323337
99
99
99
99
99
99
340159
238126
451238
13817
99
99
363902
224882
99
54778
62852
99
99
99
29318
259959
81292
99
99
49118
99
99
54152
99
99
41511
377095
6973
103112
99
99
99
82151
259553
68872
55520
88868
35601
57138
152609
315645
99
308144
99
37633
99
572141
117901
99
79023
99
155631
31053
99
161605
99
348141
99
6072
99
99
99
99
262524
43400
99
99
168397
2147
99
26730
282803
99
599585
99
99
253858
45283
417074
99
99
129049
401240
99
68043
46128
99
98
99
6433
334976
99
99
344693
33204
99
99
99
227293
218722
3572
99
99
99
99
99
99
99
211933
99
99
99
99
131228
34919
99
300969
321883
7617
324386
158613
99
99
99
99
32037
380160
99
99
99
99
21217
99
323545
39772
253546
99
86863
481911
56690
99
198799
1972
168523
132
45898
99
35363
257488
208870
99
99
10154
99
99
149873
99
99
99
225947
4362
99
115498
99
66948
110575
99
99
185291
15946
134495
99
295869
99
99
198537
99
99
163534
99
31022
99
99
99
99
19761
4725
99
218617
8756
99
124049
364736
281462
99
18970
127524
6927
186543
99
490518
99
99
99
129621
99
32910
77738
99
16136
225391
99
146593
91219
142695
99
99
244427
108378
99
99
11483
87
183542
483207
200394
131889
205571
99
99
550866
99
99
147267
146115
99
99
243635
99
99
99
99
99
6461
207316
99
99
97
99
99
192124
99
99
99
99
99
99
99
99
31016
99
99
258829
40381
99
99
179982
246766
136661
33897
464821
109453
127270
99
99
99
384945
99
99
99
65693
9373
99
99
99
140229
99
224557
98
99
99
99
99
99
409479
533697
44766
311931
176175
99
36505
73431
89973
99
99
99
554
218173
378289
105375
99
176986
586187
54730
99
478881
99
99
435961
99
339291
21072
99
99
98
148624
269975
371201
183505
99
99
99
185680
268361
39956
272903
611998
135728
342540
29438
99
99
99
243046
99
99
99
99
99
99
96
99
142937
99
17477
406551
99
96034
212173
189951
99
152733
99
375461
67338
99
99
99
243688
37281
99
99
32037
194065
99
99
99
81898
99
250507
99
371307
112201
126940
99
99
225580
99
26451
145182
121453
163432
10114
99
240396
112327
99
89103
99
99
45048
99
116948
99
99
185645
97
99
99
99
99
99
99
99
99
99
51604
99
99
112
99
38632
99
99
302502
99
14840
51980
29087
56782
11644
215999
99
11075
99
53275
162996
99
284242
99
99
99
99
119708
216330
99
490265
99
99
160598
73896
138970
86875
99
99
140604
99
99
502952
99
138662
90280
99
48649
29637
356644
99
187108
467030
57352
312289
99
99
99
23621
177460
26546
99
99
13084
347140
180288
422012
99
154582
204127
512106
99
312957
110646
15473
99
99
99
25145
99
99
99
99
2195
99
99
128677
123696
99
99
99
99
144389
382816
41294
74516
283649
97
75481
99
220489
99
99
108757
16117
99
164612
71470
99
200452
14629
282189
45851
99
16553
258987
97
18865
99
138027
102134
99
99
55088
551183
234408
99
408366
219874
99
99
99
311470
243858
99
99
99
99
177928
69008
99
326839
83715
147519
99
99
60902
99
358629
150852
99
17974
99
99
99
96354
99
99
322827
87
113762
81953
16217
99
124841
354755
99
99
65324
99
18333
99
99
282401
106807
252106
99
56578
184194
1368
99
235379
99
132068
86
102138
118181
39371
99
99
99
240811
167155
1034
99
99
58198
98
99
244765
99
99
99
99
502310
71793
99
46251
99
230462
329729
99
99
99
126043
99
99
99
78447
348172
205427
8930
285450
230536
99
99
119422
99
99
99
58422
430366
5064
507311
99
99
99
99
94976
126376
99
7424
1338
99
27563
99
81896
45123
99
12104
121801
99
609686
99
99
99
99
99
198758
99
99
99
99
98
206816
74660
99
471665
2294
99
62492
99
59046
279265
99
99
99
26810
99
99
107330
99
99
99
63996
99
241623
307276
99
99
99
65092
99
384596
99
99
123282
99
99
214905
24051
99
129870
99
99
99
99
99
120755
222213
99
86942
99
1077
149929
20269
99
99
99
428605
319699
99
16415
218764
99
98
99
26135
95988
280838
88046
99
99
29130
126107
99
99
333390
61221
99
25733
99
99
72970
99
99
51813
13225
99
14389
2991
99
99
99
99
29887
152090
61356
99
99
305291
99
32609
575073
96
120768
99
99
139268
211647
99
373208
99
99
103528
99
44110
521394
266827
43833
99
99
99
40035
99
99
99
99
3196
455945
99
65384
99
99
99
570523
228906
99
99
77887
99
99
99
50336
98
213589
99
485658
99
220158
99
99
99
99
99
99
99
595540
99
5645
287530
99
99
173676
99
2844
99
99
99
253110
241549
42510
99
98
271277
99
245578
99
99
179442
99
298822
1052
394810
99
38935
8025
99
17843
28336
86018
161867
263080
269646
144551
34303
220267
96386
327384
99
199001
99
74439
99
99
120509
171618
2111
611024
99
99
99
245226
2172
163219
3319
263215
99
18147
99
99
502817
99
496189
99
323
99
99
471819
99
99
99
99
99
10178
99
359931
81741
422329
99
78056
72135
99
65456
99
45125
99
138020
99
37967
99
99
46699
127348
99
97
332208
99
69462
159096
99
99
99
99
99
99
111159
99
197346
99
99
112478
58708
99
99
99
99
99
99
97
41977
424619
29047
143771
99
99
99
99
64489
152133
99
72623
99
99
99
99
99
99
99
42734
99
99
7429
60995
177996
38088
68660
99
99
99
99
62553
46584
79286
99
91
99
99
33858
282148
410911
99
99
99
99
99
118272
99
18800
111157
97
99
356437
157296
99
159924
99
354267
99
99
22531
416690
433930
25523
326542
99
99
150631
99
99
99
99
99
99
72709
99
99
77077
336008
116781
5567
94615
65649
99
76532
167923
99
9197
99
29914
78102
63340
551929
99
102121
36312
31640
99
543956
36320
308942
68976
99
99
57298
278033
99
43432
116699
99
99
17168
99
99
97
86709
25782
99
99
99
198690
17188
99
99
99
99991
99
28270
99
259952
304443
51151
26757
99
115276
99
99
325527
99
99
251866
99
154718
99
181227
99
460869
21326
98
6682
179475
286133
99
99
437429
244308
410464
71582
14361
99
103530
121318
201652
99
70238
99
434618
17801
99
267855
247677
99
191997
128888
99
99
99
99
3050
194546
24492
211178
95300
99
213219
457479
516527
188894
99
99
445884
49530
151250
99
99
10219
14950
99
10061
34684
99
99
99
32260
36583
5883
32504
99
99
99
379920
373246
99
260211
32447
99
119368
445059
99
99
25197
345340
332367
192762
202343
39215
380919
193045
99
99
99
99
38909
99
12501
201040
185617
11761
70651
102072
264058
309180
99
99
99
55940
99
32204
19582
36664
99
99
499203
139679
99
99
145739
99
99
99
276127
99
99
99
99
338958
99
26349
99
1427
86399
58447
99
202326
99
99
99
99
98
176953
99
96377
226820
99
329311
828
99
444628
292803
99
99
99
1085
265589
99
841
99
99
154137
168920
473929
68591
11731
99
18546
99
87155
69737
60656
89256
98
3628
286234
99
99
226542
9757
121203
99
99
358943
99
99
29860
330729
99
305199
132672
536466
208714
172163
99
99
177403
99
219976
99
211290
99
99
99
99
108623
98
93
56104
222
99
99
99
99
224984
352170
99
99
147451
99
21902
308957
176123
99
99
110127
157200
112758
318424
99
124313
7856
467620
228947
98
99
99
25346
99
99
99
99
261558
99
99
99
99
99
99
283082
311210
99
183517
99
99
449
425416
9301
99
361964
99
99
99
99
99
99
99
37080
5872
224283
99
51981
99
99
99
26562
99
99
99
99
99
99
63084
99
99
2552
99
99
99
99
207797
18491
161897
123037
11539
99
99
21874
191345
24517
99
477815
14839
99
99
3932
99
94156
99
51165
99
10903
99
99
99
99
99
99
99
99
99
178965
7289
402373
99
43186
99
95818
99
99
99
99
4146
99
99
301773
99
10681
106121
99
99
99
99
3279
89674
99
98
79174
260498
53986
99
25290
219531
99
17504
275894
430369
313813
99
99
99
166923
84945
179232
271327
1094
21967
181030
21213
519859
157206
99
206872
33387
145319
18699
81857
145487
99
377419
311922
19013
41798
2
157883
206382
81075
99
99
99
99
99
99
99
97
99
102996
99
284020
95140
62625
99
99
53023
21897
99
37393
39516
99
99
52085
453936
462040
99
173297
32306
157767
3614
138350
99
99
162259
123213
99
99
70975
10348
99
371629
191381
344559
3394
180999
99
99
99
276170
233470
99
117453
274773
198515
99
417346
99
99
152530
65634
99
15450
221535
46400
177709
99
99
9424
99
99
2844
99
99
454999
301788
99
99
129032
99
79861
96
293341
63488
99
67559
99
98
99
99
14532
200039
99
232123
220962
99
99
252116
99
101585
99
260116
50872
215751
99
360454
84
19003
99
99
2900
329261
93
57919
20189
98
99
98
136396
99
99
7429
153950
3596
305400
99
450489
106928
10079
99
36993
212591
99
102032
282258
57791
176561
99
106753
99
438895
99
99
99
23065
387496
99
67891
99
25937
99
99
99
99
99
40219
99
192385
13945
99
99
403890
128796
99
152469
306697
7857
99
324898
157384
92131
99
99
145989
107432
203889
22204
99
16452
379154
262633
99
99
188064
217235
96
18161
99
99
57172
99
406605
28125
99
99
99
69039
314015
99
240520
241129
99
55546
99
85928
99
99
99
99
437368
193985
383530
99
264146
99
203296
99
99
99
188593
277434
99
156105
99
99
99
99
99
107417
99
245345
98
48919
99
99
10578
111927
53414
23679
44101
233644
99
48794
114652
442229
128636
268405
51045
97197
20544
60460
99
364998
99
130422
99
146260
99
6356
99
99
99
99
99
99
205907
99
109262
99
51726
99
99
99
33167
237336
9599
99
99
92297
110227
99
376463
99
99
99
4691
25864
306986
99
99
27519
80141
99
99
99
32428
99
119860
28732
138854
99
154291
29579
64142
99
425361
99
99
240885
99
99
99
99
99
99
99
99
428474
8094
99
219064
77876
99
99
80043
147079
99
99
355458
99
99
16538
278556
99
353980
87343
99
99
185912
61880
135236
99
99
35875
99
38841
191350
99
99
86231
57133
113211
501520
126211
134560
99
99
99
75934
136833
159375
66196
158396
111873
213100
527345
170232
530620
73
99
420865
87607
87749
58133
99
80457
99
99
99
99
21772
355221
99
99
385141
139299
99
99
99
11715
4249
300179
96
99
164345
148570
378
79139
49540
99
99
99
99
99
46189
99
99
99
99
487208
24275
194104
99
99
99
286128
73729
4524
99
99
44417
255743
99
111501
36868
99
99
54540
520287
99
41534
66029
99
19714
151633
99
125775
99
501422
99
99
99
87
1708
99
93
210227
99
54442
87974
105909
243238
99
99
99
35672
72896
244191
99
52179
20116
99
99
99
99
260287
39124
34306
96960
78198
99
527061
99
99
222336
99
52
99
99
99
183679
98
99
99
99
99
99
99
99
160352
16414
99
99
99
99
99
155659
50152
99
137143
99
99
255708
258018
30691
242588
259376
421704
344447
32091
191333
34398
135576
99
110280
21479
212047
99
47597
99
99
99
154042
57575
223117
99
310288
99
99
99
99
99
44283
99
245270
81739
215081
69162
171760
26119
99
408489
30661
86778
528414
141822
99
361630
9343
285596
99
99
9395
99
99
99
340835
67754
36325
99
368186
99
99
13827
99
99
99
98
99
99
134345
143772
50030
99
268879
99
99
168463
229040
99
576518
326282
99
99
179458
302982
182710
99
99
318117
99
99
99
160429
99
428087
99
99
505392
318623
158818
99
99
195327
180761
99
99
99
99
99
99
94108
99
99
99
26697
99
99
153002
99
505405
99
99
45371
31679
527376
99
99
99
203787
99
99
43229
99
121531
400332
99
99
99
163722
243540
99
190574
42918
99
411971
45019
99
442026
99
323121
66312
2442
99
99
428218
47749
97
142448
98
99
99
99
210289
20720
378133
363757
99
186034
30405
99
99
10610
99
99
99
119966
99
45249
118335
469348
24233
99
90463
99
205954
99
412715
192114
14351
99
99
565816
99
48822
519710
140242
99
99
99
99
99
99
99
329635
99
99
181612
360423
99
33838
99
99
347168
99
302403
99
171233
99
281918
99
250526
99
19202
261403
66
358437
99
98
99
232
99
183775
99
99
99
99
99
130697
216772
99
228832
122227
19561
99
110768
578254
99
99
99
370177
99
99
99
162239
150163
29489
2223
149543
108316
84609
84
99
99
97
243462
99
99
99
399356
258326
65992
99
46703
96
99
99
101393
43962
99
76987
99
99
115128
199367
42123
99
99
99
99
99
260527
99
99
64965
99
99
72874
2805
99
371515
99
99
99
99
346006
99
99
57619
198161
99
99
303019
99
99
64749
232244
1126
99
5986
189606
96
99
99
420724
204607
210572
99
99
60297
98
4260
164618
99
99
3747
99
50498
362332
99
453469
272787
112568
99
99
97
180366
99
116856
145830
111646
97
358194
357842
111235
99
99
129451
99
364829
241884
15341
99
288272
129918
99
103619
136748
370356
1714
221044
99
99
99
78825
374297
13683
455674
99
319933
100561
99
99
100169
637
9265
99
304777
13263
99
154503
238384
99
151306
99
99
99
244512
99
108016
342794
3624
99
566864
116702
99
99
99
69220
40892
18404
99
196592
159904
401873
99
99
99
99
176741
260804
115006
99
99
99
35062
99
99
162894
4680
99
99
212010
99
278123
62265
1592
99
99
99
38077
41290
99
241067
290603
191036
99
2775
158354
99
99
26161
99
153385
99
49512
99
99
99
99
99
99
17458
99
99
99
99
99
41452
99
3
99
468573
267672
423178
99
7016
99
99
99
99
114034
563664
204655
76858
8561
7318
29240
187747
99
137223
97
99
447998
3378
99
124755
499101
99
99
143953
99236
99
99
99
277017
99
25815
289315
99
99
99
99
16391
48230
99
59003
99
99
99
99
99
99
113675
99
429529
58951
383896
99
99644
168889
99
97
258693
67214
219276
207310
99
28475
99
30952
144328
205852
99
331517
99
99
99
190154
99
45260
247451
99
99
99
70731
248943
99
22485
365405
354750
332489
99
99
5909
99
99
99
172478
21275
91236
17421
99
99
587190
582092
99
99
137587
211679
99
27259
250141
99
99
99
99
99
96
227061
122415
2274
99
99
99
7983
35682
99
99
99
418049
99
244520
99
99
70459
10434
36913
99
99
218878
99
99
99
99
421701
84833
99
123157
82702
98
21954
264651
99
99
42483
211781
51438
2797
532026
16788
99
99
257478
99
98
99
99
377502
99
99
129617
99
99
388443
15275
99
182315
99
11411
192653
551374
72106
33667
119784
55367
5252
65701
99
173222
4234
99
99
99
99
2704
14204
61238
99
29732
99
99
99
99
88684
36818
99
99
33066
168735
99
130931
173458
99
99
99
99
7077
99
585580
98
149906
99
109706
285
41086
99
99
298902
102317
99
19766
356896
87
99
100372
346720
323689
99
14985
345589
99
99
99
99
99
99
99
134306
99
325411
99
99
302337
99
99
38460
99
86401
99
69873
22290
29270
99
99
99
10020
192212
46900
259491
9245
21308
99
178496
93794
99
331061
99
230394
182020
12050
407865
33127
99
89
247519
262214
99
241680
23657
267
99
313603
257571
99
99
88751
2921
99
99
42375
99
467535
5429
509534
204401
119008
514630
99
104091
99
99
338327
99
72578
26817
262971
99
99
99
44118
99
99
99
485312
99
99
26612
99
99
155753
244351
29744
99
98
99
97583
133233
99
99
99
99
99
93
58559
160001
548302
99
10061
99
97547
99
113721
99
99
92490
99
99
312557
99
240132
355051
99
99
212497
99
184683
99
521981
99
149042
462875
4821
103342
47873
99
80693
91091
95498
99
227606
99
168464
28987
99
99
124355
261001
99
12149
99
99
305067
99
99
263938
99
99
333095
130522
99
183304
99
97
99
27309
99
27939
286934
99
99
160578
261961
99
25724
92393
99
99
99
71377
15046
99
99
99
219542
99
325633
176125
99
99
208997
530
99
95922
99
83153
6706
65896
99
67877
99
151961
99
125702
103344
99
96
71201
99
263686
99
106765
50875
99
99
161592
99
452777
99
99
208427
180658
149184
72242
99
7008
230550
90512
61670
99
99
147438
74648
50379
207106
99
99
99
60802
99
99
99
99
287857
99
99
117731
258864
99
99
135403
99
73927
99
12349
374877
99
386152
21193
99
99
99
118716
99
99
99
99
3256
72657
99
89717
99
99
547320
30230
99
12867
96162
99
22853
99
99
99
4631
11199
94200
605
99
99
69527
99
97890
99
99
99318
99
48533
54500
17657
99
245779
99
99
99
22942
198169
135157
46143
76922
99
99
99
99
99
99
13725
99
17519
99
103309
99
99
99
96
99
99
311093
228074
3964
99
23296
99
99
178246
47885
59560
339223
190753
99
99
99
99
15035
70741
99
341546
99
558235
157312
99
99
99
99
99
99
80595
99
99
99
99
99
99
21390
99
96672
99
99
99
99
66431
19852
99
266997
241058
65986
99
225461
36203
223025
99
99
84260
99
99
25894
305355
99
87286
99
99
99
30059
99
99
99
157662
80
99
99
99
99
99
99
99
199
99
3073
21652
99
53961
99
99
99
8212
3414
211268
99
99
75375
99
99
269708
99
18191
402133
42305
99
99
276192
99
466390
1282
99
66104
199898
281124
10108
99
9556
80351
99
99
99
91814
388388
15573
99
93165
99
216486
117520
99
99
52199
96685
156638
99
99
336240
347765
99
258824
81516
99
99
99
410041
97819
99
175818
120690
99
270279
99
93
99
69442
99
99
88937
99
38511
450073
86553
99
286310
99
99
99
9755
99
99
210934
35144
66742
412573
11247
97
101728
99
5885
12600
35565
99
217082
160056
99
99
99
99
129918
99
99
189843
99
142325
99
36998
120538
1163
99
114259
99
99
99
22001
89596
92285
53279
83866
99
316766
187951
99
99
305546
173791
337016
99
99
99
99
134615
32848
99
99
180704
85233
101720
99
212456
99
99
99
40317
99
99
103256
99
13678
99
99
121398
99
99
416293
99
99
273394
99
2540
140831
99
99
120814
99
97
99
184943
106700
397225
194747
99
11862
99
130619
87615
99
99
99
42456
99
99
10061
59049
99
46316
99
99
400152
99
181854
67648
497594
99
99
31212
99
374236
173365
89557
99
99
471234
57950
495192
99
155749
99
121176
99
99
99
421038
623805
102184
99
99
139945
99
99
162869
99
99
99
99
99
99
29254
201108
118147
4588
99
172711
67676
99
99
10636
261042
387420
339700
99
79
5581
99
99
99
99
99
573657
99
99
99
99
20695
30626
89404
83181
16462
361733
60
99
99
222653
99
99
362958
2560
1299
99
109826
53698
109089
237371
356822
99
44728
99
43560
99
99
99
99
99
99
261299
50278
99
202040
99
108785
9161
5032
409514
248009
96
508486
86
196785
99
99
398379
99
194910
98
99
99
99
49142
99
99
99
98
99
275576
99
101618
99
240568
99
99
99
99
275857
99
99
99
58
99
74629
99
99
99
99
99
99
99
96927
99
99
99
99
20239
99
99
99
99
351035
404261
122
34395
99
187864
99
289865
171956
99
316613
116595
234291
99
75917
99
2526
99
99
99
99
105939
99
16700
565
99
99
41440
267889
99
125167
99
99
98
105652
99
46049
99
1487
356434
288064
391248
99
99
98
462275
69501
45032
14821
99
40513
103854
315274
99
366598
99
99
99
2145
99
41167
17161
99
99
99
99
19903
534838
419812
517539
207143
99
99
99
99
16770
76223
99
99
99
223477
99
140450
93644
75771
205868
99
183436
27457
99
35810
178351
99
73012
99
65091
92769
84275
121342
99
99
99
6652
99
292315
86952
99
214821
39528
444295
99
47222
340690
99
98
14325
99
9363
130268
99
99
99
99
71508
99
99
13552
99
422979
99
99
99
99
346169
99
99
11485
17195
140111
99
10179
99
151090
99
30502
99
86707
291769
3556
99
75865
190724
44145
489327
99
99
99
99
99
99
99
381704
377008
67142
316354
99
414120
99
120989
99
310936
99
99
499352
97
234697
99
328007
99
92726
253528
193104
99
99
16341
454447
111065
99
99
127437
78010
99
224267
99
133741
299487
45011
373435
145206
97158
584901
11746
99
345399
99
22902
201637
99
99
6333
257255
208302
27071
173763
99
320346
49373
14752
199034
187774
343072
207513
17999
99
270245
288502
243929
99
118380
5985
99
98
18383
99
25455
99
99
99
99
99
14861
99
99
405193
99
15355
99
99
14593
96
202928
99
99
110348
3771
99
98
325088
99
150323
99
83941
8656
99
205680
85295
162029
121980
99
54740
386284
58942
99
313470
99
99
42369
99
99
13737
490321
99
61039
565088
99
108817
182589
99
99
162873
235291
99
118434
30272
99
99
99
99
194362
99
42694
99
99
99
265170
99
99
99
231363
99
266257
96
173876
99
50718
99
478997
117394
183268
500255
161
96594
4744
99
99
99
66079
140797
99
37308
210384
99
92959
99
100463
233788
99
99
65796
99
3626
93860
99
99
504977
99
99
369791
68350
99
99
240631
99
99
11813
125336
99
258959
126753
99
99
229457
99
99
47970
99
99
99
39443
99
99
29079
99
99
99
43374
98
99
99
99
99
72573
99
194509
99
99
99
99
99
185341
99
122801
197724
23463
201417
99
99
99
281539
15518
52184
10621
99
353335
326909
99
150174
99
48280
165520
296622
193478
99
99
290319
99
97
21986
164881
230512
82246
99
53924
99
99
55792
94858
93
93504
99
99
99
99
11111
99
99
4644
266098
98
24266
99
99
99
36247
95
99
99
11281
99
99
59334
99
244472
99
76928
194798
99
99
99
99
254763
208537
99
112706
54082
86063
150358
99
468963
382414
99
136035
133864
99
99
196977
99
99
99
85868
99
24356
179560
263330
99
133697
64739
99
292545
18785
99
65743
99
38450
99
176037
389834
99
99
99
99
149369
99
388959
16812
82595
99
99
135128
99
99
99
8629
99
43286
99
98643
150686
99
99
99
35887
98324
430837
164602
99
99
99
12085
99
99
99
99
99
99
99
99
36200
99
76435
12240
81513
99
91
99
3346
130538
234045
16919
99
99
99
440778
15020
153777
99
99
331059
99
183873
32722
99
99
99
409836
99293
77890
99
99
142293
345901
99
103143
99
99
17375
99
88812
99
99
99
220870
67653
24594
89820
99
40977
52422
99
99
175296
162630
99
342677
68816
97
389707
309555
99
82361
97508
68093
35928
99
378297
99
99
14934
332002
18528
99
99
99
77731
202130
99
99
172254
10385
99
99
99
99
97333
324387
99
99
99
99
34430
99
170254
41115
99
479966
445914
99
37748
4588
99
99
99
99
99
139179
98694
469798
10689
99
19662
12551
8249
393738
100040
6741
99
99
14861
98
504572
17120
20934
7829
9921
99
42789
17661
91731
99
312271
99
99
8511
106043
75
99
362097
99
70615
99
61972
526111
99
99
99
99
139836
99
99
167520
99
99
44379
99
359670
99
99
32056
99
99
88586
99
116830
99
265860
99
99
99
99
99
190168
99
99
313176
99
392850
98
4642
99
99
99474
99
99
171703
330854
138817
99
99
294614
106485
99
99
32298
107191
162669
99
239661
99
99
99
99
99
99
95935
99
99
359954
99
406650
99
164166
108386
81601
99
193567
99
65148
99
99
99
116703
330553
128270
99
476001
55366
99
99
98
231604
99
99
490146
99
99
99
99
171881
44211
99
99
99
99
37496
99
99
9116
99
525653
99
57527
6129
57090
429357
99
99
99
99
40941
99
24177
99
239748
49028
99
93
497572
99
99
99
63313
72806
99
99
99
99
32345
99
99
103297
216248
530273
227291
89827
99
99
99
99
99
266852
40713
56505
49863
85132
99
99
50125
125283
352182
303497
95
99
348666
35733
99
237783
99
38820
110522
99
99
89685
99
143022
99
99
87785
300043
506397
99
99
99
98841
131252
99
99
99
99
99
293952
470744
99
99
99
460
331402
71655
168529
183281
81175
862
99
99
23089
99
64587
99
98
58399
99
99
99
99
99
34004
9007
109368
220777
37535
89438
99
41875
100
99
99
86147
217372
99
99
99
99
62923
43176
99
7562
99
499284
92923
99
99
276459
99
87972
99
100522
15203
28059
99
99
99
99
99
33681
99
99
99
99
130804
255973
89398
99
29014
99
288
53561
99
8532
98
246282
99
99
99
99
99
99
99
99
99
196263
99
4271
174075
416041
99
99
388282
99
99
99
99
161988
359539
476589
258178
107743
116266
99
99
99
155251
33976
99
99
99
99
308722
104097
550175
99
99
129917
99
159133
99
99
236424
2763
395192
99
99
35570
161185
42873
99
99
99
318570
58639
188076
99
99
356429
99
99
99
154255
308272
99
99
4156
99
99
99
328515
99
99
152728
99
99
337125
32274
99
165694
114949
99
13430
59236
99
99
99
351717
99
99
99
99
195418
99
73
121602
99
201718
86397
326966
146426
99
99
28428
76897
170355
400196
99
99
99
99
99
99
125683
14626
99
99
302603
181985
99
142860
546455
99
55897
150702
99
99
99
186789
99
510788
274759
99
177263
99
304106
99
21026
99
3406
18747
97
99
201937
133458
29544
166812
240954
99
99
139413
322265
99
17239
99
99
67009
99
25011
99
99
391555
99
281178
839
99
109458
93
99
554499
99
12820
99
99
99
17723
209094
12173
43683
122220
99
125210
1077
83709
99
99
158589
396153
99
110765
99
99
457560
99
223561
132391
99
162859
99
99
32152
99
99
99
99
99
179960
54259
99
99
83524
154697
425935
847
253
181178
16452
252277
71409
115373
98
99
96
99
99
99
99
97
34181
267325
99
182677
99
99
99
70161
410021
98
99
174465
379670
99
458376
99
99
99
99
86
99
99
99
99
270635
166929
99
11923
120794
99
99
11664
242413
99
214859
486990
99
954
99
99
98
412758
222381
99
99
99
77581
3980
345605
129923
1250
99
99
184045
330330
99
99
99
254783
99
99
66366
271799
99
183031
99
99
99
99
121468
22804
99
99
99
99
65
99
95001
149988
99
99
66457
99
144969
99
99
99
99
551914
355611
167346
99
99
376557
99
99
99
94207
99
99
85
99
36521
99
425000
99
255528
99
99
99
99
99
99
99
89912
99
143572
372176
99
99
99
99
46316
99
60934
99
91834
99
96166
99
99
179373
131810
99
99
58073
23706
169959
99
96819
98
99
115902
6093
99
370192
99
97
40133
99
259779
74056
62258
97
185558
231218
58987
26818
501691
18021
140159
491753
54154
99
107704
99
99
99
89314
99
291959
213524
16777
99
89147
99
99
99
298451
99
10497
99
99
336453
99
99
11165
31238
99
99
43587
154045
99
99
291804
199779
99
3376
99
99
99
60292
32599
83519
99
99
99
69346
346904
55819
99
99
99
99
99
58635
99
6923
99
244425
99
99
42196
95
81343
295987
194029
99
36663
33603
99
94
399634
99
33585
99
99
99
99
99
387626
99
96570
99
99
99
32049
100115
99
99
99
532838
99
146298
31401
99
99
99
99
84702
364011
471906
36359
99
188143
99
244247
296520
99
126049
213471
177895
99
99
113936
199804
99
99
99
314802
99
109299
256470
46869
99
925
99
99
99
325010
99
93173
72923
89
99
158582
99
150890
99
99
99
39896
99
26162
99
99
222462
463706
99
241232
99
99
99
184423
11120
99
99
118465
210337
69457
98
99
329033
190037
150622
98
99
99
373418
99
99
99
99
55932
93
203437
99
99
309358
99
99
99
378548
27880
99
99
99
99
156714
98
99
99
387449
74947
99
66887
99
99
91856
132922
2307
9930
192423
99
99
99
82316
99
99
237763
525578
86877
99
99
99
478123
125344
81718
107516
80956
516052
123291
90284
99
8937
99
99
344776
20937
103113
237798
99
132536
99
561341
41928
99
75261
144946
99
99
99
99
99
99
403600
99
99
300389
101196
99
8075
232836
99
313945
86775
60957
99
99
168508
32381
1172
348382
99
99
99
366610
99
99
99
293040
451649
117082
99
99
225830
558460
99
295560
99
85946
99
99
62512
254188
99
11527
149690
99
99
424712
202758
12043
99
98
1488
99
254490
99
99
99
99
99
93773
310562
316761
311180
99
60528
1357
99
93867
6986
95573
99
99
370997
14774
99
99
99
117555
36190
99
121902
99
99
96975
99
99
96
205173
99
9165
99
301058
87673
99
99
99
64248
187804
99
99
99
12559
99
93
99
99
71685
110783
99
43062
398838
99
99
487108
100455
182439
82225
99
402806
99
242838
166910
339871
99
99
147793
120725
99
99
211057
112828
41960
1304
99
99
261901
99
10013
99
99
99
60747
99
7210
99
881
113797
99
99
99
99
99
99
160126
13418
99
99
43168
142286
245645
99
99
99
106793
99
57102
208207
31471
125327
229635
99
55870
1981
99
39739
40783
24609
73203
188614
70071
17526
99
99
99
244159
99
66747
97
339903
99
99
57142
99
99
250970
99
99
99
159811
99
99
223742
99
5350
99
161640
99
98900
99
190666
4482
204353
99
69259
99
98
115972
229399
172127
409562
384788
99
1954
99
99
99
99
184848
44015
99
60254
99
99
99
231971
408133
99
99
99
192249
9093
99
287227
99
349219
99
194024
99
70281
99
99
14798
59134
99
99
513567
334880
3879
295761
21447
198384
99
99
132120
99
99
97
99
99
147823
99
121795
40915
224855
99
99
195977
255938
99
99
129930
99
99
99
5902
247991
99
323222
99
188237
99
99
13632
120821
99
99
39226
174220
332063
99
99
257263
99
15630
154587
99
20766
292929
99
158207
99
295246
99
275198
179170
126377
99
99
99
99
99
99
99
187318
278738
98
28929
13192
99
11128
145358
99
99
64959
71623
94714
567811
117348
99
99
3287
309464
99
197532
99
63087
213335
148037
99
99
118522
39860
99
195241
99
99
80512
367354
140208
198434
99
99
156047
99
99
339400
483924
99
72527
11293
73263
14609
352676
278746
99
18615
77919
79329
279517
99
45741
185496
99
208816
188325
99
98
427126
98
167
291883
99
63303
99
41311
21353
99
366181
99
99
3184
99
170730
99
99
99
92
147754
99
509
383500
304177
99
20436
254997
134564
99
99
198969
26491
99
92425
99
99
99
245490
99
76927
220853
99
214086
99
99
99
99
99
92700
99
99
514948
275720
237140
99
340623
99
355094
181917
267244
99
54327
165070
231792
61010
99
100867
968
99
99
99
99
99
99
165767
99
37896
85388
99
99
52324
39577
98
99
99
99
99
99
99
99
50931
108709
99
154297
99
228251
41391
99
99
96
99
99
66720
99
99
99
125977
99
99
99
99
99
99
99
99
396673
99
99
136690
48292
98
99
99
99
99
99553
99
99
99
179711
8110
99
99
53124
11243
99
33535
99
365826
33349
99
99
17554
99
65980
58870
99
99
58307
192962
165190
11860
332760
126094
58803
45479
99
99
524737
99
30399
99
97
308321
164667
99
99
99
99
212986
99
579107
464264
99
117084
99
99
99
99
50793
99
99
99
97
279064
99
99
99
20436
99
59427
98
398667
63907
15236
99
292792
14094
246610
99
396651
99
99
225522
156250
99
14899
103172
6985
99
37631
99
434824
389471
274238
165672
10361
99
99
99
99
86553
99
99
73638
99
10
99
192098
49
7529
70204
225780
137005
169972
120430
66027
81034
104027
99
233920
99
12218
40769
99
99
99
99
99
4810
99
160754
211786
278450
1615
200660
99
65076
99
99
99
99
45591
99
215579
559348
131702
93553
99
126298
100452
99
99
122410
46733
99
99
177134
247313
79920
303183
99
99
99
101675
99
179544
99
59787
156116
99
99
99
214660
99
85700
25406
99
99
99
99
101292
99
25907
99
121698
99
488839
99
99
99
99
117731
99
30589
99
99
99
129390
99
94927
96
99
353641
99
401435
19536
585945
99
97
342868
29932
99
573434
437653
76
437688
99
590178
99
99
192707
718
99
164633
178486
368015
99
272487
117779
99
258830
99
99
99
72918
99
99
99
8066
246512
39398
99
99
227007
485009
99
99
99
99
259515
99
367267
22348
95435
99
55305
99
25452
146259
167487
99
97644
24392
99
48084
47067
130767
181761
99
340371
99
99
43134
99
4607
299501
94174
99
99
99
2534
14214
99
99
65468
99
99
25530
99
48380
99
125814
206721
99
99
79230
9063
355108
222158
99
253237
126364
99
99
99
273642
250593
99
364845
12098
65196
99
119680
99
99
99
189299
92644
99
42357
11462
96
33414
99
99
400589
99
99
275397
99
23770
120425
287564
99
49512
139277
18185
54183
398001
99
99
162749
99
27026
90700
26456
99
4308
99
337279
400542
206612
99
551318
84517
99
21575
88553
99
253499
99
99
277105
440502
99
99
99
99
99
99
99
100190
