85
21319
99
6368
99
99
99
116092
11547
75753
2126
99
104790
65904
99
99
2830
99
99
264939
94
99
99
39895
99
99
99
97789
99
99
99
100045
99
99
77541
269749
46436
99
99
260946
66183
99
180201
99
99
99
99
99
112204
273114
99
99
60302
99
139140
249678
334554
410033
42211
10436
387007
19655
99
10791
99
99
147960
499034
18263
462689
99
192650
99
99
99
99
99
99
42765
99
99
99
99
99
99
24215
194532
60147
99
416082
99
68685
99
99
80625
39340
99
99
99
99
459107
99
6395
99
72813
99
58717
99
256008
99
99
33946
310500
99
71793
9888
157675
99
61257
247829
234848
581957
99
99
166551
311230
52135
99
369103
99
99
245127
42716
99
48744
58080
99
110935
99
99
99
98
394593
228873
208470
99
308567
39456
80520
99
99
29754
170892
456764
48484
99
98668
221
99
7164
99
24339
99
99
296591
99
217835
59858
99482
99
99
99
441485
99
99
209086
99
261134
267300
17128
99
99
299899
99
99
99
66220
324919
140674
30535
227592
283372
37124
99
99
99
99
98
99
99
99
1876
305968
334384
99
99
135729
99
99
99
99
385260
273676
98
44438
39099
99
93476
303260
99
11733
148990
99
399657
99
99
22040
60139
93086
22866
99
234978
61534
329877
83191
103551
44065
99
99
99
304014
99
200023
29368
99
4688
99
99
99
108024
99
130530
99
52731
33215
99
102498
99
99
217418
329811
99
99
99
4757
99
70701
99
99
383892
1147
99
303716
390595
298690
99
99
99
198271
415812
99
99
99
99
255603
221679
99
99
13616
54677
72902
111188
99
162498
144044
257479
99
99
99
146094
99
69827
99
43964
99
99
99
99
99
99
31419
417677
24740
120853
99
99
410023
99
99
432650
99232
99
363987
99
99
356426
95
99
47342
99
239798
275241
99
99
98
39140
99
67116
99
99
67974
99
396839
1867
348919
99
161081
99
99
99
17499
99
206669
187255
99
119650
320571
25585
126533
318490
99
99
348989
182686
28566
73349
205228
99
99
174518
99
179654
80131
99
167901
133687
343472
30720
388685
99
99
40244
99
301846
1693
73374
99
99
99
99
108629
99
99
23582
43725
142348
18221
99
177403
295542
10817
59135
99
36372
99
195081
99
99
99
99
99
99
99
99
19458
176064
200860
5763
99
99
5095
99
180590
99
199341
206796
5201
99
99
97170
18577
146059
99
208293
99
99
99
184225
39026
127263
99
93
99
99
99
113589
99
21446
319596
99
99
99
520430
99
131967
99
18954
212543
99
99
40958
455285
99
99
186971
99
11947
11243
165044
264404
99
99
99
349
216254
99
93456
99
99
38943
99
99
99
99
99
21068
25626
2576
99
99
99
99
99
184190
22521
54850
29911
99
9420
99
99
99
99
367022
99
4596
208018
99
58206
217723
99
276294
49493
293493
99
99
99
324383
319556
99
169312
99
2435
816
226045
99
44203
286394
504128
99
45306
112047
32792
115210
33278
164836
99
63921
99
99
99
99
71002
99
99
99
15003
70717
452663
99
142692
293107
298392
99
99
99
60388
99
99
46718
99
93
141247
99
411156
99
99
21065
99
77252
199898
120771
202040
75013
99
82306
99
99
276647
99
99
99
99
99
99
80575
99
4528
99
99
153329
108848
54882
99
99
99
14744
99
99
426035
134768
99
4442
413719
409546
55292
187161
89772
724
99
20650
429364
99
99
98
99
185398
468973
99
99
99
99
12937
7518
99
99
99
192079
99
244409
540459
96
256405
99
358714
99
99
235041
134814
95026
224007
203915
99
99
54542
62350
99
99
237595
193818
99
99
99
101742
33124
77876
99
99
96299
99
99
99
7951
99
131975
99
99
456945
239816
99
99
135938
99
108396
181372
99
99
234128
98
99
99
99
99
172111
55214
99
99
99
99
99
99
100531
163562
247714
99
99
357839
99
99
121329
215822
62283
99
180337
99
99
422593
295456
99
99
99
99
99
99
99
74117
264127
99
1226
99
99
311984
99
99
60194
99
99
99
222463
366286
99
99
251416
100633
192958
107394
99
71329
230783
99
99
157082
99
448608
78154
99
99
224591
99
130113
175263
99
99
53789
14542
99
99
99
19071
99
11044
91673
99
99
99
99
99
577
10799
24567
99
99
274122
99
99
99
99
99
99
86267
79470
99
99
411517
419356
99
99
99
332009
169742
99
99
196666
247966
99
2226
159605
99
99
232878
99
99
22613
17692
370042
341988
29201
137231
99
11382
99
99
93
73730
80883
63887
99
99
99
99
99
99
395399
56
124847
201078
99
99
129709
99
99
99
99
170113
99
99
6008
99
48714
354962
65000
21
27692
99
99
99
99
141685
317101
160948
99
449694
99
99
99
99
99
479152
227
102284
35887
99
99
203516
330037
99
103691
145702
203553
99
42777
271513
48329
99
99
99
99
226743
99
73543
99
99
99
318920
10726
99
255679
311702
99
128049
503980
99
103473
99
99
99
231713
60534
146881
130859
99
99
274705
130234
4129
99
299385
99
16648
99
99
493161
99
99
228212
430485
80027
99
60274
230339
99
99
99
99
99
51930
21273
113103
99
270797
444697
99
99
99
99
99
99
32067
32122
86225
99
99
99
99
99
37988
99
99
79863
219318
99
99
99
115449
99
237291
99
127083
287005
120752
99
99
125441
158419
212192
99
99
43761
99
255679
99
90
99
99
195336
99
99
99
99
99
111660
9466
99
353161
171822
99
30401
395390
164313
107203
331015
309151
99
99
99
436983
140514
18500
19163
289132
253762
290505
99
496247
407480
61407
262680
169420
99
98
99
192684
99
13985
5002
89986
99
350806
99
99
268343
99
99
99
99
99
31281
99
99
99
484159
160444
99
256040
99
44346
99
174635
99
187255
99
50261
99
99
99
98188
99
99
99
101365
99
2872
99
99
99
99
447760
214129
99
99
491513
99
99
99
99
99
399664
99
99
21545
99
99
123119
99
116187
296140
53785
99
99
119918
53999
119554
99
144768
46005
99
99
235547
141049
227001
99
187855
119827
99
99
99
99
99
99
99
99
391036
99
99
124131
66819
99
51264
24910
99
99
127950
194998
99
123561
98
99
226805
152886
202860
88998
788
99
99
99
65572
99
11038
99
92337
99
99
39570
33602
314426
68680
99
263017
99
98
99
61616
320577
13808
99
4061
19088
90
99
99
99
159838
99
225488
99
511607
99
84587
99
99
462583
135811
57388
99
412
99
99
243826
99
99
45051
370023
227200
99
99
99
62943
99
2260
98
119667
99
98137
99
121690
449570
182824
99
388726
99
99
99
99
99
5120
149245
96
99
99
24931
99
56518
99
99
99
99
99
99
153585
99
332582
20115
145399
99
7974
18240
395015
247820
99
99
99
99
99
99
99
425
34760
99
440130
99
99
99
99
22218
43442
132379
99
99
99
99
99
377841
29828
99
99
99
99
348032
99
121186
211603
99
99
99
138516
71010
99
99
99
44742
99
99
99
99
22161
99
462331
30931
99
99
173236
99
99
125828
99
99
99
99
43164
99
99
99
118
99
99
52604
99
79579
149081
99
63558
99
20232
432146
99
63820
99
282032
203375
12469
99
99
99
85399
99
369820
429608
20634
203708
88367
99
163200
211439
191797
99
99
14817
99
28956
9722
22993
99
22739
418416
99
99
5639
99
75067
197103
253191
34654
99
99
99
284509
211519
291775
99
99
99
99
99
99
8580
48507
99
99
99
48378
99
128113
69699
18731
182243
55539
39857
66005
6494
206685
11665
99
99
99
170754
99
99
124127
49345
99
94432
99
99
99
99
99
53835
99
99
24553
8101
470931
117297
148938
70476
99
167554
99
99
104919
11616
222613
54896
42627
197693
99
99
298342
99
432324
99
99
99
27445
99
20514
301578
99
99
180227
99
57081
99
99
99
325692
99
99
99
3875
79177
509371
86951
99
55783
99
405234
56360
477483
115339
99
202198
198014
99
99
99
99
236282
5534
99
99
99
44217
136388
98
99
147938
99
99
99
99
99
93
99
100171
216397
24131
173688
106638
99
11836
342247
99
206586
530959
31759
99
99
99
3421
99
99
222909
307109
288589
99
329973
228671
99
27628
99
99
99
99
99
99
104270
3332
99
99
99
92400
254697
99
99
99
99
1684
99
225518
11581
99
69617
99
99
99
653
479608
90652
99519
99
65032
99
508092
99
232539
99
151730
99
297384
4926
99
99
99
166386
87957
99
99
335877
99
17112
99
3437
271862
149174
166963
134271
39121
42207
99
24882
99
99
222925
98
363683
99
99
99
99
136382
99
270955
128618
99
99
299940
253812
99
42904
99
99
86795
99
99
99
19727
99
83119
32933
99
172789
99
160420
203760
99
138900
99
99
99
99
99
99
99
296168
348625
76876
14544
65143
98
5386
423
99
346473
47106
99
12172
99
2879
404109
177432
116901
129863
221111
32331
469790
233348
99
99
99
314027
99
187028
99
24542
99
99
99
158368
99
99
380701
99
99
99
9707
99
99
104217
99
99
99
99
131311
216864
237333
199372
257215
436768
99
99
99
99
78155
100466
68752
99
17809
99
99
198736
62096
300799
99
15403
99
179686
32605
75964
99
81288
387066
94
361278
99
45358
99
399105
99
98
99
369726
99
244150
297743
99
99
488813
55214
99
37379
24904
7492
99
63731
56106
99
374593
26604
99
99
99
99
99
525876
298876
99
52862
99
99
110953
99
150093
179202
99
99
306787
411386
129512
248101
99
99
111588
242211
97000
86
99
99
179686
99
99
140034
49735
23576
99
99
99
15437
99
99
132955
99
280847
283024
27510
99
99
51744
239310
191732
482796
99
99
13421
47085
99
15506
79408
99
1957
99
35798
40602
249156
160607
99
99
69719
460529
147401
99
99
99
168684
116557
4837
99
43630
27948
99
52937
360463
8879
103772
210829
99
245714
99
32419
442566
475083
73658
99
58035
99
173298
54941
99
99
68559
99
214925
302543
99
375673
99
99
66214
41171
99
99
55452
404523
123079
99
99
214658
48042
99
435048
99
22163
99
99
99
456414
3475
55317
568757
108923
380428
99
99
99
93
99
3249
99
99
99
88295
278029
99
99
99
29130
472
99
99
99
99
99
4187
305125
17506
124184
88618
38616
99
183041
99
204948
99
99
98
99
487088
5402
150576
141719
99
99
173691
58621
97
226063
46137
180831
378900
19336
494337
99
92
99
99
99
99
183247
99
99
56404
51146
90356
99
34730
264384
99
99
99
99
99
126262
10660
2351
62814
99
261007
99
225215
381521
99
99
479210
179594
99
99
96
397753
99
93787
99
78104
99
202677
230928
102746
156044
99
183286
99
343956
292862
59002
82871
217816
269357
247398
282974
99
159340
99
76444
99
99
99
99
99
303458
99
99
78026
99
99
266711
99
99
132451
32292
262181
99
27074
72244
576880
99
99
99
99
534019
99
99
99
99
99
99
99
76315
99
99
99
60797
99
99
99
99
410633
99
99
99
19943
383586
99
89941
99
51572
404785
49593
88176
199447
50688
230707
99
488904
220448
99
99
99
99
11474
99
99
249425
99
99
320045
388
85138
93
99
215543
99
227452
14271
99
9821
99
99
47494
99
99
99
99
99
99
236419
90417
99
99
99
481683
99
99
99
19042
99
99
182923
17441
99
93266
155438
99
99
376088
99
197710
99
98
87693
70226
99
99
77017
202809
90379
99
367906
271315
99
423491
290377
18215
327300
99
98340
99
99
224202
99
99
99
133954
99
99
99
99
99
99
15563
99
99
121399
99
298585
99
101191
99
99
45876
99
310563
99
99
99
99
242339
99
117601
115332
231389
99
71089
100615
99
312346
149840
99
397860
141013
35509
338961
25436
160128
403768
99
99
388038
99
136211
99
99
99
99
1138
87827
99
321509
99
99
228177
99
99
55759
149946
61762
7313
99
99
162345
99
108315
23825
5732
14230
3040
99
99
99
131761
99
16209
94981
99
76165
99
99
4154
336800
99
99
12205
99
99
99
37715
80336
97382
99
99
99
99
99
544787
99
99
99
99
44261
99
442750
99
99
98
99
99
241754
99
178764
99
196989
143647
99
15591
99
189056
225560
562167
99
297797
99
568308
99
99
99
428544
16237
99
99
99
99
99
99
99
83259
83437
122242
333956
99
75949
99
99
136011
99
99
96
99
99
99
116583
332193
70753
99
99
99
359481
331768
99
99
99
98
134010
218814
99
99
99
99
99
577241
172603
99
79837
1639
99
105317
64439
99
99
99
380721
28457
99
357586
426922
18070
99
99
159114
184199
99
469279
99
99
12106
34080
127956
151418
132923
445830
99
49024
99
171595
99
20335
99
400649
99
99
99
189108
99
99
592
99
93725
271336
99
250334
99
198115
99
72576
99
357504
99
44024
143263
99
99
42316
99
65882
99
85920
99
88
330
258103
99
99
99
99
99
99
99
377222
99
38946
1815
93214
99
98994
99
275473
99
57162
99
117301
349706
229161
99
358148
278249
99
150919
32511
93604
99
99
366948
92354
99
99
99
255264
137056
99
132728
99
142764
99
143663
416367
99
82193
99
99
213722
205156
396452
99
99
43702
99
99
15418
344205
99
1045
38886
99
14480
99
99
124043
99
99
161657
99
99
334150
99
303135
390441
99
99
99
99
95041
99
99
109681
99
99
62418
192349
251163
99
137885
173777
75582
99
174007
99
99
409221
99
14553
99
99
99
529053
99
56526
195809
243277
113888
99
99
99
342091
99
99
99
281989
99
13847
99
99
99
99
99
354944
6037
280834
99
98791
99
99
99
28291
923
99
99
49305
89
99
3533
57771
99
16755
49348
330110
288658
205222
99
76182
236447
99
60933
162729
99
37147
103076
99
278
47400
99
128102
99
99
388575
135913
315
41345
99
49334
99
99
99
99
99
99
14036
7799
104388
397286
50942
99
54673
99
99
99
51413
99356
416935
1337
99
99
99
40296
99
99
118796
99
99
99
229896
216787
388149
99
99
99
13088
99
99
253096
119179
2978
99
11273
226381
52821
99
99
99
46819
109666
130864
99
189036
99
383759
99
99
99
99
247766
358212
46152
99
99
99
416488
99
73173
99
121996
99
73353
41896
18085
275616
116202
99
4204
99
58925
368508
99
99
123111
571554
99
99
230262
99
99
99
1689
173819
99
99
99
99
278858
99
121329
99
99
99
670
155299
57051
99
71030
99
99
51265
99
99
99
159977
311308
285380
143679
131433
287127
99
99
473827
99
99
36314
21647
99
128560
99
114906
43569
99
99
99
51263
99
454024
149340
191469
119850
99
42000
97
99
99
99
99
99
99
325364
99
216534
99
46922
99
1165
99
99
252014
10558
11058
99
283625
428598
99
99
78265
99
330524
6440
99
95
277928
99
99
99
99
208877
83447
99
98
99
229034
99
99
99
99
88792
155975
99
99
393418
99
99
54702
345656
59435
99
99
7800
99
99
254869
99
99
5377
99
99
99
143477
143193
25461
382944
99
99
99
84649
38195
85421
365508
99
99
42160
291819
385326
27728
99
61976
422112
99
259658
99
187215
12
232693
427469
99
84950
99
99
99
99
102680
99
9099
99
96477
99
258501
57453
99
99
111773
27119
99
213458
113075
99
99
99
142805
143284
32470
60900
283998
208640
99
150027
101727
99
99
166655
20383
99
99
142261
57221
99
99
276085
243343
99
99
379846
99
99
98
99
99
188322
99
26356
99
99
99
224477
23050
328100
147541
227260
99
56993
368888
99
99
99
99
99
61525
15347
97067
115107
99
18331
99
109428
99
513587
99
31703
95410
99
358515
15913
183432
99
99
171555
99
99
99
99
64312
99
99
99
185732
99
567504
99
13294
99
99
105407
81831
9553
62219
99
99
8150
99
441572
51067
99
99
102072
18996
99
103720
98962
95691
6702
99
300242
230884
99
49065
99
99
99
99
98153
99
99
61057
624
52302
99
348686
256152
139240
15471
99
504092
99
99
49462
228968
99
30505
9177
99
99
99
99
99
99
159206
1576
99
440081
99
358786
15319
99
99
14806
44121
151668
99
99
99
99
66912
99
99
193416
99
99
215206
124327
407199
99
5704
99
99
99
88986
99
99
99
99
105779
99
99
99
97006
9277
99
89169
408803
51981
98
99
99
99
99
462443
313953
99
99
41378
34811
99
99
99
36850
256478
315526
99
99
107193
26756
99
134322
202326
29322
99
99
17510
395990
418435
358828
99
99
226467
99
178210
99
222150
102773
44661
114303
414240
190236
326183
98
145427
274884
99
404682
99
32654
99
101911
99
13533
99
99
87398
99
99
87348
219949
99
27513
181647
44584
99
99
519527
119522
99
300720
99
11395
99
303938
394432
99
56711
141402
99
1473
99
219956
99
24969
68740
99
70332
1258
165033
190613
99
317541
99
98
99
104392
99
99
887
55714
31181
99
99
99
99
307424
143688
12976
99
99
414056
99
270703
290853
99
70890
217897
99
99
99
63294
99
269355
99
111699
99
410335
99
99
99
99
34861
322255
99
99
99
99
99
51588
99
99
99
272798
200080
99
99
189647
207486
19669
108717
56
415909
97760
99
52667
99
95873
111454
97063
99
62958
230520
99
99
99
99
99
99
68165
99
99
99
149763
265507
38242
99
207210
99
98328
148470
242080
346942
99
219814
99
174038
99
47807
35049
282016
99
39367
155527
32494
207110
77333
108129
12622
99
214345
1720
99
2386
99
99
99
99
452281
19255
10908
99
356
99
99
99
170564
99
99
268878
99
99
99
44961
39399
428854
211609
99
99
99
133531
483487
99
99
267438
15240
99
133803
66190
186639
352146
191311
99
330978
99
239317
81831
164357
125327
91845
298267
99
99
99
85931
99
120908
99
113725
99
225294
99
99
99
54235
99
99
15020
99
99
81124
87945
99
99
99
32001
99
99
94
99
361
99
99
257655
204801
18611
99
99
99
36486
99
99
99
99
420534
99
25508
380512
99
99
23297
158079
99
99
61474
12267
99
102127
252427
99
99
8380
99
43584
37731
99
99
246178
2086
95007
65833
99
316960
205740
267539
498432
13567
177336
99
99
238017
99
216373
87338
99
99
99
181762
99
228792
99
99
99
57300
99
261029
99
87
99
99
38270
213224
99
237414
298395
99
41872
99
356195
107890
136670
10939
20950
12479
118853
99
99
450953
160135
149869
99
99
97
78919
220121
99
171424
71694
99
395583
63605
461
99
99
177896
86166
99
57454
26719
99
418999
99
17744
102246
99
99
99
99
167560
71688
32126
115582
91830
99
35177
99
99
318316
330908
99
99
141494
99
99
94730
26875
99
99
121699
99
99
203410
355491
99
99
99
99
476156
99
99
364517
5201
99
3633
92
99
99
99
43525
40732
99
99
93
99
99
99
99
143511
87538
99
60256
143987
99
99
12597
99
99
99
200563
99
99
99
99
99
99
99
99
99
22463
64171
99
99
29492
198199
14916
99
143877
99
99
99
27159
99
37366
22321
445663
99
99
188682
99
99
115488
123678
50464
99
99
27395
74
99
87297
99
99
99
13766
172227
99
478798
99
33374
65447
99
203925
348761
99
204492
128931
99
99
99
87578
342388
99
293961
99
99
91957
99
227054
99
99
99
99
99
99
256315
99
99
211979
99
137173
99
99
53053
360722
99
503451
99
99
138660
99
99
22834
99
26160
66676
99
99
99
260803
19824
99
99
99
99
216912
99
190308
99
99
13629
99
99
99
99
99
268117
63100
43223
99
99
99
214936
99
145341
56197
33222
99
99
99
99
15850
140742
295970
99
393333
99
290067
99
10228
34123
99
99
3701
471747
99
22336
87435
99
39667
71263
99
99
280660
26333
99
41264
99
120059
174584
138827
19140
99
195617
1644
99
64685
163956
405496
402395
99
99
301451
46592
16190
220935
99
99
99
388967
99
99
99
149149
404970
99
99
99
99
99
136707
36019
99
36105
99
99
36643
99
134492
36209
99
99
99
99
48953
74464
224591
222754
430420
73583
99
99
530860
37907
99
99
205112
3240
99
99
99
6739
99
99
99
99
8886
67062
99
99
99
99
221758
99
99
218942
11110
3945
99
99
99
99
99
99
201210
217551
161010
99
99
99
274105
11778
84674
99
250329
99
99
99
99
13118
99
99
156
85
99
406767
456729
99
99
99
33246
99
10489
99
99
99
99
99
99
99
295472
88153
99
329721
71867
99
76357
99
444684
99
99
5848
173552
7099
99
99
1713
56780
411392
107515
99
269893
99
99
99
99
99
291572
13026
99
52983
99
99
194191
45107
409768
99
26540
239175
99
108892
99
339461
99
99
303037
99
7402
99
339937
262781
99
3409
228245
99
99
99
13333
354355
99
20549
380667
99
99
99
98
99
99
99
99
99
99
159983
55080
99
99
291424
99
132343
99
80797
71616
99
98365
99
10103
99
361821
99
99
98725
99
90301
99
342002
77038
101628
61687
236427
99
99
71130
99
90
16205
99
250486
173593
261667
3580
99
99
114674
39070
99
99
77736
9109
99
135943
92
99
99
1848
99
99
99
99
99
458567
99
11526
180563
364515
99
99
99
99
538347
44947
99
99
6698
88
398345
99
99
60567
823
52151
99
142740
99
99
99
179381
293968
99
99
99
173679
1383
43934
275239
107879
99
99
99
99
324397
101135
303771
99
99
7253
227899
99
99
67788
99
99
93
148406
99
271716
409923
99
212260
381036
554145
99
153263
99
99
99
99
188744
99
231877
132843
99
507667
99
99
99
129069
174899
99
99
99
99
99
99
148447
99
99
39921
255790
133638
136736
99
99
99
99
99
75057
9025
37743
99
99
99
85202
52642
99
258336
99
99
99
150677
157113
99
31867
99
99
99
82866
196892
99
36724
150056
380761
99
364178
132450
99
99
99
99
99
90826
99
413269
5558
99
126810
545003
99
4188
104746
99
99
99
99
99
273707
207028
87037
412427
165649
282088
159330
9887
99
99
99
21936
65025
99
99
87324
11149
99
159176
99
102634
99
5799
39230
14471
99
6308
414919
99
99
99
413363
8
124856
99
99
104140
346788
99
99
99
70017
99
584868
99
99
99
99
285535
301720
176548
297495
117988
99
60106
99
203805
88401
287490
143637
99
408642
93299
366803
229433
99
72096
275919
100624
99
99
235502
99
21674
108972
423117
99
177503
472689
263204
10006
99
99
99
99
99
99
99
227134
99
200650
246704
366581
99
99
26867
304345
99
53716
7300
99
11350
99
99
200209
232823
99
221247
99
449846
99
99
99
99
137418
310519
99
378627
118090
99
99
50689
107101
80690
99
99
482925
99
99
55344
380701
99
82170
99
167489
97
99
101217
99
57690
127523
85810
99
99
99
477089
27579
99
99
52409
111080
227362
99
99
99
211387
99
3826
289549
99
24249
63765
99
247557
99
99
99
219118
280530
99
99
441393
99
562757
58092
13433
99
99
99
335798
100436
14019
99
99
146862
161197
59793
99
98
470754
596006
27315
220537
56865
22192
99
99
17095
115198
2776
2037
99
99
99
99
99
230805
99
27629
33870
40965
99
99
185
42822
99
99
37964
99
205905
137256
87817
99
99
99
99
99
47153
99
81808
99
99
99
99
119855
99
3453
99
30435
91733
95671
322073
99
16723
99
217564
300334
99
44919
312052
99
99
99
95
4347
99
99
587220
225125
99
99
99
99
99
14875
218506
98188
153616
34572
519868
13303
99
8655
99
99
99
99
99
182623
51757
458663
99
99
99
99
335787
196241
246898
99
49000
262820
99
99
480537
247384
414142
14093
99
95
99
99
52377
298882
99
253111
99
99
99
99
99
66439
99
99
82573
218779
99
83651
76552
99
121733
99
99
99
99
99
170352
99
170737
99
99
17521
99
101366
99
99
255676
99
99
99
223144
99
99
19299
22583
267327
99
254343
13191
113640
99
99
99
98
42275
11794
99
99
99
99
37905
175199
99
97211
99
98
99
68376
99
99
99
99
85
200362
6307
164837
99
99
99
99
99
44485
99
99
104747
22252
99
54662
17775
99
99
340870
125731
114720
214952
99
223355
99
99
99
423637
420473
99
517457
42185
18768
99
99
99
99
316894
99
29144
99
391163
99
135715
46728
450654
99
183435
6327
203536
136203
134339
131734
99
99
99222
137644
56710
99
184978
99
99
99
207255
99
134780
99
164455
96639
99
142990
106349
99
99
99
99
99
332118
99
99
99
99
99
99
99
20989
99
398568
543630
99
261739
99
259292
99
34949
38154
98
132752
99
42157
51333
41198
99
127683
106174
99
99
170226
101009
99
99
99
77248
260457
218
99
99
397820
122469
99
182175
99
29633
76179
99
99
99
99
166496
99
61845
113029
99
99
228986
99
99
99
149211
271584
99
116089
333219
337133
26657
18610
327289
99
99
99
99
79320
416648
99
99
181582
99
99
99
99
99
99
99
99
331889
99
88
220280
99
99
99
102450
99
6458
99
99
99
99
205896
99
225969
99
99
101080
99
99
53948
99
206713
155926
369669
19735
99
134093
99
224593
543620
291467
99
465351
99
114543
178995
294399
172
177773
28806
302755
99
99
292141
99
144395
99
99
99
99
317047
99
99
99
99
63179
99
11324
99
99
99
99
99
99
99
483659
35843
13274
272250
99
43756
99
320698
28545
383912
118493
99
99
225
99
2393
37836
54804
99
99
99
99
99
99
236732
99
91167
62213
99
253499
98
99
99
30493
118715
99
99
99
251072
108244
99
99
99
99
567137
99
99
99
249379
76751
99
99
74917
24178
99
227889
99
85982
75482
127412
99
99
163851
99
99
15425
99
172785
99
73686
359334
39635
99
99
99
120982
218249
81646
99
125998
132069
288762
99
99
208496
99
99
99
99
99
199982
99
246388
89262
2245
35388
263145
275065
233372
99
350781
448933
616189
24623
120844
57634
159603
99
99
99
202323
213870
54555
99
69435
99
99
99
204844
99
168779
141261
99143
99
40130
304373
210414
106550
252906
99
109175
99
99
99
99
99
44713
99
336326
99
99
99
99
136382
41403
238886
126293
99
162530
127564
99
99
98623
116222
99
99
225275
99
158667
99
99
99
14503
99
14369
99
474684
131752
99
99
99
99
99
86916
99
97839
99
89800
404418
30834
99
204945
36094
14536
99
311396
380589
73953
17910
99
84513
243181
24118
359049
99
99
99
110926
54019
99
72056
99
91885
428481
172950
11531
288497
99
94
170231
99
99
64739
10080
99
99
99
99
99
99
236957
34242
575
99
99
98
376134
99
394110
99
99
372776
142818
171490
99
328624
315605
99
99
2337
97
99
300223
99
99
35721
71702
99
468166
92854
125752
99
134969
99
99
99
99
99
96494
99
239109
99
257902
13311
99
162090
99
99
99
99
9873
99
253515
180143
283871
99
14008
373089
99
74333
99
42849
99
52870
97
99
99
313860
99
25542
376226
188736
99
99
99
99
99
99
232684
99407
537183
107754
99
99
62612
166110
99
86481
99
99
99
308923
99
87179
99
99
449626
439154
99
87063
70649
99
570247
99
99
7150
99
99
99
99
99
99
456847
53800
99
99
111994
167951
135942
99
99
20267
99
5515
99
99
86467
400767
99
99
99
99
99
99
220421
28389
99
45081
164943
99
102014
99
12900
99
99
199063
14580
99
99
99
99
24504
248384
148295
99
158635
99
35261
99
47697
99
66972
235353
112118
114437
99
99
42414
21674
99
188946
60121
17929
99
99
99
99
130176
216630
177773
99
49267
99
31946
99
101904
99
99
99
99
96
14173
398295
99
99
192071
99
56805
56442
84148
99
99
241008
99
443842
99
99
99
811
85895
99
99
159512
111029
73164
99
99
361526
311866
84053
89277
99
99
99
150797
77634
178045
99
90973
16146
99
126351
99
99
27078
271411
99
290837
564
185423
241137
293913
99
96
66442
286561
472732
99
99
201466
99
99
34436
12291
916
40582
99
254515
98
99
156894
60233
86982
99
317937
99
99
99
99
9332
99
433498
99
99
99
95858
15037
6771
99
334008
168970
99
167461
41723
99
99
99
3160
259093
233064
99
98
99
123474
99
98322
242920
99
432643
99
176059
99
99
339270
99
18532
131191
51788
99
99
99
99
451257
8537
28519
295419
99
51
99
178463
95924
149001
203868
268048
99
61615
23171
99
6468
99
41387
99
325099
99
99
99
99
246517
273547
344292
7752
99
108840
354063
99
202418
142427
302632
99
46978
99
99
99
236365
63443
99
86498
265417
99
198379
34291
45627
99
99
99
461708
180981
22654
99
66097
52800
193507
290730
99
99
265034
99
99
99
238439
99
292359
99
99
112626
99
99
14577
12005
327540
167012
382003
415797
99
99
99
237525
99
73652
99
99
99
99
422380
99
99
108641
99
99
13244
9750
99
461474
11562
99
99
3617
208789
99
99
15205
99
37300
65961
99
99
58902
176648
99
99
161285
108493
18707
196913
11281
99
590438
99
18249
299358
99
99
99
62998
168816
23095
28561
290343
99
273482
99
149801
73271
99
103773
99
181354
51239
99
34238
72575
102846
99
99
96320
2080
99
99
99
99
99
79900
120023
99
13360
99
99
99
207052
179623
351988
191903
31944
99
99
91731
4359
99
99
125754
130583
99
366642
99
99
431714
14302
99
359012
99
99
113025
99
85680
507067
99
99
99
533823
4875
99
99
329301
40488
99
99
99
99
28405
99
76594
99
277074
99
99
24398
99
18632
99
415332
99
252997
15938
99
99
99
32123
78214
99
373955
99
99
278784
99
99
29380
99
79406
99
99
99
99
41537
99
48095
230695
99
99
28896
359205
99
99
99
459077
99
99
99
75746
99
99
99
99
99
99
66891
99
51760
21168
83893
39523
99
99
99
91041
99
9808
33974
99
99
14163
60228
99
191483
99
99
99
437016
409088
99422
417868
23234
88695
99
99
99
99
41568
99
34757
250891
99
23483
99
99
99
8752
105927
37
188775
140151
99
99
99
372553
75049
253158
153614
32411
73418
183081
100659
7378
99
99
419567
99
99
99
99
99
111341
99
99
244604
99
99
99
24397
327446
104548
70328
189861
99
99
97
99
41080
192590
99
99
99
99
70105
99
99
99
94271
99
15885
75069
99
113768
139240
5760
99
99
21203
99
217467
99
99
154475
99
150140
99
96
99
99
99
58637
98
179669
99
29570
99
350076
99
20012
99
336331
142095
99
99
99
21397
99
99
99
244974
141514
42762
99
181412
99
14219
99
84012
36476
47658
47737
99
99
99
8193
297575
346
99
99
99
99
99
40235
318497
99
99
99
99
14791
396804
99
99
99
99
79970
99
186144
99
99
163308
361632
207992
99
99
435419
1317
99
99
99
50181
99
226233
145060
4782
99
75093
31937
99
99
99
99
99
99
99
235965
99
2553
6546
99
99
99
99
65968
5078
99
99
99
83793
99
36759
200072
99
179646
99
99
99
99
21865
114573
317564
118040
106220
98
90076
99
99
99
99
99
99
61116
99
99
234231
293416
98
253937
99
99
14399
99
99
26186
99
127816
78687
2652
23566
473583
99
99
168886
99
78990
31444
99
99
99
99
99
99
99
81331
99
59910
41247
99
99
99
179984
99
95013
99
3993
204980
99
99
230626
99
99
127416
99
99
99
99
99
1551
258751
99
265943
47908
120522
151452
99
99
171517
99
129149
99
99
99
99
99
169060
149144
434428
4517
99
18569
99
99
467665
99
99
99
190997
32334
129811
80831
99
99
1375
194608
42559
253745
99
99
166469
99
99
335072
120496
4654
30904
155722
99
6381
99
19637
57082
99
371525
181041
98
99
76933
99
130542
99
23136
99
79299
99
97024
108035
113907
99
30078
372060
99
51093
99
99
31457
99
122412
30432
86097
42090
99
11935
99
8440
99
99
79607
99
132745
99
67285
197574
26091
5738
99
99
115737
8751
97
167797
99
99
4472
99
99
99
93
406157
231119
149815
52316
116714
278431
99
244222
99
99
99
2959
99
417682
157843
75596
30675
99
10643
285135
99
99
322830
99
372546
412112
7982
43519
87941
185564
99
99
5504
57673
187859
99
99
99
99
121833
388950
15971
99
99
1077
124576
99
99
99
99
99
99
202372
99
99
99
129903
99
145581
389663
99
81696
56187
99
99
59307
99
99
68175
99
155631
323756
144738
99
99
99
99
99
99
99
146459
99
31599
261921
99
318016
16436
58308
99
155899
99
52506
80950
58820
99
99
99
14268
49106
99
99
128233
99
194021
19383
241380
24147
99
99
99
99
165265
30596
99
272096
99
212869
72570
191680
251199
99
99
9013
99
99
99
236581
99
231729
59361
99
99
99
99
22456
99
29231
19001
99
116789
394084
99
149672
99
99
99
255613
99
245683
99
99
99
99
185722
99
64543
103425
99
98338
559110
52429
99
99
99
321506
88328
189700
21369
99
21139
69857
99
99
83627
182984
15495
123579
99
7499
138320
59374
99
287778
99
99
59011
514710
293371
99
99
99
245360
6137
99
99
99
284750
99
244627
99
99
235647
167075
99
67641
17758
55931
25212
99
99
511226
99
92131
49318
99
99
99
134854
99
99
18515
99
224388
35678
99
72213
99
141500
28785
99
228596
99
99
99
98
99
249521
137790
99
176216
99
184824
99
28578
99
99
101778
29560
99
237501
59052
38760
17287
36080
100761
98
57631
99
66939
99
99
220772
270124
10290
190245
99
97913
524719
99
99
10293
17986
99
99
246422
99
99
9831
39773
150258
99
99
99
99
91983
388031
99
99
99
99
99
99
44449
99
99
84882
8826
495649
2284
99
197128
99
140238
41335
93789
99
99
21745
138191
87934
288972
52008
99
99
85425
99
99
312948
50304
99
171574
83585
99
99
12553
98
99
99
15931
99
99
407786
99
99
99
99
99
34029
99
29789
387720
40506
99
99
45487
99
99
99
99
99
99
404210
50982
95
31430
99
99
99
99
99
99
12973
99
390774
147003
88998
73663
4788
99
99
364523
99
70864
233
180117
17490
99
417755
14129
99
102507
99
193799
382207
8863
35010
452124
99
333528
258481
99
99
99
42303
99
99
209522
341966
99
99
99
38634
99
99
54413
210082
1001
58841
99
99
99
342738
167430
99
99
99
99
99
83299
346793
99
480325
213224
113288
98
53875
106802
9288
99
99
156981
99
554776
305025
138863
420309
157876
56632
99
69244
1990
85563
63539
212666
91
29971
99
83499
48518
43628
99
130137
99
99
431271
98
99
98489
7531
99
99
99
99
347518
454667
335449
99
319202
380628
107927
194276
73342
256246
15850
99
286832
99
471439
99
320121
18374
99
7174
235901
99
56137
267878
99
99
99
1328
99
99
8474
152787
99
99
99
99
99
99
99
99
99
2617
99
432740
99
99
26866
99
99
99
99
34358
99
99
99
99
99
50948
99
29856
99
29036
99
219872
99
53340
99
27208
185743
99
99
153408
99
99
17567
99
99
195363
304371
258909
99
99
99
347682
299128
99
99
37699
335308
99
99
292690
99
99
387735
99
162233
99
99
99
99
99
99
99
82566
101827
192675
510674
3314
378392
179535
99
412062
246403
99
42317
99
99
99
112459
99
26013
99
99
31111
146564
243565
99
99
109028
121801
99
44418
99
98
99
99
99
99
386217
57312
83358
99
99
99
99
52064
99
99
99
64755
211756
38635
200281
82565
10334
99
99
99
95
208933
570
99
99
219268
99
99
29798
99
57913
99
591089
99
99
99
99
99
99
184798
88
48879
99
398528
13735
62803
27097
99
406739
99
99
99
99
98
117276
99
99
33629
88245
98954
263574
19135
259667
95997
28062
99
99
99
99
99
99
99
404799
5791
456322
99
99
129109
99
99
99
442874
99
201938
99
344844
99
40097
16442
113983
21898
39099
99
200832
99
233779
99
518101
56748
492311
99
99
10448
99
99
64117
99
320747
269566
47593
60789
85792
68386
87533
99
99
332762
99
206778
79005
47491
93
299847
24966
75247
99
99
99
99
22252
99
99
113896
99
47871
99
99
16440
72134
99
426416
99
4289
99
79741
99
99
85662
360638
472532
99
358877
99
99
46141
99
99
46460
516858
383018
55980
97
303713
164605
4631
99
99
99
99
76015
99
3702
99
365417
21879
51045
99
81278
21987
99
162032
103755
494369
11516
99
99
14289
99
99
99
78423
99
99
99
2634
182961
202004
99
42002
2616
80779
618
604463
99
99
99
99
99
99
128115
99
99
99
99
23395
233289
180577
99
358094
99
10160
99
99
61242
99
99
99
64395
99
90131
18799
99
99
326314
99
99
