213919
99
99
147231
99
99
278417
99
99
99
99
99
303120
107497
79360
99
99
64558
204098
99
238008
99
99
9894
47367
18942
99
99
99
99
290503
99
99
77128
99
99
99
107825
103954
237606
99
99
233446
75755
459853
99
446958
194079
195809
99
156150
249289
119167
53377
30345
99
53728
301202
2345
15534
99
99
99
99
306061
99
337242
99
263111
99
371395
95281
99
99
86421
99
99
355773
99
99
19163
99
34017
99
166119
274189
99
131726
240513
62363
42021
99
93
99
338080
99
550488
99
374669
45973
4163
99895
447410
99
419578
225853
156126
149808
99
99
99
99
432855
99
99
99
99
99
99
286103
54086
99
99
99
99
179542
99
206361
402071
99
206199
99
99
45481
99
99
71185
35940
157181
52951
99
65362
99
99
668
99
89817
177
75176
99
98349
32276
229462
99
17890
258271
478946
216711
99
99
99
99
100467
117616
99
99
99
54738
242893
99
99
218139
99
238276
344515
99
30375
19905
175074
138867
302118
296778
99
99
99
99
65515
51004
18719
342087
99
128738
99
98
99
99
30502
99
11802
119963
99
99
99
99
99
165769
444852
99
99
99
5327
99
27573
279641
60076
99
31051
32620
99
18380
184358
185456
99
23336
99
99
99
121929
57826
27029
99
207927
66192
3275
165664
24559
99
272462
242810
328809
350837
99
99
175771
99
99
363408
99
24789
317747
99
99
99
99
78692
89503
99
99
120831
267684
465903
359398
58689
10112
189238
297815
99
99
99
10085
53792
79605
287860
99
99
15274
128266
7723
177673
99
132035
99
17984
275247
99
274040
96
249587
99
99
275073
17375
99
99
99
381319
99
246227
99
99
99
94
111631
8167
58263
131291
278292
453766
218429
163552
99
164638
329862
99
301108
99
99
99
99
99
281695
420230
143937
91790
99
99
99
139541
60994
166760
289117
99
189023
203065
143626
99
36534
488320
77500
99
87
99
12496
99
99
270973
99
99
99
99
99
99
464498
62978
95
99
99
130588
39454
99
99
99
99
90194
99
2372
87615
20337
164351
20953
99
266792
99
15292
247337
255056
141087
34379
7612
99
99
99
99
175662
91170
280882
137286
99
99
115134
153745
99
99
65316
99
13553
32860
210337
200771
99
99
51172
9008
159979
204854
24797
354689
156603
79250
296730
132981
99
155172
138397
27901
99
99
308614
2563
206606
99
99
308003
99
99
102955
99
168991
99
99
99
6228
99
99
292283
246526
183365
67074
113467
104684
99
99
99
130667
99
99
99
99
29469
99
99
235272
99
209581
99
422973
132242
280805
241440
203547
457603
99
99
24799
376126
125440
154944
335668
99
99
94199
166731
99
148028
99
99
75294
2606
7929
116418
99
99
99
99
26009
99
56966
81160
192036
99
381535
244732
99
8346
99
64956
99
107382
99
99
99
68465
173451
7095
243760
99
99
97
96
99
99
113484
411914
381994
99
254373
200508
99
99
90541
53535
99
99
99
137437
99
44923
99
412833
99
198597
99
99
99
422004
99
99
99
330101
124764
99
99
99
99
99
23329
99
124402
99
65899
99
99
99
99
99
53964
40539
9080
71107
350640
480027
64032
42891
99
299587
99
80108
99
242368
425821
125762
217835
99
99578
279430
152467
13064
99
99
87
99
99
59674
582363
99
130985
99
230389
99
389618
276756
99
99
99
99
99
98
99
97342
113408
124989
99
127245
99
333229
99
99
143361
3950
1677
95241
232456
340074
4089
21234
237609
81076
188480
99
99
303616
113410
33455
376722
31847
86
120725
94
99
99
143370
128358
99
96
99
135730
99
148730
99
99
71818
99
9369
99
186107
99
99
99
96791
99
9246
97
303519
99
99
62006
99
99
17102
99
99
146869
35434
470295
30510
89820
99
592
187924
99
55517
26812
99
99
826
99
99
99
66108
99
99
69796
99
99
99
108948
99
272182
99
393746
357960
143548
196532
99
99
99
89
373144
99
99
156011
44388
99
188953
99
99
43218
99
99
99
9375
488444
99
111012
62308
95665
99
177963
99
99
144969
99
99
343068
110911
99
118547
99
402124
99
99
101695
99
99
77339
99
99
99
99
290367
78030
99
97683
33196
302718
99
99
99
99
266956
45026
99
188783
99
39297
99
99
12993
99
99
27895
99
99
99
129155
220642
41436
99
99
42836
54622
99
86
99
99
99
99
43538
2340
99
99
15539
1591
32559
248890
99
229700
99
99
99
99
4897
99
99
99
99
52935
99
35543
308593
55269
109897
342119
335886
304190
99
99
99
99
99
99
99
99
99
71809
9227
113953
99
99
153736
281937
99
99
270828
99
37686
99
99
107305
99
99
99
99
117570
99
99
99
99
95
99
65236
387961
125842
23045
217171
405017
99
248623
99
99
285149
8243
159033
391176
229571
272645
99
99
38677
458835
77079
283119
38501
478827
99
99
35301
99
313703
4371
328811
198912
99
99
102648
99
99
99
99
609
42904
104514
12283
99
5873
5004
186381
99
99
193345
234816
97
5175
207466
306157
53495
472072
99
99
99
99
99
99
9949
99
99
56742
99
172334
303319
99
287388
157222
192859
99
99
163403
357992
99
91240
24568
41354
44294
26507
23080
103290
43283
99
273455
99
99
99
141463
5176
57471
99
99
99
99
206673
139673
77289
99
99
352691
77453
99
15913
288880
99
99
99
99
99
18836
153904
99
3928
255877
102100
99
224566
99
399725
5454
2347
99
99
90424
99
99
5525
977
61130
91379
99
32767
99
99
24133
43501
99
55217
28408
99
99
213277
23300
255460
21578
22305
111334
99
37853
99
47542
98
353524
99
99
99
24184
144937
48223
99
99
99
370399
99
23098
38562
264701
8339
99
99
1417
5856
57341
55011
27886
99
99
207806
99
505692
115925
119802
99
113094
135214
99
99
97
8276
99
96520
9645
296052
95
33333
167784
140303
225237
99
152757
12464
95
99
365385
99
249852
2255
124331
12890
99
99
99
376220
99
99
99
99
99
128170
196774
99
172892
99
310313
104055
20395
261841
99
99
16049
99
99
99
149463
99
64753
99
99
456662
51800
99
14324
99
7213
495227
118208
99
161858
99
99
129264
99
99
99
99
118437
166953
1204
70643
2071
99
225906
99
476561
99
99
136660
337308
99
99
168518
132349
10681
99
168404
99
357882
99
99
233683
162144
99
99
257962
62048
99
206608
99
99
153262
42026
99
197118
99
99
99
99
56230
358631
151210
99
114062
99
99
99
99
99
99
52772
99
98
35170
99
99
243205
99
75734
99
61834
99
21937
99
134578
310002
272142
99
93984
99
99
15425
99
99
27706
101627
99
24347
231118
99
99
114535
99
99
55231
398835
99
165285
99
99
99
99
99
73206
99
99
40545
4615
99
32406
36452
99
99
120338
509232
99
99
47928
99
165498
409758
99
99
99
11630
287950
99
357450
20530
146829
278985
181141
99
12166
99
99
98
160655
144807
99
22637
93276
99
114319
99
99
99
99
435380
81005
99
99
228099
277037
108031
275694
99
58639
187337
183051
99
99
99
99
163835
99
82029
99
43364
94
99
99
99
218829
140258
99
168756
99
123377
513100
88
99
99
234808
98
99
99
99
22784
99
99
99
9790
99
99
455289
99
277000
99
99
382331
193310
3182
99
22743
84568
99
99
132205
99
99
99
221139
96
99
99
27926
214738
99
99
99
155681
99
31732
23714
99
99
99
99
9735
99
248158
162008
99
11351
10617
1704
99
406445
148222
99
22188
99
99
99
99
99
99
76014
99
99
98
14639
383408
196329
99
99
181850
99
99
241316
258551
99
99
99
17998
313019
99
99
99
99
99
331771
150239
79321
498878
44596
99
99
99
99
99
98973
87222
505104
23168
1445
16881
164485
88
99
53299
343338
99
99
99
346121
541863
70279
99
99
558883
99
58449
64923
99
99
99
99
95
69332
99
101934
426489
54468
99
5011
496131
65029
99
99
99
99
90739
99
134662
99
217743
99
99
69409
99
99
305759
216108
99
111482
503169
86658
99
39485
99
432203
122488
120892
424355
459666
99
180748
305012
99
99
99
6719
193786
1808
99
16600
99
99
99
74464
109157
272376
205822
99
3873
99
99
99
28960
56360
226031
531735
99
99
91527
98
523731
99
74681
99
99
410449
10769
99
99
158116
454391
19299
5122
73831
99
361156
99
446409
200573
177870
99
186120
62537
252627
124161
66392
99
99
99
200147
99
60866
12576
99
99
15477
126861
99
29753
268244
6725
110406
180138
99
15729
106878
119859
169873
99
199974
13734
147436
99
33858
99
131152
99
329468
99
99
29599
98
99
439562
99
21373
418133
99
209393
27833
35390
99
99
79350
99
28956
32352
138784
221443
99
411240
104108
99
99
99
47497
99936
99
99
20741
99
15924
26639
296401
99
99
83812
26746
99
1168
394631
30613
99
99
99
7044
99
99
111074
99
85068
99
99
121561
99
99
10698
346286
99
97
255164
285976
99
99
102053
1125
35642
532445
61717
99
99
24521
99
99
99
203679
63834
29975
176362
99
216966
8023
99
285275
99
49926
37160
99
13162
99
99
31140
99
212382
32911
99
99
99
139289
36607
239100
99
1821
31705
99
99
99
99
99
99
14948
527355
152686
96974
99
339399
99
191633
56846
99
286145
171656
99
99
157963
11091
190554
99
161656
10463
99
99
99
129826
99
99
99
115030
99
329159
104109
105161
99
99
99
99
99
1780
99
462639
99
231929
50247
99
99
99
99
384356
99
99
248310
99
99
167551
294047
18515
99
3674
69023
99
42362
316605
99
99
71449
247014
325239
21514
99
346594
39952
39199
3234
99
248129
9652
137286
2691
45012
81603
99
283144
99
40897
99
99
101787
99
57388
99
99
345515
99
99
99
99
99
176371
402600
99
88
99
357651
99
99
193046
99
99
99
99
129126
99
99
99
99
387551
73209
99
2097
196550
99
104537
143075
99
99
266850
247210
142136
18036
51254
139756
99
99
187822
117105
99
219360
38369
127533
221055
266804
142968
99
99
280160
32684
99
57368
99
99
78678
97
328173
165233
99
99
99
313904
99
99
99
99
107966
202341
231776
222630
99
99
266879
99
485419
161790
5718
27314
92527
285968
99
99
296506
99
99
207627
24146
99
99
99
39070
83230
99
245992
99
96855
99
99
220178
99
99
123072
97
99
98
3620
504852
99
99
244423
272457
164565
26018
147989
249209
98
22610
138
171321
99
63181
44191
193817
99
99
12383
41827
36294
99
99
99
99
99
98
26449
277380
99
465521
99
364450
130319
99
22360
99
99
99
546669
99
155877
319675
99
99
99
17905
191243
99
99
99
41558
99
150569
99
99
31343
99
99
185790
99
139139
13010
270008
99
411128
301252
455860
99
143904
99
24298
82039
99
99
143083
99
99
99
69
89652
99
99
37267
328417
99
311937
279330
180056
80085
99
284661
71945
73245
99
99
99
99
61313
390403
578162
99
99
99
553582
61349
99
131650
98
99
99
99
239651
29782
99
195679
99
99
397701
307568
99
166594
99
13625
259178
289293
249124
133615
99
99
45427
99
87040
99
61102
194728
202756
99
206554
99
32510
99
76779
43910
99
121473
99
117526
241852
128711
99
99
147776
124975
19165
99
99
332610
99
56279
99
99
99
426193
197994
99
99
136884
61773
99
175226
511991
501194
99
37065
39573
73594
99
99
584721
48683
141704
99
87153
99
99
99
99
99
99
99
99
99
3592
102995
130768
99
129463
99
34902
141917
99
382829
99
115476
49925
349556
59456
99
99
17474
99
192846
69204
39539
10460
170437
274038
64900
147250
99
99
191906
99
184183
99
99
99
99
99
99
17102
277194
96632
99
301201
38816
72484
99
68997
139886
99
321620
99
140199
9428
184687
55
99
99
286944
167206
99
145255
99
99
99
99
99
99
99
99
14881
99
99
99
99
99
227664
99
59538
99
99
50208
99
99
45023
204480
99
99
99
99
99
125681
99
536007
40947
99
97
99
39789
36022
29309
233263
99
99
99
99
88768
99
274341
97
118386
99
522664
99
343706
263183
23222
107172
14024
221849
122973
99
255564
99
25544
209281
16569
202833
99
82982
72850
99
99
99
34876
20149
99
99
98
10990
99
101792
77951
349293
377689
99
6273
99
4735
99
116154
11987
304521
99
254559
541096
99
99
99
99
118211
99
99
99
90470
99
56756
99
99
99
218368
274367
99
114488
84060
361548
99
99
98
99
4332
268535
64145
99
99
99
21085
102932
99
99
99
99
99
99
99
128740
99
460468
99
180674
99
99
2450
342145
99
99
1626
99
168521
11883
99
84136
487950
140999
99
81265
89082
99
99
253158
99
99
99
409677
439284
99
99
99
99
99
99
186709
99
99
99
362542
99
99
99
99
279239
99
99
188444
13733
99
326256
57791
24552
13716
99
33486
100301
9721
99
361780
99
99
99
99
49044
152006
334015
300995
99
38450
53987
410641
99
94697
99
58606
99
120150
27681
205083
99
110513
99
99
13232
99
424436
99
99
99
572757
59745
153393
266178
100623
82361
91644
113662
99
44656
99
247741
37895
99
313479
301036
99
99
99
99
6594
73006
99
99
99
99
146651
99
240339
99
99
99
171669
170114
486606
349347
99
99
99
130351
99
99
99
144742
99
99
469012
29912
99
99
99
99
215385
99
99
20357
99
99
99
143380
99
99
99
99
99
76
306590
68077
99
158651
99
99
323652
99
99
99
47067
17937
99
99
2639
99
353479
99
99
6110
99
66310
235031
47402
99
12790
23825
99
27900
5363
404017
247630
99
99
11394
99
254861
99
16409
33895
335485
144470
99
99
99
99
99
99
6561
14603
126079
99
99
78692
59101
367662
99
99
99
79603
99
99
99
166909
99
128165
26889
91600
79590
99
119998
45822
132551
99
52390
83233
99
99
99
99
11958
99
3031
143850
99
84497
99
99
99
13936
99
99
373568
99
54829
64085
7781
5026
99
54728
99
17733
99
99
185999
8361
124036
99
104066
99
99
832
220
52345
99
171003
99
350989
99
99
99
99
99
99
5280
179334
99
408047
34767
70892
99
522534
54500
99
74973
67354
99
99
197999
99
68646
145501
99
99
99
143541
63622
99
29006
99
99
99
240416
99
8699
230062
408859
167583
364546
99
344290
99
99
173031
75137
112
198382
6608
203946
95557
49326
99
71846
99
99
8731
158272
99
145113
115251
99
202682
70152
88782
244
99
99
213795
87771
111600
227858
99
99
3342
18436
99
80484
101483
43799
3706
99
13846
578
99
99
29154
99
99
99
99
99
42388
99
99
155794
99
18752
44121
31987
4481
99
465574
352830
125233
217159
99
98
99
99
99
99
12562
99
99
23921
99
54943
188129
19216
99
99
99
99
99
99
5470
99
128394
311459
99
49323
20782
99
192993
415844
99
99
1515
99
34761
174369
51785
99
99
99
99
99
154225
196967
383559
99
99
115923
27415
66121
99
99
99
390625
99
355566
99
99
99
106246
48415
59450
99
10048
99
99
55802
99
191836
84928
99
195713
2058
98
1798
99
99
99
282100
99
80761
99
297161
99
6797
334496
15321
99
391204
36800
99
99
99
387710
226437
99
171283
24638
99
99
99
118090
136842
99
204142
99
99
273510
99
99
99
334346
33560
99
99
49824
99
99
16101
99
5330
156554
99
99
99
99
99
24062
99
69041
99
279646
453670
99
389548
94009
99
99
110874
99
99
99
99
99
99
199277
99
99
38644
29003
99
67548
97
160903
99
99
218280
265811
99
99
205300
32960
15877
354607
99
99
99
99
99
38719
99
86185
322227
99
99
25840
99
99
511636
251909
468
211284
6760
23801
99
42953
28586
99
99
99
56643
99
198006
99
318538
189117
99
328879
99
9759
11004
98
468083
213947
99
4381
99
99
106810
55222
99
500751
227951
27647
99
32326
99
99
21338
47889
60909
99
89642
189243
323583
12243
99
99
276609
22667
99
188447
320036
283104
99
99
99
461926
8331
2590
232844
142540
177127
99
424818
99
99
108457
99
99
385058
191654
69486
99
59285
41244
99
99
139516
99
99
99
51080
99
99
100424
99
99
99
99
142122
99
226044
99
99
99
98
1810
99
8867
99
99
99
99
99
155322
99
741
22808
85279
140027
245107
99
99
99
99
99
361184
4417
258096
128738
32373
397488
303028
34549
98925
128000
99
99
99
99
97
288951
22473
68794
99
99
71317
159163
109723
98
99
249482
197973
140573
313859
172791
351721
99
99
22231
75796
60884
99
99
99
299584
99
391788
99
23387
11820
99
28022
99
99
176848
219599
861
99
99
99
35118
99
99
99
99
99
99
177246
24966
19032
99
56655
99
298001
99
99
51877
98
3955
99
99
99
99
99
99
85823
99
97
102580
355579
190876
97
30271
9625
99
99
99
103565
122613
99
99
99
98
257244
74382
99
99
269560
99
125936
99
99
159628
231029
100048
253118
99
99
27021
99
128139
99
2285
197335
99
218028
99
47570
102153
99
20942
99
46451
99
32847
250350
99
172382
443697
11005
99
99
99
188235
35729
338345
99
99
99
8079
99
99
97
99
310874
88967
99
99
39770
99
99
99
99
99
523083
6074
99
99
99
99
38628
99
208852
64632
99
553164
176176
196732
99
99
420639
158542
99
24343
191022
609261
187619
99
99
75397
99
3370
72276
250216
99
243890
99
11498
300010
23975
99
74273
492375
99
99
99
99
99
99
85780
99
99
99
17459
99
99530
99
28918
105223
117395
99
546010
99
47670
32727
99
4514
99
99
11137
17935
99
99
99
434814
99
99
99
180945
99
99
216165
97
99
141501
120255
99
175170
99
11742
90207
99
351073
99
99
150336
68837
114432
411821
99
99
16635
370134
10373
379404
99
99
121262
29130
99
99
194343
99
312161
58717
99
97121
251963
99
99
106703
71674
99
184268
99
43622
99
123599
99
29048
99
256
103817
99
63669
99
99
281266
10480
98
99
99
26562
99
532122
99
96
116734
125489
99
149923
99
69379
189588
99
99
99
99
365316
99
99
366508
99
203929
68302
99
99
170190
99
231804
99
6168
99
48011
99
99
175277
99
9018
99
99
339852
10259
56589
99
65583
46991
345628
59225
99
99
82610
39556
107056
82
103961
58501
96613
219813
99
99
283656
142149
99
20571
57364
99
99
217374
99
74916
17982
99
176619
167858
99
62140
125088
99
43239
99
99
97874
99
99
99
42225
99
430597
266031
99
47411
99
99
99
99
99
161520
99
169315
99
99
99
99
113375
351
3345
78709
99
460008
99
377206
78746
99
301996
99
99
118024
311940
99
99
299418
158562
99
433209
155400
79275
3344
99
99
1682
99
99
99
313547
99
99
324806
99
99
98
39546
99
18653
339701
99
456342
99
55252
99
6180
54549
77056
98
120900
99
85
99
99
180354
99
199596
307824
99
99
99
99
218108
99
139105
99
28350
99
92027
393432
262139
63562
22555
99
129101
15241
99
419337
12111
99
107109
19876
99
99
358583
99
155380
99
73964
317742
199044
7780
32158
99
99
99
1044
107794
17067
319043
34348
99
99
99
3839
168390
99
235125
92268
123341
99
99
99
99
99
178503
32963
67828
99
99
99
690
166551
99
176633
274582
403732
99
99
99
363427
99
98766
99
5411
466502
99
99
75171
99
99
99
242997
99
99
99
99
118782
99
123483
167767
160787
99
379281
400438
16081
99
84973
99
284091
203587
102605
99
253928
99
21135
18959
99
107899
138316
99
416864
99
40633
68408
57
104448
99
122105
18002
17880
99
199364
99
247655
281321
99
270051
99
99
99
13454
99
99
99
99
151547
99
99
555008
395190
311334
198694
147944
99
99
128550
99
99
99
25679
99
153400
99
69927
99
99
99
12065
99
99
99
174622
99
99
306734
480322
99
28045
442706
99
128525
48988
67323
99
99
99
28933
249599
28827
109999
99
451193
103687
267020
99
99
99
246043
99
20931
208135
65
244434
316652
36263
63506
99
99
105191
370348
99
99
99
61939
99
99
144520
99
99
99
15476
99
98
99
44229
99
99
482561
95
99
99
149227
99
242508
42707
114514
99
441
99
70807
195634
99
99
303697
99
99
287627
377003
2610
386314
99
99
99
288338
98
21140
15647
262558
47669
99
46139
99
99
129585
253228
99
99
99
99
99
148424
99
99
48184
99
99
212622
369054
99
99
99
99
92556
394231
28496
99
99
17139
223336
58658
170789
274536
118329
99
216041
99
20788
99
99
99
1955
28170
412277
99
15508
319217
99
99
99
99
268620
187941
99
99
99
215697
98
45997
11683
294863
99
53970
157008
99
235810
355262
99
80521
98106
32058
99
99
152380
193364
53103
63870
172172
99
99
211052
99
5262
26232
510575
99
99861
99
99
311224
99
180400
155190
99
99
99
108302
420364
99
598758
6426
47984
99
99
70
99
99
99
134706
99
97
154676
99
99
99
99
97
95499
99
99
99
99
99
323910
130059
99
58987
182541
99
209835
99
99
211031
37261
99
99
141128
64234
99
99
325404
9114
277329
28058
393888
425441
135967
37126
99
99
99
99
99
99
202989
206725
99
99
119713
99
134388
125092
7016
99
25918
461751
99
99
180220
302109
99
117041
409607
155914
118189
12580
120066
83003
99
99
17768
99
99
99
226576
74342
99
387975
195595
99
99
178628
80620
99
231
99
25006
266983
77119
99
99
457915
187018
256286
99
75211
99
99
7278
98984
99
42600
74302
365167
250347
99
99
99
99
99
72683
213551
99
99
99
99
99
99
35251
221471
247815
92808
99
99
99
400143
99
327793
99
99
159369
99
80439
341749
99
492017
99
99
99
18062
43838
346018
99
197399
1855
214237
98
99
99
10239
99
97826
320830
99
99
441221
121777
99
99
99
99
368380
99
35090
475956
259515
241582
99
99
99
99
374252
99
99
99
43036
97
328861
78135
99
141673
287137
245587
495
279121
12416
53881
99
99
140699
117494
105231
99
71119
99
89256
99
97
66530
149583
99
99
99
99
99
99
30842
99
99
99
50676
99
454842
99
160894
99
228021
275924
99
99
99
99
21561
260759
342243
423240
81777
57486
52973
127428
85812
99
99
99
18556
468237
353053
99
29190
98
99
99
99
232902
122069
99
99
79957
266748
91383
427059
417325
99
98
181776
99
34
113177
99
76235
166537
99
99
99
75736
99
34087
7467
99
99
99
99
32806
99
99
99
99
99
99
99
99
449522
338414
316303
272038
99
24099
99
99
310380
99
99
99
49105
98
99
98
99
99
99
336563
105373
129
281721
99
3051
99
76775
99
99
99
32122
99
224826
99
99
10602
99
32823
99
170902
196118
85
5266
99
407740
57019
99
99
235937
502208
432262
243342
99
234042
10010
205761
99
99
229927
138400
196654
99
99
356121
99
99
26204
52819
71492
508145
181940
99
134827
236052
99
99
268504
99
50178
99
30290
99
97
99
99
97732
99
99
1799
569016
99
473994
330841
107123
95
269309
55800
560075
99
481674
99
99
218981
99
99
99
147405
35738
1553
298276
99
99
99
157572
39940
99
99
99
99
83
64296
99
429101
35906
116121
170884
99
220562
99
36559
99
294331
99
99
99
15442
299641
1348
189534
41642
99
39204
99
239294
51392
18706
99
99
99
99
99
99
204080
99
99
99
99
238814
99
206289
99
99
99
529001
99
236938
138597
296
257907
99
35113
98
99
99
99
113542
99
99
116684
99
99
148889
421116
39748
169581
99
99
99
399974
99
99
99
156988
18576
99
238234
11272
105960
133013
122501
50032
99
99
79636
552861
13294
262840
99
99
88903
99
425860
99
99
97
159956
292853
99
57231
30404
518
192152
6602
99
258027
99
27237
209859
99
164278
8046
99
143397
99
99
99
99
440178
97
99
306564
99
155780
114943
99
351708
99
99
63359
16283
99
8165
99
14452
99
99
47939
99
99
99
99
99
99
304360
99
99
98
99
99
111394
33274
206940
169383
99
99
99
213198
99
17636
138215
208804
99
34342
99
65944
53289
99
99
76298
99
99
99
269791
99
77630
237
99
346860
99
99
99
67162
99
98
99
98
99
8221
99
182326
99
99
99
99
38527
144052
254050
66002
464409
99
99
381374
99
455453
99
99
242567
99
99
82902
99
20387
144188
99
83650
124
99
99
42840
130485
99
564817
92119
111565
7919
99
99
103516
99
177362
98
99
90694
99
24124
99
315633
99
99
14488
36053
34914
99
20702
99
99
99
31861
157518
265084
183538
104229
38376
173223
99
99
99
99
91
99
417656
99
99
99
63000
16542
144568
99
23955
186396
99
99
99
26810
153619
36191
66352
102614
99
459578
72079
190981
209327
99
56811
99
160992
99
145260
99
25554
99
268528
99
162392
99
99
421736
13057
99
167612
99
99
7153
99
99
99
99
106628
99
441242
10461
63909
203406
99
138815
99
407032
99
99
55076
99
99
99
99
218500
145633
508450
65530
167965
99
99
99
99
149288
128102
99
99
99
3011
99
463416
99
99
99
340039
241273
245778
99
161249
99
99
99
99
34030
161507
99
9607
21621
262744
99
64253
99
99
99
93070
329127
69
326826
2787
99
286227
99
99
105886
99
99
30536
32716
555217
65472
39693
316166
99
99
99
99
99
99
282410
160511
99
99
99
99
99
99
425536
90162
29726
91668
266107
99
99
99
151184
99
295375
8803
269481
99
170756
113544
99
12818
330097
92587
183213
99
53906
115375
77118
99
353873
99
99
99
47709
25661
1295
94
106394
87091
99
98
99
99
20268
99
139928
52140
21348
99
99
29688
99
131208
229538
99
99
99
102627
99
99
199928
174174
84054
99
99
97
99
272616
23055
99
99
42596
99
119168
99
55001
18549
99
99
315
99
148014
15632
12293
3425
99
89883
99
146853
99
99
99
38030
261977
99
3835
99
99
99
99
339049
83013
98
2686
312588
99
67327
99
204685
99
99
215210
99
127728
99
3476
333899
367760
99
212438
96
99
69789
251976
99
135022
99
519863
155215
393575
99
99
99
110538
15046
99
166426
99
99
97
204301
49737
7926
1934
25355
7898
285768
41851
99
283749
5929
99
99
99
3853
82
188705
99
348268
99
99
99
99
32360
99
99
99
99
134221
99
99
111354
21974
99
423308
219260
141424
99
18575
23
306703
99
229024
72503
349665
99
136488
490322
99
11081
5069
99
98
99
174267
99
99
99
49642
100363
132144
77470
316281
99
157377
354791
125620
99
99
70185
2420
99
99
40982
99
99
15622
122160
99
41378
86192
99
99
99
142267
296448
134831
35228
81124
435168
99
99
99
99
70685
593314
99
38748
192974
99
99
99
98
99
21955
99
159785
99
99
47359
99
99
41296
99
99
180615
364855
99
99
99
99038
174451
99
99
99
99
99
256990
99
138436
26488
97
99
99
143236
99
99
61939
99
208467
410999
99
99
84991
99
99
486164
99
192685
99
199796
99
99
99
179398
99
53659
99
99
99
23979
99
99
99
97
340952
78710
77347
13420
99
99
109617
265967
99
218942
98
99
346191
99
99
328029
99
57090
99
61848
99
99
99
445777
65663
74903
99
99
99
30625
194450
99
94139
1869
238615
99
99
99
481808
99
30443
406612
314268
99
99
99
99
99
211929
99
453233
160376
99
266818
99
26047
239923
99
101870
22074
311911
327617
463297
8299
99
98
96954
99
108255
99
18243
99
99
99
99
164187
596081
99
98
32328
99
71755
99
27697
96851
99
64666
119521
10567
3095
99
187613
99
99
104580
168326
99
152754
14284
71642
99
99
15467
413355
169903
99
120954
99
99
142009
61047
310009
65906
165719
98
178513
126763
375984
136044
38673
99
1574
99
99
402880
101805
219944
6922
95635
87066
99
99
99
99
180433
99
184381
37931
99
517
369539
233987
99
99
377246
99
72345
10547
99
406340
99
138958
26327
177981
87176
99
2017
99
99
476196
34131
73768
24906
99
64843
99
171703
99
99
99
99
99
36238
280240
99
99
115182
99
109030
99
39612
99
441533
168229
99
99
99
177934
245079
19471
43095
263120
99
110861
99
99
32659
33790
99
550194
148918
47572
218387
99
99
99
128125
40707
99
12621
99
235704
99
246834
98
22324
171131
100377
176256
271481
489325
99
48769
99
406197
99
195862
99
98957
273022
99
99
99
557190
99
99
99
239936
10984
99
92459
99
99
99
8225
314632
99
50995
99
172501
191364
69783
99
98
353546
11077
99
99
99
99
99
99
211515
6331
99
99
99
86633
99
99
99
152730
30813
99
99
99
99
98
101547
99
98
99
99
48720
103129
99
75968
193460
99
99
99
99
99
99
446373
62215
158849
99
473613
99
12452
99
99
99
99
235626
104584
99
184651
290119
99
72086
99
274656
70406
99
293909
68158
98
99
83550
140369
238369
318915
127342
99
115536
99
99
1435
99
38113
99
85952
253174
89530
99
113868
99
471130
245259
99
99
425523
17426
99
99
99
99
1130
370459
9109
99
99
77626
97505
354534
9403
54938
99
5990
99
99
436545
99
3481
99
98
99
24173
19932
99
99
256295
91744
99
58222
99
99
99
35923
27755
58877
99
99
515850
17264
4638
99
313866
99
209633
428383
99
99
99
154908
99
519761
99
99
99
172400
99
216552
134462
5866
99
13971
348090
99
99
99
99
99
368145
535252
99
99
99
99
99
235871
99
354606
15014
99
139536
99
99
146294
140380
99
18627
99
88
99
180667
99
40956
309448
47403
242734
99
99
77486
21237
235323
50673
446913
99
292578
99
99
70423
283779
117769
34277
99
99
99
44757
99
255259
99
99
21080
99
37397
99
99
25236
139691
55127
5204
64842
18372
99
99
6903
99
203769
38523
99
42441
99
99
12080
99
99
173837
99
99
99
417933
263603
98
99
40062
99
99
140824
390794
99
7572
89711
310144
98
99
99
10591
99
99
99
99
99
156147
168607
99
28449
99
151585
565208
28899
65718
99
93403
202810
99
99
99
26996
449443
99
404667
3720
157716
202053
326773
99
39572
99
14542
9332
99
203345
158797
99
99
99
17229
99
99
99
99
99
99
99
65265
99
99
99
285891
130885
230913
259739
158035
32159
99
240336
99
196188
128264
114214
60614
169253
99
146856
240843
188421
143021
93
69
99
5328
198278
99
195928
99
99
99
99
99
99
99
99
426931
99
330784
99
99
134954
99
99
99
99
99
99
99
146056
99
97614
202814
480019
10228
87862
128201
99
232062
1508
99
1255
99
177776
99
23740
526857
99
99
99
99
99
99
124691
99
99
99
65338
61195
98937
296029
130181
99
99
99
99
99
99
318538
99
300082
99
99
99
99
99
396117
99
99
167651
99
99
98
352817
526248
6570
99
160713
95416
367071
72717
99
127463
51001
98
99
59805
99
67929
89671
99
99
99
99
212874
93785
99
210545
213863
6362
52977
99
99
36344
66202
99
99
99
99
301481
99
99
99
80698
4301
17380
99
193467
270855
99
99
99
99
99
99
99
376482
99
29903
159945
193892
99
510767
99
99
95
99
136028
98
37626
99
99
387737
99
354653
20892
99
5082
6202
213844
71
11624
397933
99
99
29170
503850
383012
62507
99
99
99
204219
99
99
77360
67110
99
99
99
1839
8556
99
32497
7131
194920
99
209951
2535
83652
25567
99
560959
99
99
99
99
17714
23385
140485
99
115623
216328
99
135750
237532
99
73641
4738
59275
99
99
210634
130082
99
1336
6055
221632
99
172265
99
99
99
2053
99
192480
99
99
99
395887
60302
254501
22402
99
4956
6411
71802
432115
283896
124431
321055
99
332204
99
99
267269
356907
220306
3553
99
99
284157
7849
76901
99
99
99
79394
4187
99
99
99
38666
276734
107332
21221
99
99
196775
38371
173787
58768
65190
99
99
394325
99
99800
9813
32758
99
99
44881
229158
82619
107181
199864
99
184051
99
99
234101
34743
99
376193
188088
99
99
94619
99
455217
99
210530
245855
99
45536
99
99
99
99
477745
15320
99
99
179780
453794
99
94254
169318
100575
54243
17320
8297
99
334797
134747
99
70200
99
116027
28472
18851
99
99
99
2322
82454
120381
43657
138258
99
99
120138
99
69982
99
99
304738
99
99
129107
99
98
97
11778
99
239692
66727
99
99
99
15741
336145
99
73109
99
99
99
370738
99
180
99
57883
285564
99
99
99
20450
64306
99
176241
150464
99
37119
194177
251415
99
75309
99
99
99
99
98
99
151022
297258
97
99
99
96509
156642
99
62372
444804
171139
82990
99
99
99
53950
295610
138394
99
99
99
99
99
30861
130953
99
99
347494
6439
99
248172
99
29012
83227
87543
295210
99
200689
461349
99
99
99
97902
99
25447
99
63861
6642
25736
235592
127171
99
99
99
99
483683
99
99
11754
7697
99
99
99
46683
371514
99
231807
99
99
99
503514
99
99
251019
99
17227
99
98
252016
69
337448
474622
99
14878
107907
99
99
33477
99
99
220103
230800
41665
99
99
5497
99
99
73804
99
133652
90402
99
99
46705
99
48944
99
263991
99
99
99
99
14985
185922
200603
46593
99
17054
99
80947
98
498432
95
99
99
7040
99
327034
99
200762
468364
99
309554
99
99
299033
324728
99
99
25991
47493
5112
99
52408
99
417933
99
99
28523
99
131469
99
99
30717
87104
99
98319
28560
29942
99
99
99
99
883
61643
99
196964
72968
99
333294
354671
95
99
337726
99
99
99
99
99
477397
287493
2124
99
357377
149588
233519
135897
30625
99
99
454927
99
99
341853
249659
17045
99
222346
21024
99
99
32872
284771
99
155121
99
99
65183
557051
228566
150794
99
171786
112584
99
99
99
26465
24194
330468
99
331940
99
99
25461
99
14466
99
80
98937
99
99
145248
99
98
99
99
99
99
139070
99
423207
197003
99
502047
235270
97
214104
99
99
99
6594
98
99
99
99
196676
97585
524749
99
511161
210084
98
99
10997
99056
26071
99
99
99
492679
189810
99
99
99
99
99
45637
99
145079
99
312745
99
99
99
99
17694
13270
99
374791
217060
99
99
49449
97
99
102964
72665
346962
98
46264
221975
251655
99
99
99
73966
99
99
99
228830
99
9567
10409
99
99
151530
296451
14909
99
99
99
99
84411
99
99
99
99
99
99
366094
99
176066
3557
60361
99
99
39612
98
99
150206
118014
24232
98
99
221468
99
253957
28120
65920
35498
121610
263345
490599
99
59691
99
99
10256
99
264770
12138
104030
99
147543
99
182863
99
15084
99
260755
73009
210059
437808
99
65152
99
22257
99
99
1180
288466
99
68742
9266
379389
99
125051
99
99
45573
99
99
318484
99
53109
99
99
99
99
51879
98
133423
99
290737
527789
99
99
99
83
89175
99
6844
181885
60433
421306
106296
171077
243891
99
395
259005
99
118975
99
20952
99
15948
15428
99
99
99
99
99
99
224604
128056
99
99
99
99
78071
99
41586
99
240194
99
99
520014
99
123641
99
99
221487
121772
99
99
99
99
282203
99
99
99
99
99
99
99
99
230289
99
53585
99
99
181989
99
311358
99
99
99
99
205891
99
99
99
495284
143157
99
190264
99
1878
98104
216042
167596
19753
99
99
75697
99
99
95
388479
72718
210365
99
99
76128
99
99
56638
99
99
99727
69798
120878
45298
35270
99
99
99
99
328106
81412
55475
99
336938
99
99
99
436093
97
99
99
266377
142809
251000
99
99
377790
99
49748
18757
99
99
99
99
293684
99
273631
393046
61937
99
16933
99
99
233293
69751
9115
99
300483
145745
99
108967
99
99
233781
99
99
99
99
24066
320
311692
61351
109392
99
101126
99
12417
99
66029
111140
99
99
99
18571
99
117453
98
99
99
160818
99
89699
24986
209813
28881
99
99
5648
99
202364
99
393818
99
98
99
99
98
233637
99
99
99
99
99
126423
7576
37348
99
99
38261
82484
99
99
99
99
110256
98
99
99
99
99
99
323103
105230
239962
97
99
129600
568501
99
93340
99
99
99
19273
99
99
18164
61449
99
7592
99
99
99
50119
68582
228729
99
99
99
245277
26838
99
99
90356
99
99
480623
99
99
99
99
99
99
99
99
49148
33109
99
88204
337683
264943
99
99
42524
99
99
99
5415
99
99
39511
99
99
16854
187158
85720
198356
168056
99
181223
99
3410
4118
334925
99
99
99
99
141778
99
7394
99
330554
99
99
99
246205
99
28401
435875
351129
318587
192427
99
65366
369654
99
147521
99
448131
99
4314
99
99
118125
99
5440
7743
577
99
112087
377573
148486
535309
34174
2309
99
507385
8433
37909
133799
99
99
63
59851
63834
99
99
45587
123136
311961
109895
99
99
99
31272
231403
97
53930
99
99
99
99
1659
15314
213918
99
60481
18727
26275
99
99
99
99
6991
99
