43199
210745
49911
99
99
23675
156151
532924
99
421072
11134
99
99
120946
186686
271711
47311
98
37715
117552
99
23474
28159
292546
229148
945
39498
99
232429
99
99
469313
277775
99
276672
139814
202233
99
353304
99
99
107710
99
99
99
99
99
99
199107
41426
2335
99
99
99
12477
99
99
99
99
83292
139371
99
99
69
99
99
381553
99
484370
100742
99
99
99
99
99
16127
2672
99
99
99
214304
42364
81410
99
99
428417
98
121051
108526
99
124996
99
338377
99
92264
99
99
99
99
99
99
99
99
99
88133
529365
197212
67180
12589
99
99
227225
175942
99
260958
90558
99
30188
99
143738
76831
99
468876
99
99
99
285979
349028
99
119406
99
99
34713
120488
334864
55919
98
99
33857
344573
99
99
99
295735
99
99
70700
118445
99
99
99
99
103886
99
8842
99
99
50425
96
99
260478
261851
99
99
5495
99
99
208814
99
160769
99
24875
27722
217034
183063
99
99
9788
99
296714
121224
99
99
99
13553
168322
99
99
113496
99
99
304315
295713
519550
90502
125501
99
99
99
99
100399
99
99
99
99
99
99
99
111459
99
18890
134062
99
99
99
141927
39592
99
379184
214158
32577
149
99
99
99
99
13047
99
99
99
99
89706
6345
486509
20564
62630
370184
99
5229
99
99
99
31240
169278
82058
229606
99
153143
27844
3027
54571
99
99
245775
209845
192481
6967
99
99
99
3029
3630
20943
60232
220599
89564
71946
66525
99
99
50846
263764
99
99
99
99
13317
254841
99
335578
37114
99
158499
99
99
136417
80935
99
111241
99
296091
99
99
99
99
90892
99
99
1731
76681
201706
99
210637
220642
99
185586
255059
373795
99
99
57281
99
38374
99
162502
205794
221792
99
48625
99
4434
98
99
99
99
10729
83951
332830
99
94662
99
91995
35465
66801
99
99
99
99
87
37641
99
99
67445
99
99
99
99
26684
91390
153630
340
108657
20359
223408
99
98
99
99
152750
99
99
99
224677
99
52383
99
99
460855
116802
99
239749
99
169562
99
99
312966
99
145299
99
99
99
99
8747
99
99
275527
99
99
99
20327
99
98500
99
99
99
99
1669
595846
13106
92760
165760
99
208497
160460
99
371526
74112
99
99
99
136101
110665
89800
99
99
167889
175373
148924
99
7360
99
99
99
337535
99
93276
43680
99
114905
99
261300
400015
89282
75510
99
99
99
99
99
263593
99
30754
8762
99
73923
30130
99
101860
282122
235629
427891
99
99
245833
99
99
279257
99
99
413612
99
3046
99
78343
120328
99
99
27020
99
99
126721
99
56383
99
99
559604
14682
378441
99
306664
99
6045
99
94
545949
42373
309348
23097
91580
99
230433
119469
26073
99
432734
272507
106644
99
22547
99
94665
281108
22213
99
66867
160708
99
96819
99
99
99
49013
99
265290
99
16088
36379
104800
212745
399107
99
99
99
200923
99
167664
54994
246286
90312
26524
99
20604
99
548908
207370
8976
99
99
11394
99
271763
61151
193650
302739
99
82938
126274
99
275
99
99
99
113372
99
99
99
460395
99
99
196992
431817
483376
99
99
99
99
99
129165
99
99
10219
99
99
48769
262034
99
86668
99
99
99
69703
119391
383501
99
263492
99
99
405812
43154
99
98
99
49302
99
65144
99
289676
99
99
99
497272
99
37840
136896
155064
99
101518
99
421222
99
99
114231
99
99
99
90184
164180
17256
517322
99
99
99
588247
99
254143
267393
78013
8561
99
368770
52596
94
99
552809
99
99
99
99
62888
99
99
83658
40093
38072
4612
360704
539135
24907
15718
99
99
99
3020
99
98
259772
99
99
99
162707
2684
99
99
99
99
99
99
48604
215568
99
351556
268222
98
99
99
99
39597
99
336432
58697
182938
99
88038
99
99
106430
24779
99
109389
357470
178099
99
156619
74303
85569
99
98
99
165089
99
394317
406033
487553
173769
236534
99
27575
243025
99
99
509691
29919
461919
99
48413
27554
99
240865
99
99
99
90
14196
99
99
182322
99
99
345857
99
47516
108041
14877
10893
373040
99
11520
125133
99
270602
99
278117
99
99
99
267781
99
240766
20144
99
17587
121883
99
242737
341209
99
99
92648
51819
99
99
99
146256
99
99
99
99
541105
99
17775
9925
25242
99
99
99
99
249403
99
99
449005
99
295030
99
99
57699
99
131362
4800
99
70903
275285
109836
99
158004
99
99
104213
99
294325
317906
99
99
28892
99
99
99
99
87180
125801
139181
161219
99
98
22754
99
99
99
411126
99
53219
282351
62659
16964
99
12088
395002
94119
146019
28071
105037
99
305358
99
99
367693
64351
99
307808
99
99
15515
170976
99
99
26040
157985
535072
87043
26218
189467
157861
99
99
99
99
141826
52613
99
99
55796
99
99
99
99
98
99
369301
40496
152242
99
142680
353253
99
232096
99
99
5281
99
94165
106809
99
99
99
99
99
99
99
99
99
49554
418995
63473
125114
31530
99
360294
28312
1017
99
4223
99
99
387687
36574
75589
99
72723
225437
29581
361470
99
99
455942
99
99
2531
30850
41725
1071
97
62320
99
203742
99
80775
281157
221853
99
99
99
14069
99
132490
61848
143609
99
99
99
99
91888
61249
477058
68405
456041
99
289537
341226
99
286839
99
147849
250810
35568
99
7877
99
18148
207834
99
1395
99
179830
139821
28930
99
94
99
99
99
99
88370
131760
12307
27203
3693
99
363343
347383
181362
26806
100200
99
99
229096
109509
54607
18463
80317
8870
79200
99
14726
567294
99
130267
13940
439032
99
442223
98
2850
99
106675
56860
374574
99
99
99
158441
14655
99
285393
99
22329
231712
206327
64897
226995
208845
94
127315
99
99
64501
89436
99
99
14994
62737
8759
350003
301159
99
414504
50408
99
99
99
146787
227226
99
82262
285453
40032
244142
12702
5657
86492
99
99
99
119570
99
99
99
99
99
323824
27790
99
99
98
435275
99
98321
99
99
110122
97
99
99
73565
168329
98
18554
99
135111
135243
142869
402725
59918
331309
158158
111322
89792
125051
93358
99
99
76653
99
4707
99
99
291006
98
370775
198549
4796
99
99
99
99
99
99
99
52959
99
99
72851
50159
99
64302
118290
79481
521341
165290
99
98
1955
99
99
361449
447485
222554
398214
99
174236
99
99
82619
99
99
44514
50827
99
99
104912
177370
135133
99
122893
99
85223
99
18132
98
31734
99
99
98
99
311754
99
99
335700
99
99
93
64769
99
99
99
99
126323
272262
99
5356
446209
198479
99
98773
99
86982
219603
88485
99
316082
99
99
99
22749
523383
24924
435565
393177
99
18678
99
99
99
243173
99
99
333105
229226
99
4132
59709
201760
99
80999
99
33844
99
49956
99
99
201065
99
99
99
99
99
99
98
166776
99
6432
418431
35826
252363
99
99
99
243841
99
99
99
99
146213
485079
99
99
99
28868
5856
205743
437477
99
99
310311
164044
99
90828
101530
75416
65417
398919
23696
153087
99
99
99
99
99
113585
91721
99
19837
99
99
99
99
99
315871
99
7695
190903
99
165975
99
99
205944
18574
99
99
400337
45825
99
99
355638
169
99
99
65201
99
99
147632
86326
99
99
257412
310893
99
94
40791
7181
197865
99
99
20338
99
9650
1896
99
240493
99
99
99
4820
99
9439
99
506657
99
99
142206
99
99
99
97890
99
99
32261
199151
42565
99
99
99
99
99
25701
35639
99
53580
603436
99
36359
99
99
99
108312
99
99
99
6610
99
99
6835
99
99
99
29515
99
368513
459322
99
99
281217
99
311139
53471
537864
172499
99
391929
99
51751
99
23222
29525
237721
99
165765
443490
94
237753
99
99
99
99
99
210307
46350
148662
99
277203
99
97
403363
37015
73949
99
442880
12171
19274
26009
99
414
99
99
200765
99
244106
99
204799
233649
32895
99
124598
43963
99
570
94294
21888
86709
99
333712
99
99
99
31092
64192
99
150387
99
91918
99
717
127227
147096
48603
99
99
99
118881
70070
99
99
99
99
99
99
99
581166
151497
243461
41230
99
124972
99
443491
99
92
99
99
99
321918
120884
99
99
99
82638
59412
99
99
36473
7996
55025
491129
213963
99
26769
99
112644
170392
50625
92
243914
99
202646
337678
128443
99
99
12523
99
99
99
107727
99
471314
121338
99
99
69952
73114
184867
160117
36124
99
232298
118525
328600
99
430377
215548
99
287618
71637
99
18913
99
162186
99
99
287026
99
97
394236
218406
99
22768
99
162353
1436
99
99
46382
99
244263
99
89658
77904
99
99
149193
16446
99
103618
157440
66534
77945
99
46497
163821
142958
140443
31765
99
117093
99
7847
8254
99
476115
99
131390
99
99
559095
99
99
364196
99
99
114717
98282
99
99
99
104134
99
99
1876
78546
99
99
103210
113395
128712
247916
99
99
393104
64103
99
236550
99
99
99
99
99
99
99
11334
266247
39963
99
341300
99
99
99
2961
99
99
69152
197780
388240
99
31810
186960
99
41571
135373
313625
99
90
319623
99
118358
459153
285933
99
99
80
112014
99
9386
99
165133
76873
99
99
99
116224
80403
19852
283091
99
99
99
99
99
99
99
514342
69754
52389
90531
125206
99
98
211667
99
93
99
386220
92250
99
99
140522
98
99
99
99
182040
99
99
99
99
274925
141702
33352
99
99
99
99
60437
99
166544
99
99
99
86800
98
99
2225
99
99
99
392289
547638
68680
61363
99
104778
422017
74659
89936
475647
235982
170983
37711
284815
201164
99
77088
99
99
99
99
265450
99
62472
99
99
99
121566
99
99
199119
99
460334
84291
99
99
99
189063
9434
99
201893
394002
3562
99
167620
99
82552
14325
99
99
99
31537
378071
99
99
213286
99
99
99
68
9521
99
376533
99
99
288933
99
114069
200838
99
99
99
35929
99
349350
99
99
203527
9065
280698
99
99
99
328604
157583
99
317654
99
527788
145517
321636
99
99
99
71435
99
78034
99
99
145985
3765
99
99
114145
99
331296
39094
74133
100279
58177
172208
99
99
99
89844
99
98
290920
15593
60880
314316
332220
219411
99
99
99
112050
99
99
99
278641
840
12484
110854
99
99
99
99
99
182428
34972
99
85566
99
99
98
99
314999
59893
99
150936
147534
99
99
328886
124966
41639
99
99
99
149677
99
99
13331
99
463294
112259
379002
14025
85616
99
580082
99
5157
99
280721
164121
88
18945
99
22120
99
522330
103772
353862
309040
99
99
18214
50682
18995
99
99
169163
99
97
99
99
99
251604
99
99
99
99
99
65908
136790
99
188330
99
99
99
10674
99
40209
286400
296233
99
93136
99
3152
99
99
447815
99
99
28993
6652
11899
99
75015
99
99
99
60
97
99
99
75030
110782
99
99
99
99
99
99
98
99
14860
327559
22145
99
99
99
438014
93
99
72085
232702
218888
490972
99
246599
2670
99
99
115831
67725
99
99
184619
99
99
47255
17562
26971
99
99
113403
99
2227
71267
93830
32891
99
470266
73338
99
99
99
273749
47533
185486
99
99
320669
99
99
51007
99
18819
93291
165878
851
99
99
99
99
99
99
235985
474568
99
99
99
99
326708
107544
99
99
99
258499
99
99
356323
99
99
99
322343
99
99
355617
99
297024
99
99
99
31891
131835
99
434372
99
99
219798
51977
390104
220385
64420
493656
347976
99
353110
99
99
200638
99
99
99
99
99
3281
99
99
99
169524
296086
57201
338656
460802
99
99
439960
56625
22267
99
99
280188
99
99
242400
99
4216
99
48657
12990
22286
21015
99
99
59430
159916
105146
99
53448
117284
99
99
99
99
13354
99
160811
99
12228
99
99
472423
238881
99
97
6567
8086
99
307109
99
336348
451737
93195
99
99
99
99
99
99
171509
99
99
30234
39764
99
99
99
2899
99
99
99
33364
99
99
378178
18487
155100
99
99
87162
144210
99
99
36752
99
25767
99
99
334860
99
99
99
289048
6883
99
14467
99
10391
122500
103051
53529
19410
99
98
99
99
289358
73980
99
121083
4570
99
77325
98
18927
325854
219684
99
99
99
381379
43453
62806
99
494154
99
99
99
14724
170395
99
99
533316
99
99
99
99
99
19291
99
99
99
99
99
44041
316898
110285
58140
99
112382
330402
71194
99
99
71399
99
99
99
99
126711
117341
99
15453
41058
329779
122296
91200
289464
99
99
99
99
239869
173442
42427
131794
99
38649
99
408910
3362
147583
99
99
3241
191602
99
31156
371816
64560
99
25509
30223
99
137354
199696
99
136255
99
99
251225
135686
99
99
99
99
21742
5871
99
99
335070
118162
99
329195
99
328374
90901
99
99
99
99
99
68009
99
99
97
99
110764
245896
99
99
381869
99
99
171990
99
5428
7542
99
19395
99
99
24585
11930
10375
99
214124
99
20130
24716
5225
162812
45586
99
59448
99
1457
99
200299
99
99
97
171834
99
330270
147805
45442
23566
39092
168121
182756
121359
233
256771
107663
99
99
99
74963
99
167095
100820
99
99
99
233575
99
99
99
99
474136
88589
99
10690
99
204004
99
14157
132381
98348
314562
109019
36945
16041
99
99
99
99
99
99
99
99
343111
99
99
99
69420
99
99
219756
90501
94890
99
124673
223154
99
99
99
99
201200
99
308923
99
10507
18420
24803
99
99
99
375576
99
4945
99
1901
99
99
99
99
99
99
135580
6944
98
163177
26446
96198
114875
857
99
105993
99
514002
161201
465372
99
225726
89151
55846
408222
54683
52765
360870
255769
527414
99
99
99
72800
65331
99
99
99
149734
99
10417
72686
44628
99
99
99
93511
267366
98
10685
41674
99
99
135360
99
99
99
99
126394
99
99
99
99
202549
172123
250682
385582
11918
99
246683
31992
99
99
99
99
99
99
99
36255
47465
298379
99
48519
99
274290
40639
99
99
202208
15836
99
30843
313449
187960
99
99
99
98
39093
166893
158821
228183
99
62351
89689
113844
99
99
99
22782
99
99
99
99
99
12314
99
138985
99
99
43269
183890
66667
99
99
99
99
99
99
99
21352
151963
234064
99
99
233388
99
76108
288338
70156
99
99
99
7432
140448
99
99
118323
99
99
98
391043
383839
78549
99
99
99
99
99
88272
174895
71570
99
99
64219
45636
99
64841
56281
99
99
99
378254
20958
99
72576
99
99
148942
66382
99
99
99
31634
84392
99
15689
278558
452060
99
109029
95
436125
98103
99
99
99
99
525089
12671
99
99
99
286228
22352
2807
99
169356
147057
99
40269
99
99
99
99
99
99
99
99
97
99
99
99
99
99
99
156119
2778
99
41220
181660
99
31762
99
93416
99
99
99
99
430771
73437
22602
99
356618
10590
73305
99
91567
293540
263491
119262
99
99
46801
99
99
12232
99
99
99
99
112178
99
99
99
99
99
440037
99
43639
99
99
106499
99
99
200330
99
99
43616
516369
30397
99
240151
99
432082
99
99
99
27518
52498
99
234154
2716
99
99
455147
325033
99
99
98
99
206940
99
99
99881
438152
99
99
99
65588
95263
97531
23602
157662
99
159
99
99
99
99
85172
99
99
99
99
266406
99
99
474980
206557
53885
99
99
99
458404
99
99
99
99
99
85272
99
27212
342043
99
99
44428
99
99
108443
99
99
99
99
99
99
99
1469
540473
121170
99
8507
258388
99
99
67461
99
266127
422385
254565
99
94
306484
94
99
144500
99
99
72123
119670
65203
99
99
293246
213343
99
99
99
148364
165247
515480
99
99
164084
38453
99
168050
332950
99
458312
99
99
99
99
13965
99
220459
99
99
99
451183
132126
266485
12703
471918
73159
171360
348300
8928
32566
99
99
99
99
99
248370
99
93311
99
99
440559
99
34471
99
101613
68570
99
141381
33590
13397
45611
99
99
90
473750
99
71035
257270
200078
237008
140255
293271
12740
159908
99
13765
99
99
5539
228435
533241
81487
99
75351
47365
131585
99
21445
108425
199073
22621
59170
264946
99
99
325395
103082
99
277674
99
99
204830
168174
99
10580
4985
99
99
99
99
99
99
99
99
382356
99
290557
99
15539
34145
99
99
99
105765
99
143368
16613
99
99
99
35771
99
66301
99
19233
99
99
99
99
293255
10169
99
342459
99
99
73813
286698
269286
99
212
99
99
148286
99
99
20405
57009
99
99
145687
51852
99
99
65139
175243
11264
99
350359
139742
166715
157057
335298
99
99
441869
99
99
99
99
3498
35880
99
312170
99
47659
1316
81570
167062
99
99
99
99
99
182696
99
99
184125
47316
43817
99
85959
73976
23727
4555
31758
121441
99
657
82983
99
244922
333814
99
201345
506812
99
535067
99
49027
283904
99
83291
152332
42869
30649
99
99
99
99
220988
99
492301
99
195124
99
99
105075
308295
99
99
99
144872
99
99
99
99
201325
323095
99
16203
123837
327021
55387
114132
114038
99
205555
99
354527
99
180416
200166
34022
99
48245
100350
99
33551
98
99
99
99
99
99
99
99
226804
99
98004
99
39185
99
99
23399
449051
99
99
19933
99
402148
57567
390167
222549
99
22479
99
168073
156688
341963
122882
99
99
99
81839
99
239741
99
99
14488
99
83038
99
43458
99
414652
99
39433
163846
123529
44940
99
97331
99
99
265856
99
99
122602
99
99
99
99
99
99
99
1970
99
99
99
69539
99
438716
65820
99
99
99
21009
488040
99
506247
210825
99
99
43537
99
31581
329976
21720
99
99
99
113194
10258
99
264340
99
99
13835
99
8436
6523
161433
99
129380
552933
116540
99
99
110731
99
296904
99
94
29914
20049
232551
99
55313
299179
99
164220
23675
99
99
99
99
99
99
4997
99
99
99
17403
99
99
271509
99
111962
99
81047
205459
72938
99
131148
99
354283
99
109847
2800
123706
55072
99
76907
109002
84666
99
399108
389158
99
99
99
278287
411478
278796
63522
99
99
41870
2679
78265
86714
69620
257377
99
125842
202095
99
209120
2777
99
99
333598
159756
216258
99
99
99
99
99
99
296956
99
45122
99
99
99
104095
99
99
386531
199807
151788
99
320879
38497
99
12417
99
99
568868
73
99
62599
99
99
99
370219
99
99
335990
99
3755
99
381557
99
176429
34500
224024
195364
164787
132137
99
99
56818
354807
4526
99
99
99
23926
218088
99
12156
99
112334
24567
165579
78503
99
99
174092
82526
99
407156
609
99
99
83850
99
99
99
70548
423265
99
99
99
99
99
99
87884
176007
99
72510
99
95186
99
90768
99
99
99
40860
99
99
128099
99
349007
96725
82154
275101
99
99
269376
218775
99
99
92
99
99
99
99
99
99
42321
15211
53857
193466
99
99
23817
99
99
73057
99
99
31878
381
99
99
99
240596
99
6471
99
99
99
99
99
20837
482852
298983
99
77930
187995
22518
10270
61917
269077
99
108883
145369
99
66124
99
99
99
99
31930
235961
65
99
99
99
17273
10454
4451
99
99
4996
530610
207892
99
68785
99
102605
23717
99
99
99
99
207900
99
99
99
2133
99
138622
99
56441
99
99
72672
99
99
189493
58754
78287
228754
431544
99
99
146605
78567
99
99
99
45539
99
99
7085
456331
99
176142
265301
450571
99
523738
106195
267236
99
99
99
99
31568
99
99
80571
99
99
99
310468
124198
217968
99
56845
52945
99
99
17904
188800
99
99
390361
134408
100649
269878
134410
2034
99
99
287
172269
230013
479
99
99
14407
7066
439085
99
34204
205187
99
315475
62322
99
99
99
167159
44580
99
100839
67165
99
5604
251299
99
27591
44248
99
119229
57028
53328
99
99
75158
99
209029
99
99
99
57981
474989
114389
319007
130800
99
111684
92860
99
99
68357
133630
31964
13914
99
99
99
33000
99
149181
454534
99
99
36588
11904
2448
99
263607
99
411969
99
99
12601
52496
99
172740
328411
35413
99
99
169357
99
99
356068
267640
347857
99
60989
99
99
72760
155928
147321
44099
99
276300
234602
99
71122
99
73014
99
172289
458218
99
99
99
99
2389
186563
99
99
311395
357406
467706
99
16132
99
20215
388820
422475
99
99
99
493182
99
99
99
194896
97
538624
256764
99
23858
99
438203
172513
202129
99
99
99
99
176649
132807
281669
99
9085
339085
4
99
90776
99
99
99
99
197735
99
265604
394748
126690
93705
99
329756
6781
99
99
361709
87706
99
99
123331
99
99
99
294090
99
40680
245233
9650
225071
153524
99
384158
11539
99
99
99
194845
99
17449
99
230218
99
279915
169374
78767
19469
349097
99
99
31828
8970
23716
99
99
284142
462556
128886
471101
99
164603
99
218465
99
99
325738
99
33066
99
99
99
99
5694
1989
99
22599
99
99
99
254815
99
42876
99
99
99
99
232969
292697
99
138429
187834
99
99
170328
99
99
99
330441
99
27062
99
99
99
99
99
95044
205001
101302
99
408516
99
99
107295
99
99
99
293763
26356
18908
22804
99
99
2925
99
99
99
99
99
198668
99
99
178611
99
99
99
131966
99
44205
175814
179063
99
99
83747
45222
15482
99
21161
190181
255505
99
99
99
65727
286276
405955
99
99
99
17815
68117
99
283668
99
99
99
22561
99
99
99
99
99
224520
99
99
239876
49097
105138
22144
99
463012
975
47102
99
178366
31126
99
336112
99
127291
80163
367176
99
99
8303
529346
123533
97
99
51848
99
99
99
99
94
98
74979
99
48019
99
36081
99
99
19539
275511
247151
99
76967
109495
99
176375
223946
99
99
99
234697
99
99
99
110965
99
99
197226
78180
99
99
188011
99
99
243951
10781
133301
99
99
224848
194716
99
96
99
99
99
119559
382661
12572
99
457845
79092
99
128072
99
99
72997
186959
99
99
99
99
152821
99
9263
99
99
99
99
99
99
417135
99
28410
9314
14383
98
10124
252106
43937
95
18647
57400
99
11964
34459
145821
110885
98
99
99
46218
10364
99
99
99
99
13294
99
54542
99
118463
99
75797
13410
89824
392483
99
129319
133015
21474
59418
349435
99
378456
99
26947
348350
99
11970
98
99
99
47167
196119
62658
99
99
99
99
99
99
12168
166550
185842
500729
99
99
26345
24854
110533
99
506763
61922
151203
298317
196748
82835
177537
502261
99
99
99
308228
99
99
99
99
99
99
99
27111
99
99
78142
43648
99
99
33736
99
180375
99
99
51907
234040
99
94
99
99
99
99
19269
99
535537
97508
117894
113545
99
371174
99
99
99
99
120900
99
99
99
13271
31546
91580
224386
99
98
424122
99
58232
560058
99
99
99
23459
99
142026
453267
39185
99
99
99
250904
38421
540929
419461
353613
292091
32089
34557
295071
99
203389
55967
239035
5568
64704
110179
99
99
22495
99
396773
99
93419
320781
99
99
99
24414
99
206542
99
76214
99
99
460345
121239
1369
46
99
99
284080
108273
466617
29920
99
99
99
99
99
98
99
279281
11344
74873
99
99
99
99
149783
99
338218
264184
17385
99
49874
99
99
28025
161286
99
99
34680
10865
99
99
61110
200379
99
38208
99
24958
99
373828
242489
19633
56475
250962
76001
49054
56517
32532
99
99
99
381281
6442
227835
309432
304833
13340
99
99
111350
99
109287
99
177904
99
99
449999
99
90
29360
99
99
99
17390
99
99
99
214342
99
42582
19245
99
99
99
99
99
99
50439
6652
99
80793
6987
77402
99
99
99
99
99
99
99
98
300451
99
124825
46275
342787
99
99
99
259672
99
99
179235
99
99
99
167327
99
98
99
277695
356401
53205
99
13023
100260
9088
99
46840
465801
64362
304314
138362
287978
99
99
99
99
99
324411
99
99
99
207240
68823
99
99
99
99
99
99
99
50419
12772
200707
98
99
400094
23746
59114
99
99
99
99
99
99
855
94809
154640
276257
99
7964
115311
99
2548
99
99
99
99
99
99
99
13629
62583
99
99
99
270575
99
99
55378
240839
3666
99
5916
99
295898
99
99
99
236598
99
99
358586
99
26876
202325
412709
99
95
745
497474
65680
99
294313
356893
486370
111923
99
29799
16874
32981
99
428871
335031
455003
99
99
384252
246813
418287
99
98
99
99
224330
99
99
40350
99
83311
99
99
99
99
196352
164567
99
5776
99
132703
99
43245
323201
81541
99
42235
99
99
208707
365979
99
269151
99
99
99
99
32275
99
99
356792
99
294969
211344
178456
6871
99
99
20778
99
99
99
99
99
257428
99
79767
99
160052
278222
362216
99
99
128976
99
99
98
99
99
442385
236716
99
190038
98
33088
99
35526
41854
99
112070
127696
99
99
43686
99
466770
71280
296932
124113
99
117810
268581
1556
99
173087
99
66342
99
99
406314
99
370426
71678
145190
7419
99
99
99
99
48215
99
99
3909
237161
99
99
723
84521
99
99
99
4247
119082
99
99
99
284551
99
99
99
71795
99
25033
99
99
99
20367
4316
282507
99
98824
99
99
99
99
378627
65767
280098
131172
99
43046
51759
99
329319
48676
99
242430
65902
98
17698
99
99
99
99
99
153249
99
99
99
99
99
99
99
99
249222
10749
222082
100766
99
99
21286
99
99
99
123073
133772
94591
5243
61577
99
99
366702
209451
99
37659
77926
9241
108355
60064
99
321663
99
99
186894
99
99
44459
99
99
99
228366
99
19354
498802
398473
132525
99
1258
350249
99
108476
99
99
82501
90
15556
80007
99
99
99
9958
217506
99
59147
99
296057
259067
120160
74015
99
199610
177504
99
23994
99
99
99
99
10633
18948
6165
99
97
99
99
247946
20740
99
99
99
192903
99
430713
97802
99
99
99
171557
78059
99
99
303583
189591
99
99
99
2965
99
64830
247460
68944
93283
489506
99
99
98
99
247754
414036
99
95852
99
264986
99
306313
99
25813
99
99
98
139753
99
63376
95602
128138
99
22388
15151
99
99
99
15325
99
99
99
57815
30997
81951
99
507
99
212504
268709
101684
86873
238490
95
309072
99
94433
99
99
40534
99
470682
99
99
313144
99
162456
99
99
99
369183
304632
23367
99
99
106225
99
99
99
74558
191318
20318
80175
97
99
99
132245
99
122458
147989
190
99
99
97253
80946
28325
99
50508
99
99
99
96529
455465
99
216751
21805
99
99
8355
99
97
99
99
97892
99
188329
8517
32107
330424
99
334289
99
122009
99924
111064
99
211610
278761
99
18117
99
475666
138847
99
99
99
13882
424038
99
99
184564
99
99
89968
99
99
98882
203070
115247
11801
358035
117413
99
99
210620
99
99
141252
99
41816
99
89035
4527
17202
120773
99
98
223072
298934
382884
99
27099
261500
397416
99
207013
99
99
99
99
99
99
99
312728
99
249818
99
196993
97149
49049
99
99
99
99
450157
99
99
28603
99
60006
99
246159
76799
98
251544
119921
2671
97429
30504
97477
99
99
99
99
44097
178467
99
99
15639
99
99
99
99
99
99
842
263459
99
99
293066
34114
99
377109
98
99
99
98
257581
99
132774
38847
99
83010
99
96
145998
85147
99
418975
149436
16453
99
99
18218
75938
68389
99
99
99
41236
2449
99
126592
99
104939
105548
66026
98
99
99
163846
99
123681
110020
99
182088
99
99
8941
99
106069
99
99
496071
99
99
64476
167515
27935
97117
99
99
99
99
99
26801
293135
61299
99
99
141608
148577
35437
201810
99
99
100815
99785
99
58334
286470
99
306480
89013
99
99
99
99
99
99
7404
91426
99
292206
99
98
99
99
22157
31858
99
46641
195580
99
117117
99
84907
99
99
99
99
99
99
288137
99
99
11621
399721
81511
57144
140063
99
84082
145562
99
246186
4527
133260
261903
99
99
99
99
366090
474984
142167
105805
99
99
71994
98
201626
99
30160
51347
99
99
325987
111533
266524
99
99
451161
99
99
99088
150095
99
111894
99
8911
99
99
99
157909
99
99
99
99
99
99
99
99
127438
99
99
99
4967
56106
73484
99
99
358960
99
105873
28913
283798
328550
155197
64589
98
244486
210658
29693
99
99
99
99
99
99
99
64969
99
99
23995
99
372630
358909
99
99
185602
99
223265
99
99
99
99
99
99
99
310270
136938
99
99
265143
57287
98
144415
15121
221437
44803
99
98839
99
99
99
42316
65159
138139
98
99
99
298951
99
11201
24677
99
99
97
88345
221909
99
99
355350
99
18611
99
99
153636
535235
99
36427
4286
291453
99
99
43677
99
99
99
12419
18702
99
302453
99
144057
552062
64222
99
314460
98
6927
174577
99
99
14653
99
99
233588
93
22182
12874
432565
99
99
20107
99
59391
55885
99
99
99
49312
103142
99
99
99
99
249885
87463
192086
32272
175146
51997
99
32949
76894
116852
68583
26724
99
95498
99
99
105762
99
56020
99
99
130886
99
43755
99
99
99
149958
99
114220
18578
86359
99
99
99
99
99
99
130777
80552
284194
99
99
1578
52614
99
99
99
99
99
99
99
132474
35183
99
47684
99
172650
99
99
251107
135169
276532
212328
23064
487629
73728
35434
163571
343587
128040
99
5807
42095
99
101218
99
24744
52858
277435
328742
358865
99
146856
163355
244837
99
99
204457
30719
98
99
128616
75
121330
99
1047
99
14513
50451
99
279130
184342
13570
99
150555
305457
240788
99
99
208993
99
22964
109855
183472
61931
141827
99
99
9580
432047
243803
331508
99
99
45916
99
99
99
99
99
512580
57311
99
140415
99
99
99
142088
240511
118112
143238
59766
99
99
201329
8426
52102
99
370510
376046
99
51105
99
53150
99
99
99
99
111317
71588
99
36948
106630
198606
99
412209
36406
99
16183
99
269916
99
195004
99
99
99
99
254429
99
99
99
147571
99
61264
132698
64869
254637
74374
66333
282015
75673
99
45852
99
80556
75407
99
227
42991
99
99
255345
32966
246277
171343
98
99
99
239824
37810
197146
433790
99
99
145515
99
137528
99
99
309766
214
99
99
99
99
135173
28602
99
101986
269349
99
84133
97
143922
99
169097
98
99
8943
14526
99
99
75798
99
408513
99
99
99
63629
53838
145442
39077
223
5740
99
16682
8741
43050
40362
420632
77723
99
372458
17771
97463
17301
99
99
99
99
25661
99
99
99
187833
99
99
165039
99
99
99
99
99
260884
102296
99
99
99
10896
5399
99
99
10157
177004
99
99
148066
313511
86458
72643
99
317
99
29202
1104
29731
334370
99
3413
39737
99
98
289741
190450
386381
99
99
455131
99
13495
24511
99
194044
3067
99
32954
51203
99
396700
551288
99
84097
99
46986
172109
539383
99
99
98567
99
99
99
99
582730
99
22178
99
17565
99
99
398504
99
99
99
23513
99
204096
7057
331223
54470
99
99
146362
99
124545
99
251139
99
99
200353
99
99
33264
99
247650
99
110668
127171
99
29135
99
57539
267296
22090
99
41972
99
118906
99
99
104881
93835
99
53181
29240
161825
99
99
104919
99
559847
137125
99
87629
53046
99
97
208827
99
19538
515666
308271
99
115003
180921
56803
25803
99
99
99
100521
227751
99
48391
146140
201119
43811
99
88505
89870
99
4267
9804
20248
132367
452799
98
28483
99
274558
99
99
35924
48434
99
99
212061
211137
8565
99
99
99
99
4995
99
99
99
99
99
99
99
99
99
99
162298
99
99
99
230228
108945
378850
59867
99
99
99
267939
99
11012
99
99
99
99
14587
181466
99
48032
99
252677
99
49057
99
99
99
99
99
99
99
75730
279939
49769
99
99
99
98
45065
99
73506
302086
118649
99
188612
99
99
73454
99
99
281899
440615
21419
99
99
64928
8889
99
428104
20110
99
242030
449270
176689
99
66451
99
99
50211
99
11488
285416
99
99
99
99
226533
99
99
99
99
99
99
135598
72714
368250
99
99470
99
109762
99
99
32101
69865
99
1374
37
99
99
5768
99
127451
305373
29442
99
99
99
97
100167
211792
99
99
458884
99
99
99
99
99
99
99
99
97
99
78470
137815
99
99
99
99
4852
184327
40594
99
99
141896
113232
304554
244621
1907
440377
99
99
336362
99
99
165144
149415
36998
99
19214
99
185927
99
7394
163616
99
34952
150340
99
23540
99
59926
268335
102163
99
5506
99
99
99
99
99
99
99
8332
99
99
99
99
60842
80867
52822
99
47833
407806
165868
99
87121
99
99
1816
99
192904
99
505138
193388
99
109192
99
99
224278
286864
99
99
28270
51975
99
67058
99
228292
70274
254587
151676
4399
99
99
104467
99
99
91
64572
99
99
99
99
99
310328
75731
9661
99
99
138116
99
99
97
99
99
99
99
43864
99
26346
99
337238
99
99
99
5572
12768
256308
365852
99
99
110980
99
99
201724
99
99
99
99
99
99
99
99
99
20394
99
99
99
99
47683
98
99
309039
509546
31984
182230
99
19987
143778
544370
99
99
5501
99
4972
364596
13221
101552
258942
99
99
40621
63174
1732
285353
99
99
253028
232409
532559
99
99
11129
167257
99
257052
299136
99
99
99
99
99
360491
99
175504
99
82449
99
97
99
99
181239
67629
197078
75134
99
60110
99
199396
237717
148761
107278
99
23129
533191
99
99
99
35302
35342
99
436582
99
99
1890
489228
99
207553
99
25000
85365
99
167714
99
99
8979
99
3057
99
99
99
99
2046
99
99
99
99
99
150012
99
99
99
256547
99
99
99
99
99
176800
99
99
91693
114165
99
99
99
99
99
329267
99
22784
19283
99
99
315521
99
99
145102
178749
99
137101
585230
99
99
7021
99
44212
99
91725
363759
99
99
330843
99
130240
99
81425
99
99
99
343586
99
99
99
99
99
335137
247302
708
99
99
77600
99
180859
99
6897
99
169075
99
58749
766
99
99
99
99
104724
99
99
21811
99
99
99
99
99
99
63958
99
99
99
99
99
106250
494231
99
441703
105624
9597
8096
39507
19357
29478
164055
40721
306918
99
25095
183032
99
99
196560
99
99
94658
99
87
99
197314
246405
99
99
99
99
99
97081
375796
99
99
543
99
99
99
17546
157090
99
93941
44461
99
99
99
99
99
222900
94081
99
189162
17620
415933
99
99
99
191809
99
30
99
193800
93836
304461
218168
271015
42750
158953
222441
99
197205
355240
99
99
3740
99
388831
99
99
99
99
99
99
99
99
22362
99
99
9801
93
99
99
280884
99
99
107193
99
99
99
99
191241
8169
242366
228925
93
29647
99
99
489700
165151
99
99
91130
99
42788
99
99
99
99
8932
21749
99
213619
99
99
4449
99
99
353880
34776
368739
99
95
207003
38808
7650
3159
6409
99
74569
32586
256995
74484
183165
52441
99
29027
16304
198296
99
99
69606
99
99
49656
11608
97091
176995
255693
99
522074
99
99
360498
99
200059
76039
2559
99
251621
99
27330
99
99
336870
270159
38751
99
224240
99
110233
99
226726
99
98
99
99
99
99
29212
99
99
45897
99
99
99
14212
90560
82941
5910
99
99
26070
99
176089
99
77573
99
123468
9367
99
263253
441621
99
56625
29931
99
129932
12228
387943
99
546693
99
99
75582
555710
99
99
99
99
99
98
448034
388812
99
99
14745
99
54573
99
76597
210124
265137
93163
67826
99
99
64840
98
45578
9962
99
137060
99
99
99
200482
135587
32728
99
99
235476
99
99
233199
98
16871
257452
99
161845
120751
99
99
99
99
16914
99
99
99
364470
99
99
177019
169479
76473
99
99
24193
234394
99
99
98513
240647
99
99
192698
71316
96126
99
99
353479
99
1965
99
99
2302
49143
99
99
391739
257428
266558
99
99
99
197646
33183
83269
99
99
99
85192
66015
71262
104576
210472
98
99
399741
99
9905
159621
59520
309249
99
99
99
106020
21625
99
349998
2679
99
93112
99
18695
81080
4916
118739
164283
378769
326660
99
99
99
87941
99
99
99
54878
111297
99
294245
99
49454
1764
31586
99
99
13119
10850
99
57495
99
204321
74639
99
49070
99
99
29854
243292
99
563159
64604
106444
99
313586
99
58427
99
99
99
99
238830
276063
99
99
99
87
99
278916
192490
499236
190187
99
99
251855
99
99
287095
159366
307510
99
99
45376
99
321988
99
99
114031
11489
2997
99
99
99
193934
23502
99
6861
109229
99
99
256451
27720
99
39078
99
73439
99
7023
99
83049
380085
99
47249
22297
369988
99
73035
212891
94355
98
99
229750
314879
99
99
99
99
432388
11900
99
99
123233
33496
97
99
99
99
22041
164175
249014
47248
99
99
30311
99
151366
216924
99
248575
99
21636
99
144514
99
58081
84300
99
63869
22802
99
99
99
105053
13287
99
165216
30383
99
95289
5108
99
99
101559
193922
366024
83996
102672
237
99
318513
76402
3433
99
496505
119071
45764
135949
99
99
215723
463769
1595
99
156205
386981
99
99
132071
61609
28209
174154
317329
99
99
99
137996
99
99
99
99
309444
308137
89293
129930
99
246929
99
48623
580249
337427
34766
