275575
534286
29332
3156
34464
99
172373
99
99
99
99
323124
99
99
370367
99
99
59321
38728
141903
42942
59769
71162
3222
37822
99
99
99
8072
99
430737
72786
99
99
99
99
182666
99
76448
98
358675
172788
99
13927
99
235262
80969
98
373617
99
99
99
99
99
41025
12147
99
65361
99
99
78714
99
99
99
68721
99
331428
11199
99
99
100388
99
112047
99
5349
99
99
99
99
403416
99
87951
463991
390167
24571
133512
249909
8138
325241
99
160744
99
99
99
121085
6744
110019
73815
6353
296369
99
2976
144456
46480
302671
591597
99
99
272733
145687
227472
271897
52647
99
512195
1480
4348
20382
99
99
511954
99
260403
99
216110
99
68439
10547
99
1975
99
99
29813
104615
99
126321
99
99
99
99
165978
99
99
17213
99
277933
99
163360
480486
143896
410612
99
99
99
49597
230382
152333
282393
13212
5797
213698
99
99
17830
99
58228
8548
99
221615
116910
71535
99
99
80749
162396
118761
99
99
99
99
99
99
25397
10997
33003
99
99
99
127
99
155382
99
72171
319046
99
99
99
99
215311
370896
99
98779
99
15847
99
10851
86514
99
116280
359926
7146
39071
132804
99
99
407945
99
99
185915
99
99
99
99
574594
98
99
99
99
99
46261
99
73603
98
162329
99
99
23834
15481
99
99
266375
306778
95
80598
99
265813
66104
99
99
181264
240376
99
5601
11967
290996
99
90819
99
18692
92015
178227
99
287232
99
88546
341241
111403
143110
46815
189770
172666
92169
99
256260
287041
99
82573
57865
115172
99
99
45573
175477
545672
99
149072
99
99
111506
51492
162996
202609
429706
102365
99
259884
99
99
99
99
39179
99
99
99
92253
99
60467
99
133538
69188
99
99
99
48967
99
99
99
100919
39045
212901
397485
99
371739
176131
99
114216
99
140147
273237
187241
276053
99
99
99
385660
99
99
99
99
61415
99
99
99
103073
99
227740
99
99
364378
76
280743
112210
99
21526
43635
46650
99
99
99
99
131688
99
46368
48064
98
99
187424
99
99
265415
99
343873
99
163597
189184
45890
135022
101379
99
119344
99
99
99
169861
99
99
99
99
99
98
99
9781
424049
99
51193
107511
100682
99
15838
99
99
749
99
99
9856
62
468320
99
99
99
22556
223657
99
20292
99
99
94520
191727
99
149804
2677
171288
331427
99
162226
99
99
99
435484
148748
99
8661
410171
459814
153600
109415
336645
99
102857
15610
356580
99
99
209182
99
26387
444028
94
99
99
99
99
99
49688
89404
185959
99
17658
99
99
69315
99
99
45844
98126
126242
165040
99
99
147494
99
167110
69017
44659
99
99
1241
99
540323
86668
197858
99
110606
87088
254
238205
99
574762
155714
99
404162
61484
99
45739
94389
36615
134821
99
2032
99
99
94
161443
108386
99
99
273577
27386
99
3421
99
99
28997
481608
99
99
99
68858
210697
6674
99
209894
99
99
359264
99
254088
98486
215510
286330
99
99
99
96
316068
18138
99
58083
137523
144005
99
99
146205
235600
137309
99
90600
234843
27618
99
420073
99
99
439155
4043
33922
464097
99
96275
391805
409911
99
99
5137
99
8008
99
99
99
195926
23104
398959
251180
29686
99
139496
99
398266
99
98
183417
99
31289
154058
99
99
99
304908
99
398957
99
99
99
99
99
459349
155485
210544
99
99
122904
10775
138553
99
99
22922
99
29424
119351
99
2889
99
41685
99
99
56114
105055
260663
99
47954
99
4231
47962
52450
452368
99
99
18690
311306
99
99
99
185203
250130
99
358742
99
409433
11544
257188
13470
235530
99
99
26829
99
20353
96
99
99
73049
99
283202
99
99
99
99
24676
280815
76094
144777
56071
53092
99
99
666
40002
10505
99
304066
99
99
8112
99
99
10103
79551
99
96338
99
99
99
1175
190272
99
99
99
120056
99
99
65287
99
101908
253456
278408
169073
99
117651
435722
99
409445
99
99
99
99
99
45367
99
99
186299
240285
163231
195562
373769
99
99
99
8476
99
373870
21644
99
53160
99
99
161087
99
49308
99
24793
99
99
58629
99
99
538897
99
95
99
138218
81056
99
184673
99
197351
431006
99
99
99
99
12140
31050
16868
99
322049
244675
127835
99
99
99
217235
31143
98
99
99
85
98
250381
99
99
97
192477
99
99
99
99
99
3517
99
116714
99
99
32743
7377
99
99
3341
99
99
99
127774
99
99
99
59467
161760
99
83978
99
99
86351
220304
19715
74398
6992
6129
223759
194791
140555
99
114316
99
267605
99
99
91553
99
180745
99
99
99
407706
108622
109531
230212
99
52700
155262
265278
272942
99
90638
99
99
99
72515
99
72837
99
510410
99
359635
113402
99
10522
12258
99
64961
2799
10706
74849
4111
99
99
122159
99
97
99
99
98
392683
56804
99
99
252600
2095
99
240009
3475
20342
99
99
450686
39510
99
99
10332
129080
99
13533
3018
20966
99
11016
99
28865
99
3663
37010
99
99
61007
99
13960
120414
312855
16960
68150
99
99
99
99
56440
168759
98
2752
314623
99
99
59269
75203
48657
65093
99
99
99
99
99
99
16833
276254
99
98
65810
98
103903
99
99
380569
99
45951
16
1224
99
99
99
1958
99
99
86507
206523
99
327995
5973
99
99
162799
99
99
99
133159
115137
99
99
99
99
99
256252
99
216899
99
124188
99
332959
99
73746
78068
88487
99
99
99
37868
431654
99
3074
99
99
99
70565
425870
298877
99
25527
99
516169
226711
99
99
58764
228863
99
99
420343
304518
99
5973
188026
110499
365721
99
388426
115156
99
101682
21226
167420
99
87634
99
26864
205705
36914
359445
416474
158060
81908
99
99
99
99
99
33092
99
99
347423
99
99
99
145022
252522
99
193305
133731
316263
8779
99
99
99
4521
190900
103092
85815
5126
567794
1013
99
99
99
99
99
99
99
99
71591
99
99
99
99
85150
77689
99
251505
99
99
99
99
192355
99
516013
99
491459
99
30346
99
1040
209015
49853
112344
99
425801
52892
59114
99
99
99
99
63341
202899
25727
102342
129493
106666
99
99
4012
99
99
220428
135410
141600
99
125964
99
165286
99
330966
99
99
99
99
36910
4295
99
99
250657
74573
126318
414996
99
98
123368
99
2386
125680
99
99
99
23609
112422
5220
276588
99
99
99
557554
99
15510
99
98
99
98
73503
57084
99
190812
533473
228266
155336
389338
254955
103316
99
99
52822
111707
99
99
99
99
99
99
123696
99
99
99
132175
59701
98
99
216377
88
289861
99
154527
178068
462889
99
93580
99
121116
99
69863
360813
118475
99
5066
9297
425547
99
61487
202978
9358
99
466286
99
218168
99
92199
99
99
165627
99
28665
11888
336776
297847
66377
99
3199
99
80005
99
99
99
108811
41521
108221
99
115527
7931
99
99
128844
99
219727
36010
99
99
99
99
99
99
99
405701
202656
99
99
34691
396227
99
99
230734
57808
99
99
276532
99
291401
125217
130660
407443
99
234892
132532
99
43919
54671
35531
99
3076
99
99
99
99
81
91210
99
99
99
99
129790
99
284353
99
99
103003
99
99
259913
99
99
117332
99
99
62660
99
33287
51129
99
122081
12630
99
99
99
99
99
99
99
99
400021
11780
106265
99
228418
5351
99
8499
99
99
99
99
376384
99
49006
203558
99
402008
99
7731
99
99
74898
99
268232
281367
99
99
46916
99
133007
604
273973
99
343815
26124
99
99
46094
156699
99
99
99
99
300722
99
99
99
275983
7998
99
99
99
241443
99
99
467292
4897
54185
188452
128922
92909
40948
1760
99
99
99
99
99
43328
144250
5440
43212
99
221281
3377
482638
3185
16670
383120
99
490372
99
99
61465
99
99
99
99
99
99
99
327457
99
14288
276769
97
99
99
117871
86227
411860
107689
99
99
99
99
19563
99
17485
2859
99
534753
99
389438
160548
93563
99
7810
99
99
106658
78339
150392
99
37251
72840
286484
171123
444894
99
99
99
99
14188
322533
47390
38551
99
76753
99
13174
8334
99
330586
25835
94
99
33116
304092
385433
99
99
172746
230010
201230
99
99
99
99
343241
14129
69924
99
112379
154351
45538
24500
99
159207
368108
497055
11359
97
250180
54384
130120
99
51127
304380
99
99
99
99
310876
500630
32589
99
99
315130
99
99
99
99
570822
120376
451656
99
121851
99
180637
69687
143784
99
99
99
335241
99
122775
196318
99
14885
58481
508283
99
259131
12524
10742
68847
64216
2916
149742
99
99
79992
99
99
99
3028
11738
99
99
99
165804
99
364879
243636
99
99
99
199717
23584
99
43141
78757
99
99
347258
34473
99
15958
99
99
118280
117907
62530
190011
99
96552
99981
99
99
99
99
60022
99
137815
99
99
33967
302675
134935
99
99
99
44458
179227
156113
99
99
99
107515
125916
99
8515
99
124950
55257
102162
99
99
149017
99
99
99
162815
4929
125449
452918
172442
133832
143605
99
239017
99
217573
99
99
99
331883
107864
99
99
18575
84
99
99
99
63648
99
99
106409
265318
99
99
99
138247
99
99
211789
99
294211
99
118011
99
99
99
99
285470
99
99
99
413618
194575
150632
324370
99
99858
20421
74666
40526
17288
99
99
99
99
99
201595
99
382083
99
248824
115322
99
35317
93817
314999
6184
99
99
39613
28160
99
99
99
99
99
102947
182628
99
99
99
367170
261619
61409
3655
89608
131915
99
99
228220
287036
38631
312499
99
99
99
3795
99
99
99
420589
99
99
99
163416
99
99
368228
182080
245911
99
289266
99
172428
36880
98
99
99
69386
77081
99
259730
24277
88140
99
209826
99
149454
321919
32007
99
62422
99
21871
99
897
130652
16157
98919
111441
1065
99
175072
99
40505
5100
433891
95149
35168
99
91055
99
10519
99
341844
99
4034
178101
99
99
2786
226695
80126
99
171506
99
53825
99
99
83764
98
143994
99
99
62704
228385
99
278233
99
16293
99
20979
340263
5318
99
99
129121
99
191140
142739
222146
461740
70304
447481
21993
268967
120461
99
99
95
148986
298158
88486
99
142494
99
99
99
177215
99
99
236501
99
99
89651
99
99
23906
99615
99
174572
251931
99
99
99
60436
325929
99
380360
466267
99
446
39090
99
99
99
98
151715
99
99
99
145857
99
99
99
113579
99
212433
99
141723
99
99
99
67445
99
18578
209508
15530
99
99
154051
99
338097
99
73309
310828
99
99
99
99
99
273938
99
281303
99
99
99
99
125021
99
144442
364227
30939
99
45548
11571
99
99
252340
99
37727
12618
99
99
99
99
99
361165
66156
99
13674
99
157178
99
113822
126147
44618
99
99
196001
99
99
215594
99
99
99
95
99
3209
227
99
99
44781
99
99
606013
456365
99
99
172073
60400
39576
99
561856
300759
318246
99
99
99
99
99
131994
376645
99
99
88879
306627
99
99
2406
99
6847
99
210577
92228
40901
99
99
72683
275492
99
235277
99
99
99
99
20792
148562
243765
99
99
99
99
71671
167692
99
99
99
173482
99
3322
99
143415
99
99
30827
99
43610
99
58204
316880
99
99
99
99
27802
99
244655
99
99
99
99
99
98
270380
11129
99
99
99
62205
99
40716
99
98
99
99
131734
176522
99
99
99
99
559702
97
107345
99
124964
99
99
31432
444905
85498
134776
99
99
131906
124882
99
99
164876
99
99
504620
241327
99
99
99
99
99
99
447236
99
99
99
99
51015
240891
99
99
104873
183370
99
99
99
114875
483108
99
99
99
159464
99
90414
99
45923
98
79
99
31981
99
76751
99
76002
69694
191174
99
99
248856
99
65277
99
99
99
99
91469
99
99
99
99
99
183637
99
117018
86319
99
99
99
99
18338
151921
99
99
216107
99
99
417962
99
99
42886
99
99
99
99
53864
99
2988
99
99
99
99
99
122465
40925
349791
99
182504
336168
99
135004
99
99
99
99
99
99
99
549236
28725
99
99
406491
223502
99
350542
99
5966
160466
16938
33507
5459
373456
99
115631
99
27365
250278
99
19033
48660
307442
212471
60489
385016
53135
77
99
52143
99
124528
99
99
30061
147939
237027
93234
21262
99
99
27791
99
23035
99
32734
99
99
186564
368906
220322
99
99
99
156029
99
85633
99
99
46090
142857
458851
56941
99
52477
437694
99
235106
99
117464
99
93
255213
403167
410616
99
142277
99
99
387919
99
96633
99
24976
99
99
223319
27306
99
60151
290295
419260
165713
99
411968
99
99
6855
28998
125166
99
99
99
45222
91117
99
99
99
20588
2359
182871
41351
99
351884
202670
99
191720
179787
451664
379543
20713
355173
167702
96864
16462
110034
40534
154947
99
99
99
99
79766
99
99
99
165984
234913
99
126554
13605
99
266854
239954
99
490114
106695
220812
99
99
34503
25186
248267
99
180513
99
99
99
99
109993
99
45774
22761
99
298429
30961
99
99
96
99
213966
99
87048
99
239830
350402
99
522794
99
43062
99
79058
78513
99
99
99
99
99
94
14746
20966
13215
339243
99
34321
99
222522
99
99
114976
123632
52757
322384
99
99
157501
99
99
99
210008
51092
98
176226
49783
336811
99
385170
99
99
340853
99
55938
99
483163
99
152264
31643
389637
28122
99
99
99
355705
99
99
99
297833
35810
23274
120176
167844
99
99
99
99
24019
348382
105371
99
99
14397
148356
55096
62396
6944
127109
99
99
333332
99
99
94483
34601
99
149893
99
99
99
26699
99
99
296415
129520
99
99
2992
202660
160912
48455
109813
228317
212175
99
99
315660
99
99
236982
99
76347
99
65133
99
3081
99
99
22660
78893
96900
99
250258
99
99
279513
99
127199
99
72266
144646
94948
99
99
125920
99
99
271365
99
43205
99
118838
99
99
99
99
22748
99
99
166371
19317
286032
99
99
99
141887
255281
99
139663
99
99
99
99
99
99
99
99
99
203743
138661
99
99
99
99
71433
20427
99
99
196843
62572
99
99
45509
99
99
92937
29373
99
99
99
99
46229
99
99
59134
45176
258875
13449
99
99
182328
180771
99
125080
128684
99
99
4662
40494
99
99
5562
99
99
99
99
312157
228161
99
81897
86753
99
99
99
36049
99
92950
99
99
99
5870
43821
79620
11826
59804
270654
99
218134
61966
54107
99
99
32604
99
489951
99
99
184161
99
99
99
135939
255042
43866
99
80005
99
99
99
99
99419
385127
99
99
47109
99
99
99
134917
178129
99
99
107723
99
99
99
99
99
99
99
99
25898
81926
99
90
280255
154134
173060
110777
3454
30429
230197
99
95
270644
196403
99
283471
116061
99
99
89
430795
6329
135996
89447
253081
7905
48013
196217
99
99
99
99
99
99
274757
99
144282
99
99
99
314887
258158
99
99
99
99
99
99
204634
99
261386
488096
271789
99
99
99
429807
357971
40940
163135
99
66430
94071
240152
99
597020
190261
99
148620
116021
97226
98
78507
99
24289
99
39255
21005
254060
30656
56729
43255
99
416050
99
80923
115277
99
99
19412
22287
121095
99
99
65410
34925
99
99
225808
18912
236921
72818
25588
364
99
10545
99
99
99
99
99
50789
340913
99
99
99
99
106507
198519
99
100494
99
189483
99
370708
99
250790
99
176473
199321
99
479318
388091
99
99
99
99
128546
99
142885
128132
10028
99
163326
6975
99
99
98
99
99
99
37648
174697
99
92951
99
6670
99
99
121488
99
99
35298
99
99
66182
99
107389
99
99
26036
99
99
134775
99
258371
99
99
99
99
99
99
462936
99
98
99
99
95296
45854
99
71983
332075
99
99
146465
99
163442
42720
99
396303
46333
132363
6461
64472
99
99
20263
222187
99
34807
370161
94
99
99
99
232652
141987
57796
99
91009
99
203132
99
99
99
13133
99
167134
99
99
568512
99
329889
99
989
98
4567
521981
99
99
99
99
230436
99
99
99
99
96911
99
149386
24558
356660
98
99
219207
340724
356102
97
99
742
4638
580721
337234
99
99
340547
115087
33615
99
99
59616
6689
10528
12721
99
319149
162117
27263
111142
167390
75887
44788
41576
54470
356646
333167
99
99
99
99
272727
22300
99
240429
99
99
99
99
30050
127586
233323
99
99
20769
99
99
436871
414442
14485
99
99
275889
238983
17720
99
148012
41904
99
396357
99
99
99
185065
95975
99
99
68333
85079
99
99
18941
99
293407
96041
4512
315057
99
99
99
99
99
98
99
111087
100696
139791
99
19223
314071
99
99
99
99
20858
286846
247410
447507
41085
93952
99
99
208402
1425
99
99
99
209854
182133
992
99
99
10477
297917
518547
15096
62571
388306
99
99
99
99
99
99
99
95
47423
99
99
124841
99
25259
20938
391547
99
12222
42340
120254
88987
244162
359086
94
99
27057
99
99
99
331552
99
172043
99
17293
99
195976
99
18271
99
50560
162709
90335
99
325048
12379
99
199737
19728
99
49748
99
219347
99
444946
239
99
99
99
159861
11400
99
99
99
99
99
99
99
99
99
99
252198
99
13650
220171
99
99
18152
26971
99
99
155863
99
99
27496
99
99
431333
175197
354710
42924
69088
99
402008
99
99
150264
99
99
192454
101811
88628
255761
99
99
99
99
99
99
99
283891
99
99
217342
99
99
148840
99
99
99
22880
39528
99
99
99
99
99
233047
99
203917
278188
99
99
99
99
99
102222
15423
223101
96229
2087
99
99
99
98
99
99
71008
99
312611
99
99
99
53584
414963
99
60711
99
99
115575
99
6164
99
99
99
303431
98
276760
99
20636
99
99
99
99
536110
95
99
51316
99
13800
99
99
106672
99
98
243877
38438
88327
18350
99
65152
181620
99
386341
1864
99
560511
99
234182
106397
99
99
99
99
138690
99
18759
99
99
99
95
1313
53806
99
106808
99
131930
38256
186354
43232
112642
99
99
578345
99
99
172492
222223
130403
11422
99
23978
332882
127172
99
465255
24787
350157
67798
305194
98
99
106296
99
154862
99
99
99
180136
578638
99
99
99917
221269
99
99
52274
9212
99
59
11749
263052
83977
37635
99
51489
129137
99
99
99
58115
282356
163803
399626
99
99
267755
23972
99
99
50258
259915
99
99
99
441844
99
99
262823
99
99
99
381527
99
69333
259019
22028
99
99
113065
99
13469
70466
99
99
271648
99
99
47803
99
19401
25434
323323
33254
36167
98
38473
146232
68038
99
99
126561
99
99
99
96
77300
306527
99
159136
300279
258382
17542
200534
344039
105390
99
48141
99
43946
222412
245414
242175
91207
99
64653
99
9454
99
147413
99
99
99
99
99
82712
99
99
347238
99
57563
87749
164092
99
99
148381
99
123580
98
22652
435793
213768
29611
99
49117
223356
99
99
99
286016
128082
99
36342
99
193082
123604
129455
99
109634
71256
162137
161476
99
237293
99
80463
99
6135
99
99
99
419765
156295
24498
186764
49494
152641
99
99
18077
91238
146537
99
99
56848
99
49106
497947
108668
42905
99
29543
99
21912
158566
99
30398
99
99
99
12585
296121
99
43477
223732
125863
52412
69606
98071
99
99
99
256593
99
38195
99
88512
99
99
179160
99
95943
99
30203
99
28238
99
99
99
99
108494
224941
99
99
130471
99
99
99
99
25225
99
9485
162180
99
4101
99
144800
99
99
60866
99
48545
43632
99
99
4275
99
460817
95
45173
275395
34896
99
99
117655
292083
50412
221180
99
99
161023
99
2528
99
53993
43263
99
99
99
326446
99
99
58393
99
225878
99
18854
99
20576
33641
99
99
99
99
99
96302
6201
99
918
104548
99
183325
60680
179684
42332
51589
124607
88437
99
30044
237182
99
99
99
99
87753
12508
99
1066
393
4542
99
99
99
203339
99
99
216430
99
99
99
99
99
55050
99
99
24030
219674
326059
36961
99
11404
24166
162245
99
99
274373
99
99
99
99
99
264076
138290
73636
107022
199500
129024
99
300238
245586
99
209657
227005
151473
84480
24057
99
99
89431
466592
99
27824
99
99
377294
51182
99
99
99
39926
99
418860
139788
388741
220678
99
99
99
97242
2881
28670
4003
65760
99
340136
99
376098
482791
34455
95268
99
10448
99
149982
99
98
99
99
99
160843
99
278871
99
96578
163973
45525
99
109337
81567
65239
99
99
179674
99
6949
723
23292
279132
2784
168378
191149
110064
99
99
84490
99
36514
1138
97577
99
99
89021
95002
98150
24079
99
4613
99
99
99
274583
210317
99
99
36606
99
131292
176656
50281
99
99
99
99
67672
99
99
99
99
99
99
118710
216202
99
99
99
28791
209251
164839
25456
17055
97
99
113567
180033
99
45835
430139
99
99
127004
99
99
99
375525
99917
99
99
14348
99
70300
236290
99
553188
99
99
99
99
220398
99
432199
99
99
99
56316
99
43133
99
99
99
34356
11163
133604
99
7263
292695
1935
99
181732
99
99
2231
40746
98348
408148
221510
77682
99
44498
22989
99
33192
99
95
155101
278114
99
174400
503724
314478
45123
138007
45306
99
85879
99
68293
99
34658
58021
99
223577
69985
99
251108
231016
166455
99
99
99
60743
99
47422
510
99
320145
279696
99
99
259238
90962
5079
111378
99
1560
99
78976
99
436537
99
165347
40331
60
107352
99
99
99
99
27724
99
503460
34610
99
99
99
99
29680
99
25604
99
99
1724
215508
214973
534027
99
108650
99
42094
99
99
99
99
99
376400
100932
99
99
149256
99
99
16776
99
36425
359180
271673
106729
99
511523
156858
206
62861
176072
99
99
211275
99
122541
99
29121
99
279393
99
166356
23832
65153
99
19167
99
99
99
99
7715
99
140007
99
129475
475089
36601
216819
99
99
99
99
99
99
99
99
99
99
99
78
99
79065
175986
99
99
99
99
105836
250210
168893
107450
19568
189239
178475
321241
99
99
371033
63281
338395
99
99
62379
99
176700
395226
439085
99
99
341813
99
171842
99
170917
99
88723
11347
235260
99
99
99
99
99
93149
77992
93532
6260
38398
30454
95391
99
99
101180
88438
155692
99
99
99
127834
99
99
99
99
317546
99
99
99
99
99
317001
99
99
149838
99
48894
90
99
14886
99
99
162186
165424
99
76077
7394
410
92893
269481
99
139908
220377
99
99
225533
194046
98
99
99
99
64408
99
99
68537
99
8541
98654
99
99
267598
99
99
324785
148584
99
123515
208709
99
470932
296771
90389
176927
132734
9919
99
99
39523
99
316131
47335
99
35847
1797
99
27535
99
43861
99
99
99
95
139075
27789
386052
99
29026
64514
99
155771
99
56
99
99
179736
117511
159168
55819
97829
99
155558
39976
99
99
40783
99
5442
64835
99
15249
99
97
99
140202
377861
99
144998
123459
53503
401589
23549
3992
99
99
99
99
99
99
99
522003
136418
53471
115476
97
99
23638
81180
99
4229
163945
216187
99
238119
99
136956
47354
171684
99
99
99
94834
49811
220992
217087
99
313299
99
99
99
380089
2376
300510
133301
154580
99
99
99
283026
226672
76923
83568
215519
32418
5381
99
199137
99
99
118348
99
11932
6378
27318
107719
99
99
248895
1758
99
99
275086
99
66398
99
15514
99
99
451066
99
55335
99
151880
21435
174144
99
29323
8118
4073
99
286930
99
99
99
99
97
99
1798
99
99
99
99
99
99
82071
932
99
69811
144974
99
99
31496
99
99
99
6747
117797
36839
379558
593327
98
507110
44649
466589
321454
99
99
68712
162402
28086
99
41647
99
99
99
249922
153197
373118
75730
99
99
99
98
432195
99
11992
290303
99
99
99
75711
418726
99
98
99
99
99
62703
64826
294454
99
442768
171333
122553
97
99
99
99
99
204040
8921
99
40897
158978
99
99
97
454415
99
51213
99
341860
99
357099
95382
99
314978
92195
99
10467
109946
36689
99
99
337653
16348
99
99
99
146867
99
99
99
99
387369
43226
16106
99
170070
266555
8969
99
99
37238
84843
153059
99
99
155890
99
157936
99
14291
99
99
58748
99
99
36685
300529
193037
99
199881
530247
8851
188338
366185
50794
99
115331
99
289647
99
62007
463465
99
404326
99
99
98812
147560
544839
25417
71241
99
99
133896
99
111351
188816
366146
292202
99
103269
99
99
13516
47152
99
41460
99
99
99
107889
99
53128
111218
99
245150
13561
7906
36150
228542
227295
38999
99
99
95
99
158732
314915
99
197162
267374
99
18034
99
24929
12392
99
99
99
199704
134733
99981
6302
313715
406924
75505
120478
10182
281267
293767
2003
99
99
109586
36314
99
99
215467
25690
481620
47885
99
362566
463917
99
99
2263
99
46477
98574
99
2213
99
99
130574
99
99
20335
99
99
371997
99
99
99
99
482928
99
24771
63006
99
99
204739
99
99
272658
20025
339940
183668
151240
99
18779
62269
29758
190029
231840
99
99
145166
99
4821
10266
11925
99
99
214590
40759
200588
99
99
99
99
99
146889
99
14401
99
99
99
55174
77664
99
99
360295
99
307785
32844
99
2775
99
99
99
99
511817
99
99
439617
117529
99
99
93293
99
99
99
223066
89858
268161
19315
99
99
1236
190019
99235
250997
369941
16996
99
99
99
99
99
3326
99
99
27436
17586
99
99
55721
99
99
99
42911
99
95067
99
229349
25978
99
99
54561
99
99
145487
154499
99
131934
99
266492
140068
99
99
99
99
280286
323630
28573
4952
99
1813
99
244520
99
375091
99
179567
75
32589
6491
99
99
78129
48627
214886
99
99
99
99
99
57014
486113
99
99
99
99
18935
99
165770
99
107288
99
35275
99
99
76828
99
99
99
587752
34951
132080
115669
99
36319
99
110827
84700
14057
99
20675
99
70328
99
47727
98
99
518105
99
160357
34067
99
399632
101482
99
99
25512
29915
99
99
95
165659
95942
174760
99
65938
99
99
99
81899
99
99
162205
99
184888
140189
99
99
76643
99
99
99
81185
99
61423
99
99
99
135969
17383
99
99
99
98
99
99
76720
105900
353742
572187
108297
3357
174682
99
99908
401176
99
99
99
99
155098
99
29949
99
100472
21418
99
99
217440
99
251614
99
99
267878
24926
99
99
98
99
49608
99
99
99
95593
22263
244834
40637
99
99
99
16805
99
99
23159
99
142622
58915
58915
99
99
38630
99
99
99
99
116360
99
209080
99
99
99
99
32336
99
76107
408986
407761
226290
99
376696
117321
99
99
99
386277
54023
99
99
99
59238
99
6927
99
123948
99
99
99
115122
428082
99
99
99
82556
99
86393
99
386185
99
99
99
5792
28140
99
356560
26024
99
99
111949
99
45852
81362
111021
190860
159848
220494
99
211160
99
99
344574
177870
99
66239
332693
203339
99
137589
127651
129322
294022
99
200834
99
99
61468
99
99
200848
99
17460
4702
447400
431519
99
189967
173809
99
28869
344619
99
5691
99
142712
385164
99
146223
99
99
124032
9007
99
92
99
99
99
158716
99
99
99
149093
99
246176
237009
134221
99
99
99
99
122160
123115
99
99
199950
278325
99
19921
160136
193318
491227
97281
53990
99
99
508592
99
99
99
99
99
99
95
99
99
99
99
240715
99
13189
99
99
99
99
344142
209434
1409
1849
19724
99
99
99
99
113749
46468
184965
621848
461474
99
99
99
54950
41125
47867
56172
99
173783
99
99
99
1654
5737
4536
97
99
99
99
35611
99
518004
79010
99
17321
252688
719
84
380755
99
11922
203862
99
99
30214
99
223257
99
99
128008
152308
99
99
225299
99
99
99
313512
4393
99
149969
313993
266393
99
99
138931
246958
5090
428711
371123
49110
443799
99
23741
99
8571
99
99
164528
99
98
17825
99
99
224997
99
462913
14995
99
99
99
99
104922
198293
710
127511
99
100717
244997
99
158113
25052
99
99
99
99
99
99
417213
46930
385441
99
88781
99
99
99
220057
191145
58537
294040
345079
171597
447603
339205
99
42670
99
99
320300
99
30812
121886
99
99
45523
99
99
143135
99
11362
99
169905
99
98731
2549
99
97
458039
173328
99
99
99
72096
89067
99
139886
99
99
90869
5993
1463
99
144983
108600
99
223725
152705
99
99
99
99
41397
99
2268
34375
99
99
118592
99
67804
99
245085
208953
283272
99
199921
99
147412
320835
99
43677
4008
102253
95694
6133
16372
10031
99
99
276600
99
26998
190749
99
99
99
266005
99
72301
123119
99
76624
99
99
99
224337
99
99
54013
77841
14065
99
99
117061
99
99
99
77264
99
69818
189
3194
99
99
99
31247
109244
333796
99
54513
99
37181
99
64785
120433
244605
213200
99
99
99
97
99
99
99
99
2716
99
99
99
99
100743
216105
38216
318784
99
240289
56014
1392
94760
1625
343932
258143
99
1454
134616
99
303494
142198
99
99
59783
1611
115792
99
184157
16801
134711
99
159002
15380
120495
394407
99
99
99
225247
99
99
99
311246
99
659
20375
404455
99
99
99
99
2200
89138
28563
99
99
99
99
99
99
181697
49171
99
99
255965
10872
28731
363742
17404
99
99
99
96592
99
404658
99
324565
99
32745
99
99
99
21273
99
99
99
99
99
99
127654
6791
265271
85569
123750
397616
14474
471791
99
189821
112110
142866
99
99
592370
99
201007
246926
99
16113
2180
467612
99
98
6196
99
29501
99
247684
2454
100731
135059
120537
99
99
99
97
261487
87620
5041
40067
119802
185513
118573
59140
47812
99
99
358034
99
131626
5078
99
73864
14783
99
189894
99
249838
294998
224100
99
151535
14323
99
99
245075
99
168803
99
99
108550
99
99
99
19557
99
71789
99
99
502742
177618
99
447721
99
99
34697
9632
99
99
99
99
4931
99
99
34147
44493
99
180710
108933
143032
99
23357
99
99
132910
99
50831
364156
99
432565
298350
99
99
99
99
99
99
473403
99
146085
99
99
99
99
99
99
99
99
99
99
42027
188871
99
99
99
24009
99
98
99
94220
99
183527
167800
99
99
99
99
99
326820
99
99
99
448779
293707
169191
37404
70974
174249
99
111107
99
99
99
68949
397910
101520
57705
99
16436
99
99
99
337560
99
99
239582
99
20753
99
99
236359
125267
99
99
98
5239
99
99
99
14275
88186
17131
99
165307
150171
154931
98
27454
37655
445915
432547
99
100385
73033
35775
99
99
13430
28897
99
132405
3005
21066
783
99
287693
99
99
672
99
311397
99
97488
356611
424032
99
45428
99
40888
99
300669
99
81172
99
157282
130501
99
99
116555
28680
99
455911
520926
99
99
99
14724
199005
99
99
99
99
5465
98
99
99
99
99
296513
99
99
279915
99
31171
116360
99
182245
99
8015
99
99
99
99
209834
163747
157736
90797
99
99
99
99
99
85783
426624
99
99
99
66092
4449
11222
99
12044
99
26069
150817
99
99
99
99
99
136463
99
108944
99
302347
99
99
99
99
2044
99
70617
99
99
99
99
280103
99
99
98730
99
99
338344
99
99
99
204792
29952
99
99
99
24076
99
59216
50057
99
99
99
99
99
99
236876
241333
99
93825
132083
99
99
99
99
17382
535642
99
99
99
95
99
99
294401
82509
99
99
22544
36831
99
524871
120905
139362
74483
78991
591462
96
99
99
83817
270302
99
99
99
99
199386
99
205899
99
99
99
325284
99
99
27358
99
99
18363
571616
180708
99
99
193075
99
99
98
99
99
284418
386557
131114
261826
211637
99
99
99
157249
404813
343754
247535
14021
99
64822
137659
126823
60864
99
99
37084
99
99
372125
99
99
99
37675
195488
50997
99
215895
84811
99
99
99
99
99
99
122911
99
1764
11158
294834
99
99
99
99
123081
99
123592
121634
99
413365
195980
99
99
412506
307657
99
176337
43743
355845
1905
510103
19230
99
99
99
99
99
9510
99
99
356405
99
99
187106
65181
99
10109
99
99
99
448639
77164
159863
99
99
86239
99
132755
97557
36433
99
99
179269
99
207782
99
99
99
99
99
99
46960
99
99
20478
99
61413
99
19927
213946
99
266009
181946
99
99
99
99
99
43072
123268
200594
225472
99
37352
448
47108
104517
99
99
74743
139077
52120
270268
99
99
298643
100703
13861
99
91
99
99
161608
545870
314198
95
99
99
99
391283
230862
68790
39054
99
99
180390
99
99
503011
99
40665
99
99
99
105335
99
99
99
99
99
99
36284
354915
90581
18986
169376
99
311212
89703
99
99
99
99
316706
252411
99
316457
128484
203127
99
99
99
99
271528
444322
99
384433
99
26500
259075
349356
483887
99
10005
99
99
116930
33401
99
134614
99
99
99
99
99
373096
551461
292256
206113
99
98
99
99
99
186989
99
99
99
80013
99
99
99
234671
99
99
126119
99
30859
180303
119556
99
99
6436
99
230425
99
1594
99
99
456755
99
265301
42033
99
82205
104622
99
3335
99
88354
99
99
205363
410
189939
166024
147147
172903
191801
99
99
5211
28977
61898
37489
99
195477
509585
75302
65265
99
99
358437
274434
99
99
193226
139534
105204
8622
99
120221
99
99
99
145682
59637
1406
360066
99
7552
99
61574
99
99
205333
21162
384660
381671
99
99
99
99
421833
61610
24963
272875
197774
68433
266377
28675
99
143670
99
40987
99
99
99
29559
99
99
99
99
99
89469
184242
99
99
4449
1602
99
99
454939
99
3177
99
64454
99
15595
140903
240916
44588
40298
150625
6208
99
99
316303
99
99
1014
99
99
247195
95
243912
99
99
70581
148523
45089
164119
99
99
100044
61444
178679
432166
32008
70828
99
99
304136
238329
171659
99
151530
340848
9112
98
71021
141698
434439
98
105866
26368
342741
107214
116328
99
99
356573
99
99
373891
99
99
13457
99
99
99
99
99
99
363186
99
99
180234
141944
65053
231771
151113
99
99
298234
85
99
99
3728
99
28149
99
62845
99
99
1913
99
99
272531
277417
99
89
99
99
158824
99
99
99
90
33671
12050
28409
230010
99
99
43788
326510
140434
170694
103172
99
84318
98
99
98
99
99
26373
312954
448152
99
99
99
99
99
99
99
259
99
99
99
561334
99
99
99
99
118751
99
99
145534
364103
367057
95710
337478
99
144407
32241
99
115965
99
160835
99
99
99
99
5697
11731
41512
142560
99
99
99
99
99
10602
99
13290
99
99
187286
288862
99
347755
99
99
230511
3360
183086
48603
23376
99
35969
99
93295
145093
97
302004
222865
243589
79323
99
152019
74289
71598
98
99
99
436111
206416
549690
320584
99
99
54387
99
99
327875
130834
99
99
453149
99
99
99
78
99
99
99
329057
267514
99
99
99
187961
13884
33317
51545
99
99
96
106207
84799
26739
188666
111441
195298
81938
99
95
99
482565
99
79126
99
10040
99
99
76863
99
122654
155222
196764
99
98
218752
4622
99
99
99
482929
99
99
99
99
254736
95
99
263583
99
99
99
99
99
45896
99
99
99
99
99
98
2220
99
98
34020
99
265325
273075
185079
99
51897
99
107356
99
99
99
163594
19903
206144
11167
99
99
99
65253
99
94
99
99
99
99
99
99
102316
99
99
99
19997
457844
114161
170838
99
89518
99
91401
443884
11333
99
44905
99
99
12418
113098
70020
38607
99
2637
97
47280
98
99
98
192987
99
9169
99
99
99
357022
201647
393328
148342
148642
83854
99
268964
170539
322293
98
99
71491
12456
99
99
99
99
99
367273
278385
99
223598
210641
99
99
83036
99
51962
99
99
140728
6447
415168
99
53725
1856
95
61233
99
99
44840
99
390613
164120
99
31321
99
99
363337
263504
98
43861
134567
99
99
99
137270
18300
98
156842
99
92388
99
99
22455
99
96425
131882
356257
6000
480940
35197
99
99
99
99
69755
99
180884
91909
66517
99
99
449056
12983
129783
113620
141550
17711
16789
99
27165
99
99
175688
99
99
99
159606
587891
72525
99
82503
6706
217702
99
211371
90311
99
99
132794
9726
122133
99
189848
99
97
1027
38080
24179
52780
244296
99
99
99
99
99
99
99
23117
87203
28088
38295
99
99
99
401135
17368
17998
99
99
99
99
99
99
38012
97
39641
99
99
99
99
99
40167
99
53622
120126
328248
99
259413
11381
142292
99
190838
30368
95694
99
99
99
179780
99
81732
47362
99
99
99
99
123063
41758
297515
479226
99
48274
99
99
234061
173972
133193
99
99
99
99
99
99
99
99
72668
99
160324
112021
297739
185623
197479
99
99
136350
99
12477
99
483325
99
50368
99
99
304159
99
192537
97082
112431
48599
99
99
98
99
99
270225
99
5039
249061
371665
99
389564
149894
99
353158
74790
99
4050
99
512834
99
99
104418
108093
268751
378952
39743
128640
151413
312151
99
99
252776
105355
25907
99
132921
99
284132
99
99
99
99
99
99
79914
99
2438
51141
89497
49322
419103
99
99
99
76111
99
99
99
99
99
52282
482926
99
4789
99
105034
513945
99
99
99
323269
99
82387
99
139314
32911
361916
99
99
99
57158
386135
99
99
78
99
501941
181033
67889
99
493116
99
306681
14685
451343
285074
99
36487
99
99
99
99
99
117034
283448
99
99
247562
76455
307237
99
99
62372
99
134167
99
319850
99
11911
391679
359731
279092
99
203618
99
99
99
99
36501
19196
400020
22163
99
67855
107746
99
99
99
161660
76
99
99
99
161975
99
99
138077
