99
362533
24981
99
99
99
99
64477
99
216159
310987
99
99
99
219920
99
418563
342385
20405
99
124872
105911
357108
61614
99
99
27282
99
99
169232
99
409547
99
99
333083
99
354568
99
174379
99
433753
98
181405
76956
331956
99
99
99
99
139937
146719
99
283683
192778
91393
99
99
1163
99
99
99
202467
99
99
237312
99
99
205141
99
9564
99
99
99
220358
264759
147883
99
388538
99
99
50055
99
99
50543
269883
5579
99
106441
99
99
99
99
130714
99
99
111777
273458
91030
397557
99
178458
99
515036
99
99
298343
328672
99
129123
99
51338
99
164520
44085
25880
1826
99
344
99
112065
86829
99
99
25626
22207
16036
20224
52236
230924
172995
99
219493
99
99
192236
50231
99
99
99
99
178337
154618
95
99
270044
99
209686
99
99
27662
233991
99
173426
4905
99
99
99
99
22987
99
19363
411800
129566
99
99
99
99
7763
99
27056
405621
99
99
99
101318
99
465808
110041
99
21329
99
375779
99
112262
14648
327619
5276
99
132254
99
99
103654
99
99
99
99
99
99
99
99
121130
87739
2974
338692
99
99
99
99
99
208565
91088
99
99
217736
138137
99
99
186342
99
327151
99
200175
67029
104939
446801
517790
99
147936
99
393370
72633
99
115468
99
55272
175049
99
99
290220
99
99
36128
99
99
12005
99
57511
469
54880
377
306777
99
35482
99
20237
99
2620
30792
93185
134391
99
27889
62110
99
99
99
9850
99
72955
48
99
179380
36227
99
402186
200273
99
99
99
4126
86306
99
111631
195153
160890
99
20901
99
85143
25683
318434
12726
99
99
97
226994
99
392445
107147
331382
99
99
106793
99
147277
99
321668
86423
99
25904
99
104408
16055
16073
110698
99
107626
9993
35957
98
99
99
432717
302087
51650
60118
99
99
122946
99
99
229814
90375
99
32809
194599
44837
99
55875
22282
254865
99
99
99
99
40755
99
99
99
99
21248
46912
237352
201579
92283
99
238162
99
99
113003
97325
99
275057
233742
246029
99
126658
99
99
8904
99
99
99
99
19518
99
135960
461822
99
105070
96
370298
222766
109334
108705
99
201912
99
99
256291
99
78692
99976
99
98
99
51897
99
306502
19131
99
81730
99
85756
99
24455
223076
134693
99
24976
99
16512
117219
88603
21703
32008
150978
500019
99
12308
99
332490
160991
99
22673
99
198931
252507
306684
4871
100884
99
99
99
99
99
60185
161695
90259
25125
99
197838
99
12511
227060
99
451982
37011
98
258858
128169
99
338092
99
86782
35586
99
137299
99
225106
99
99
168917
142498
99
99
99
99
99
17554
99
99
374622
99
138522
99
99
46242
99
52846
99
66528
46915
99
99
178800
100211
99
99
99
99
213842
99
99
99
178290
99
99
241406
99
99
99
43187
99
7181
90054
99
56937
99190
99
129453
99
37345
25415
99
71240
99
129498
164762
304736
99
65355
99
19909
99
99
7744
445
96006
118317
99
225244
229
99
56711
99
99
168237
99
153817
99
119343
99
268302
172
144262
102965
118782
99
102989
99
445662
99
99
466534
99
9523
99
40973
99
99
385516
99
506397
99
99
99
57709
99
141925
55557
16545
99
99
99
113210
99
247551
99
452183
347639
238048
130275
74100
8260
99
99
182649
99
126232
71535
99
99
39259
99
99
438807
99
353337
99
99
99
99
99
172088
99
99
5974
85700
99
42973
99
99
99
316501
99
99
99
99
99
265762
99
99
272643
99
94
99
26712
99
250290
99
99
99
99
99
184966
99
99
222834
197522
99
83694
98
99
99
99
26359
99
99
99
27356
99
306901
99
22221
99
259084
145981
111290
99
612308
99
97
96710
22647
99
27196
20952
99
99
7468
99
120824
48104
317740
294815
378511
42800
32596
67287
43078
182516
99
99
99
100886
99
99
96
188129
9454
372489
99
4000
99
143529
99
99
117140
99
10635
99
132427
455258
99
602956
99
99
99
295994
99
118814
99
115309
99
94131
50775
99
5733
99
32060
216333
99
99
9261
99
3902
99
213403
213181
99
99
99
43389
45119
99
99
99
99
99
99
99
99
95174
228111
99
99
99
82617
40797
116397
99
474939
140636
99
208792
99
1295
151807
99
20672
99
228
99
9817
22238
99
15948
156587
139389
99
99
2750
99
99
99
255125
99
99
99
98
222336
302320
99
422790
243835
419866
106909
99
99
28785
99
435533
7612
99
99
31329
99
99
99
99
99
99
91
5543
99
99
99
99
67497
154318
99
64588
21064
99
101206
143353
99
269013
99
99
393506
411878
99
99
99
66077
99
99
437881
18819
178537
99
321148
543
99
99
99
2579
99
99
33877
99
99
27684
99
99
70002
99
21176
99
48363
111356
99
207228
492856
99
15167
99
409895
109822
15521
99
99
55117
141361
283729
99
99
77019
65843
99
51123
99
98
224319
259663
220029
121669
148461
99
99
43363
179228
99
146071
99
99
6113
222710
93
99
131083
4681
99
99
99
99
140056
91
99
158935
99
397932
156253
19048
99
99
99
472403
34731
99
42727
99
99
179949
98
99
99
8000
29510
62476
106568
99
99
48139
461119
99
57363
255420
99
120
95240
99
66839
191007
232153
99
138647
191084
99
224506
99
125290
99
99
816
62847
98910
50709
173883
99
303777
99
99
99
272660
139142
14228
98
99
99
99
99
449741
188201
90983
42595
12153
55574
170236
99
367152
99
152196
47117
342588
99
99
99
99
55320
99
313749
99
99
16582
118739
99
99
99
99
99
99
17099
99
99
134109
310375
99
56147
171882
99
76433
444258
99
358440
99
99
53081
99
171506
48245
99
99
99
99
99
142222
99
99
99
93648
98
99
11204
261167
448948
99
99
99
300778
99
99
240932
183058
71840
99
99
99
25344
93646
132160
117769
99
99
338458
99
99
99
149632
99
99
99
302247
99
99
99
99
23494
99
217603
3306
349891
99
160906
146311
104306
99
99
17835
244877
408609
80768
8771
99
102633
228222
99
97
99
312373
99
99
6556
317587
235018
31239
167700
97
178527
99
99
57677
99
99
99
99
81791
391576
458310
99
61163
21903
12431
99
282946
99
99
99
99
99
62616
99
21619
56056
78274
20755
99
99
99
99
99
99
99
136342
108223
99
99
220311
99
99
99
71409
99
99
302171
79011
221075
98
99
6716
99
357342
137190
24209
88275
145583
1424
180707
412832
311428
217454
99
76
99
99
36715
60021
130432
99
24744
99
99
99
99
436659
450034
271318
274707
14671
107400
99
99
99
99
454832
99
99
99
329992
66626
30531
161926
99
99
117179
99
99
99
99
203116
354983
540925
45749
348120
126282
99
212373
99
99
99
27657
312554
99
99
99
208137
99
99
99
109083
99
99
229914
99
117518
99
76154
99
99
99
136085
88238
123159
99
99
99
165470
373840
54289
508087
20474
99
99
99
23479
20116
59830
371618
243695
99
78534
99
69858
110809
200718
396822
98
99
99
273833
228201
87478
99
99
99
99
70971
99
97767
531379
9695
99
16523
99
99
442817
375832
99
99
99
99
92305
197857
192425
554220
60420
99
342635
99
99
32648
189861
106379
398340
99
99
333419
309667
162638
99
5924
2601
99
99
99
113143
113986
499916
99
110360
99
1277
99
99
57741
99
99
84454
462281
63431
99
99
99
94667
99
14028
94
505105
99
99
91738
99
99
99
99
369110
99
26009
99885
45711
172321
406345
24744
327200
99
99
99
25120
74
33191
150442
99
99
411892
99
99
264258
99
99
415248
99
99
418147
224481
99
99
63254
59134
99
29263
99
99
99
99
99
99
99
316509
345909
99
295967
99
92
150068
99
99
99
345427
12897
99
37081
98
99
75974
94460
191192
121003
99
99
99
99
60888
260841
233000
368378
99
214488
99
79492
244698
99
99
178972
34439
99
99
99
435163
18119
99
99
43783
59339
39355
341997
99
246077
99
99
275009
41127
99
99
401632
188277
86044
99
59299
99
62028
99
113663
99
99
99
109327
38895
99
99
348597
305965
99
99
251460
183502
99
99
99
99
12340
118041
99
142681
445899
99
109828
99
99
99
557904
35195
99
99
270492
99
99
99
393363
99
99
99
99
57586
99
99
99
152254
163069
149781
42835
463368
58090
4468
99
99
99
99
99
65919
99
139917
137350
373231
233466
18413
99
99
193377
124364
263532
99
283833
99
172564
99
99
99
243922
115003
99
254881
81901
99
6607
99
122980
24454
99
99
99
99
99
99
251590
345300
99
484872
273622
99
140245
99
168440
99
489832
99
99
313757
99
99
99
41860
98
186902
99
36451
99
99
99
243672
99
99
99
229185
99
59409
80210
99
1386
77895
170546
99
189888
79612
197976
48924
135267
306440
216072
553023
120595
295244
99
99
99
99
159048
99
393966
99
99
99
565750
99
192017
6919
99
99
91956
99
99
99
29083
113060
191998
408799
99
99
153667
449206
99
163687
119121
28758
99
26685
49387
99
151040
78692
99
99
99
99
110018
150560
154499
99
460270
99
99
106978
99
330640
301781
99
87762
99
201112
179827
2425
99
99
47859
99
7916
99
112195
99
49359
90122
99
217539
8157
99
99
32827
443634
268988
99
92493
32240
99
99
295666
515
99
99
168420
99
74230
99
99
147211
99
15369
426857
99
237672
178756
99
178394
99
340957
99
99
99
91895
99
99
119776
112946
99
99
99
41284
301974
99
99
135393
99
240644
99
99
99
194128
99
99
448646
99
99
99
99
536529
99
99
99
99
219962
99
423347
99
50550
140275
99
99
5075
122117
99
433586
99
299698
99
308466
99
99
339264
79878
70601
99
99
99
114513
99
99
16
181254
305450
99
99
98
16205
33564
99
99
315674
11885
139808
99
5736
520930
564081
99
116318
99
127265
263593
118979
99
220055
99
99
99
99
54954
80519
123356
94271
102618
99
334006
99
99
99
207627
243090
3573
99
536254
99
99
7108
29154
99
110069
99
313490
99
99
39936
164987
99
87786
9076
370959
319407
296370
99
99
99
99
99
99
28990
99
99
11986
99
99
99
99
230303
266232
99
99
111247
98
784
99
99
43960
99
249727
99
419606
99
99
145115
99
30796
33783
99
98
339062
99
99
99
520049
99
99
47673
357901
99
177029
99
53649
246456
99
99
76
44739
214620
280451
43754
99
99
74578
99
99
83111
96
99
99
99
99
342191
99
378814
234051
84221
49203
99
99
40541
99
71293
99
11356
72775
135172
99
99
229888
99
68622
99
99
99
56695
218730
99
32620
33361
99
155061
21545
30922
99
252869
99
99
99
185596
99
271891
301026
99
99
99
99
8102
43646
99
375244
190607
99
99
11908
185428
79706
238425
99
195901
99
103238
64576
99
99
99
145969
99
86569
146618
99
64223
99
99
99
99
1959
99
99
2752
99
99
99
20143
84193
226365
225786
99
99
99
56218
99
99
99
99
31229
1912
603206
76239
153125
99
99
99
149001
99
99
99
36775
99
99
99
99
99
224834
99
99
8616
99
99
339311
99
240963
20798
129828
152507
50277
99
99
31969
100109
23487
99
7160
75016
5511
81671
80960
99
3118
98746
98
99
99
171007
238660
99
61378
99
23525
99
518207
99
394055
49666
99
437467
122761
99
99
162063
99
99
99
99
99
99
99
200366
187649
270889
99
22693
3438
99
285073
99
96
99
227687
99
173219
99
93698
140276
3056
149740
97
11340
299251
2950
99
99
99
99
99
99
49895
227826
70125
99
243040
99
99
83929
227430
446262
12798
99
147574
99
14394
187774
124468
99
136210
99
99
99
449474
4510
283816
99
4214
96
365218
19114
99
99
2524
99
37499
35631
98
99
129567
99
289747
99
13861
99
99
96
99
93599
99
29557
99
7545
99
99
131346
99
89
87356
99
263748
99
99
99
99
98
121984
159886
14245
98
99
99
99
99
98
173233
304381
99
80736
65227
36976
99
325129
99
392453
120678
99
99
99
96
88723
99
99
55725
402134
81938
99
486569
148004
19448
99
99
411029
90602
99
376419
105875
99
203965
2709
99
343549
99
99
99
99
16492
99
434377
99
99
280954
270068
99
192457
99
88519
99
99
99
99
89398
62499
99
99
99
99
51389
99
115579
4019
231172
494602
99
99
183742
491431
308004
171834
92837
99
164923
314488
358150
99
162109
99
99
54664
99
99
99
99
99
62197
99
99
99
99
60964
29899
99
99
36200
99
99
29276
133157
99
99
99
98601
99
99
154384
98
99
99
99
99
2497
99
10240
99
113551
99
169763
99
169805
99
206365
339199
550245
11725
189291
58026
99
21348
99216
13103
98
99
135482
99
151574
11675
99
216786
199163
99
40111
363969
99
385176
29852
99
22569
99
99
99
60629
99
99
84696
150983
33450
216329
165564
99
99
99
99
374174
58382
98
429590
131208
99
140800
4041
99
99
86910
99
99
99
99
201833
105595
99
24489
225655
167084
5091
99
162594
99
97808
22070
99
139543
307726
350889
188348
110972
99
99
16880
251167
173882
71459
65304
451541
325302
53840
99
99
118757
99
159145
141459
99
99
137960
99
97285
208812
122964
99
99
559
138868
218806
99
114754
19630
99
99
69210
110886
99
99
207280
99
99
370408
99
321075
99
99
191134
141321
204202
99
35085
99
28333
99
99
99
99
56252
99
99
98
99
217907
99
125464
58341
99
99
99
99
62128
48042
313935
306100
99
99
99
46224
123142
217489
34495
99
99
99
407043
99
91053
99
70423
170893
99
313617
99
99
6886
98800
99
154350
4886
94190
171745
277532
180713
99
295445
67284
99
22829
34716
99
99
206070
38507
511135
15473
94234
173565
351193
243737
131721
21505
14940
30068
115039
86492
99
71365
29588
153799
275828
220173
99
99
99
102807
87802
49797
99
99
61669
176369
318566
99
99
46205
99
99
99
99
115815
99
99
99
157470
177651
438858
46024
99
160392
153590
99
510088
99
99
150691
296444
126939
99
99
99
99
99
99
239257
519481
82800
99
337760
407
277519
95516
99
44074
38320
99
99
98
98
97
99
215132
178340
99
99
97
99
99
99
99
99
41685
99
309219
338819
36564
99
99
99
99
11747
208314
99
99
99
96221
555051
99
99
99
57621
99
428515
92559
412198
198031
99
99
99
206660
2154
23870
98
99
47372
99
85451
432627
144749
38001
187983
180038
181547
99
97792
99
86551
99
249917
99
64678
99
99
99236
158118
226711
99
317646
262808
265647
99
107152
99
100742
99
99
97
116686
99
99
99
99
99
35474
377135
98
99
99
57294
99
99
87576
99
202804
99
64102
94161
103418
99
99
99
4024
99
19526
99
77525
10277
99
99
179900
156984
85596
97
99
99
411197
75155
86967
10896
97
99
99
63826
2514
89334
99
66817
15066
368547
99
206771
99
99
99
457136
99
32670
99
313076
99
99
234857
99
124282
97
99
218406
46584
99
99
99
156697
99
9626
27854
99
99
99
519911
414853
343169
99
158085
4737
99
99
191558
141848
68767
99
99
414067
99
99
99
99
122302
99
55895
362166
93
99
99
99
229487
95
75657
67483
99
390279
293011
99
99
3164
4851
164280
99
27639
99
99
99
99
99
99
89681
91
156388
28626
237251
281077
99
99
99
100529
99
99
246214
373522
1152
10235
557653
38984
43189
332151
366098
99
99
252779
268100
99
8904
99
99
99
90
99
99
369197
37056
99
501178
99
96789
99
65728
102732
99
99
2240
99
1063
99
99
35003
99
78019
99
99
99
384737
148250
29118
262014
94346
99
99
99
223177
486923
99
9963
85856
26242
178928
179350
451447
362739
25975
99
126958
99
125738
99
18512
24176
99
99
577773
101889
99
99
44322
99
37961
99
84679
99
99
99
99
99
8703
62890
15445
322825
99
99
158107
99
99
66
26360
78533
99
128576
1394
99
99
17698
12471
48866
414729
102580
99
131750
99
27187
99
99
1279
48445
92
99
99
99
14203
249862
99
6864
12635
534746
305237
99
68767
64344
404310
44405
99
210988
6414
143579
99
99
53518
99
99
412824
286000
99
67775
99
209831
42052
99
99
99
500229
57890
99
99
99
99
59272
99
99
238930
99
333888
99
99
99
99
99
83825
286075
99
179760
145178
76115
99
99
99
400018
9027
131486
99
112705
42025
75810
99
203542
150675
87633
99
99
97
99
99
99
99
166968
292889
99
99
102218
27284
299885
135462
99
48879
99
99
255799
99
21052
92810
99
30264
166388
276854
99
135843
99
292494
482627
7705
74875
99
99
99
47093
99
39065
241637
99
14560
173704
99
9986
99
56114
113562
11114
147799
82768
98
99
99
99
546777
99
17273
99
227720
99
99
403714
8660
99
480048
99
99
106752
148682
99
6770
99
99
99
10144
230878
99
99
99
54107
98
99
99
99
94437
99
21846
99
99
99
376940
155726
449451
99
332597
35222
364442
99
99
99
99
85328
58491
99
119075
99
99
99
311565
99
99
99
99
10266
97
147940
42127
98
99
123884
99
99
289073
99
99
2108
99
15789
413350
99
109730
56348
150218
153636
320871
337130
99
97
99
70608
354487
324759
99
315653
99
99
99
166197
99
99
267797
99
99
345005
99
94
99
99
99
383054
38156
99
99
75044
99
99
99
1954
98
99
99
99
99
99
99
13418
99
250384
98
99
69931
99
88364
4939
60309
99
1767
99
63642
8483
84628
12956
490524
38923
99
99
398829
176631
99
99
99
99
99
2864
104717
99
416366
48042
59081
99
99
99
99
99
89753
99
99
97
99
35369
89533
196329
99
4555
99
99
98
99
27891
183110
51413
218633
99
99
99
266990
6596
92
284251
99
99
188412
99
99
67736
423387
99
34903
97081
112046
99
22759
99
200877
190859
99
99
53614
99
107860
99
99
34094
94
99
62980
136025
21716
99
99327
99
99
99
282237
555997
98465
99
12156
99
99
99
62
7365
99
397347
249853
16969
196245
83740
99
99
99
146706
47987
288336
83087
261469
160250
99
31721
48158
138126
99
80
99
53292
99
130965
99
320468
99
358127
97
99
361809
138905
99
99
99
46617
221064
99
23116
10574
99
292903
99
49500
78
99
470684
377066
99
80564
118401
8830
99
4129
82297
294612
99
86259
99
850
89
186833
4479
99
99
34194
99
42502
99
99
33764
99
37623
247023
99
99
103784
73216
99
2707
136312
99
135246
114233
99
389148
46678
99
99
99
87
99
99
99
79794
99
65770
385357
99
98
99
99
98
3918
6056
99
53715
99
183340
300923
349589
99
99
99
99
99
95
98
99
99
171150
99
99
99
99
99
99
396712
3737
99
343485
405508
99
9983
99
80640
174716
99
425656
129381
135230
122089
99
62851
50179
265056
70609
94
375493
429158
99
227794
2729
99
99
99
99
224449
228544
305343
25823
224259
99
99
99
361332
210081
52341
99
99
45677
99
99
99
99
99
99
87311
99
102108
99
99
99
65466
13687
99
111713
99
131030
99
99
99
99
99
99
449879
99
177572
132647
17121
99
283140
99
373306
365315
99
113759
348796
99
99
99
99
99
2280
46436
99
45492
99
78835
99
99
335527
99
99
99
99
203338
1357
99
99
99
1158
113475
116645
99
403056
13499
356927
99882
4464
99
99
160791
99
656
99
99
103510
43303
98
99
276522
25248
80131
34959
161114
99
99
232830
132121
135041
99
302916
30100
124643
225229
99
99
99
78411
459147
99
19971
99
369222
406838
94
241404
99
99
99
99
396487
99
72268
99
247537
99
283684
75646
75955
255996
99
15102
103066
99
99
99
1947
351390
99
99
97
99
69257
12472
162477
99
99
99
99
160989
99
255336
442454
99
99
90
190572
99
99
34404
427669
94340
99
99
182396
529705
99
70533
100061
99
99
48439
99
99
99
99
99
170668
231831
99
62947
99
165130
103409
99
99
166744
99
57174
99
34689
466299
99
99
99
235649
163732
99
99
99
286362
99
99
124755
99
412887
4278
99
99
99
99
99
47455
99
99
6657
99
207761
99
455385
270677
99
99
99
99
99
213145
18903
10361
99
99
99
99
161285
129173
14325
99
98
75480
99
50
367566
99
7598
9650
32535
99
99
216183
26265
99
124465
537317
788
99
24275
269917
99
99
133496
99
262078
99
99
84374
85
99
106582
65584
99
99
320120
99
250197
92987
99
136740
27991
99
99
99
99
147301
173350
99
99
99
176637
278315
99
99
396558
96175
187382
153037
97
99
148004
99
99
99
99
99
101279
99
99
99
99
99
99
444154
99
160909
99
98354
193181
99
99
99
99
99
327260
99
88
5753
99
14188
99
242131
99
14202
99
99
27183
192475
318349
115170
94038
99
99
169290
99
350737
99
42495
99
99
70598
99
99
192915
99
426814
232500
99
99
99
82470
99
19536
395381
99
99
176574
99
99
34198
99
99
224594
99
5626
99
74956
99
102527
99
420523
46920
288901
99
99
112028
99
122141
89322
2200
298680
518770
99
99
99
177517
199081
99
186791
175163
30492
3118
99
99
99
38062
99
101931
84
171685
99
99
54272
99
99
99
99
99
99
457863
99
99
84846
8370
99
7662
99
99
201070
34656
99
294259
99
99
99
205277
99
252294
13313
99
99
528117
99
115874
40421
99
173465
99
168077
99
99
268518
176179
3138
99
99
37213
99
99
99
60411
99
89960
99
99
28781
97
13129
99
99
75848
99
387281
99
99
99
287691
99
249422
99
99
243275
442143
134060
50478
99
47769
99
99
99
32184
99
99
99
99
99
99
4184
6982
114637
99
13837
99
40808
99
99
2217
99
99
99
3172
99
3502
54307
99
99
99
42540
99
99
45154
213490
99
99
99
270467
325912
138619
158552
99
99
99
99
288313
458705
70024
335492
99
99
99
352970
98850
510276
167047
267010
26973
204192
127207
99
11304
99
99
358199
99
29201
245950
28378
99
99
132560
99
330464
99
11832
74099
139746
99
99
2651
336328
99
156054
83102
98
99
363313
99
99
96
99
34153
86019
324925
99
99
99
39310
99
99
457977
65
79274
259624
99
99
99
99
99
99
392471
145278
474184
2678
94767
204598
97
99
99
59523
388954
99
313451
387201
99
58534
81588
99
99
99
108215
99
99
222150
99
308462
396733
215663
265697
51005
99
246277
352705
99
210605
30788
210238
99
99
99
53894
44465
377846
273518
99
296779
14819
99
99
99
104813
99
99
99
242530
47762
99
99
99
99
122331
99
99
99
337476
99
99
46489
141286
99
8490
99
99
423394
99
99
99
99
134853
7803
12319
99
99
99
18120
77328
15440
99
99
99
120860
53802
345510
99
99
99
99
99
99
60440
99
289081
521504
190854
165758
293133
99
272991
79398
99
99
99
99
264934
157133
99
249124
99
121890
99
219652
99
332065
46823
99
208653
391438
516261
5026
904
23109
99
114707
99
330322
59934
327879
99
99
31835
95061
17030
99
160444
5687
99
99
99
236425
99
99
256095
73689
99
99
95114
99
99
34024
99
99
266435
313414
99
47209
168044
6409
544350
99
99
22391
99
149309
51136
153276
61531
128360
98
99
148352
99
99
99
271844
99
99
266600
99
99
99
35171
144257
99
88504
99
99
99
16322
220226
99
99
99
99
121979
242358
99
142665
99
40874
99
316607
46033
346574
131599
99
99
99
99
99
99
224733
99
99
99
98
198538
99
99
51296
82700
99
116483
340288
99
99
99
99
76009
99
99
255102
181926
34128
99
346570
6609
99
99
99
67508
99
143008
259154
97
45184
163985
99
99
182099
99
99
43999
38807
99
99
99
99
99
99
99
34827
99
99
224765
99
99
99
315443
548296
99
375270
550350
99
99
99
9901
357288
99
99
545877
99
99
303884
99
99
71187
99
427237
174951
158937
99
99
186032
1899
122708
99
92845
99
99
99
411999
13431
99
215163
434605
32095
116966
99
99
99
222163
108829
99
99
15388
9377
48816
99
99
99
99
202997
99
179375
99
349197
99
99
99
93996
99
99
99
99
99
37993
100129
93461
99
68043
101470
99
11936
99
133779
99
95186
46880
187860
108847
129322
193893
99
509360
99
99
469306
99
99
99
99
424229
559957
99
13475
110130
2647
99
314398
99
9254
8931
99
349095
99
354491
99
99
99
281076
99
160518
99
99
99
30060
22186
62264
186094
215530
99
17840
99
99
176567
99
99
288524
7682
33228
41772
10753
99
99
234717
99
99
403265
531199
90
313384
29646
99
10072
337395
99
19940
99
1784
46351
99
108822
99
98
422124
9435
99
367405
2167
99
297204
431888
87348
99
147256
46570
13985
299273
328249
99
339394
129576
99
99
64777
24698
125538
32852
77085
2591
99
99
162470
9342
19065
99
99
98
422580
8144
295343
99
8165
99
99
99
331059
183353
99
128548
52430
9998
99
99
94710
99
99
99
99
58678
3634
468137
99
223306
99
99
115911
81651
84482
111987
99
99
42690
183979
99
71974
99
99
130389
463422
99
117123
98
135219
99
253082
72279
180127
99
99
98
99
99
61555
99
54216
76574
71606
67857
100623
181122
115971
159510
99
92729
99
180734
250366
99
99
99
99
38028
337464
99
55736
13762
49526
99
99
56981
76184
99
35021
318232
46279
99
99
116329
99
99
258658
99
22586
28861
99
209033
140667
278891
99
99
385047
99
99
99
99
16755
99
99
99
162320
99
145212
30108
101819
99
99
99
99
99
11096
99
99
169955
27863
99
99
99
376111
99
200390
16727
99
99
56708
99
99
99
99
99
190355
885
99
300788
99
334398
24492
411337
253702
76657
51564
99
168902
175304
10615
290063
99
99
437923
99
99
99
99
445799
114595
99
134357
280514
99
316072
99
99
99
172728
99
32001
99
122269
99
99
99
97
2911
98
312235
99
99
99
99
99
99
99
6378
99
70465
134876
99
136552
99
268888
15673
99
106654
99
177217
99
99
99
9946
99
408505
239086
99
71701
31102
98
117831
266492
99
99
65041
280921
242260
12472
464583
99
292909
5329
99
113090
17844
28830
122450
99
82118
123058
99
99
29731
99
99
52674
99
110395
99
99
99
48085
99
282837
99
99
118906
99
37801
13686
98
24269
99
20955
168550
99
99
99
2051
353656
99
99
96604
77223
433652
99
99
70131
14487
99
341791
99
99
99
99
374202
99
99
99
351210
99
352230
65609
99
99
95
99
99
99
216016
69325
99
21915
254713
121535
99
99
4894
99
378528
405880
99
99
99
99
79861
184988
52949
302173
99
7970
99
10166
99
99
99
60264
99
99
99
99
207137
82222
99
99
99
170183
29431
99
230939
46827
149385
98
53074
99
141595
502638
99
99
195408
99
9294
1888
204
5312
3812
99
99
99
98
319407
277123
99
239047
74337
99
89
36896
99
99
99
228661
133781
99
127504
22069
253164
117241
300296
225860
115117
55433
99
99
187664
3301
99
99
99
131967
99
99
99
99
99
98
9782
99
99
99
447265
99
14294
95
407890
176741
73886
144756
62626
205611
123103
99
99
337570
99
13080
145108
133178
99
99
99
222213
388963
99
97
99
10212
99
282250
98
99
99
109383
351445
99
65425
99
86121
99
97
473
99
99
13617
99
201101
30992
13241
27663
99
224105
149944
99
99
99
9138
112864
99
363044
419502
380886
281951
380495
99
99
99
99
69527
99
40438
99
99
2363
407326
99
174796
99
298566
71700
99
99
99
99
574419
10636
99
177876
130864
49506
99
98
26775
195821
99
99
36387
243147
99
97
45600
320964
99
211339
99
350046
139644
99
234736
99
99
95
160006
222873
2640
99
99
76412
156345
99
99
23459
117624
235664
216418
135720
99
5795
39745
108771
99
413105
99
388282
266900
99
367066
99
51012
99
154871
99
192773
99
425207
99
154156
245196
99
90125
99
99
425114
199944
15106
99
99
99
191891
66169
140226
99
99
99
143813
99
273608
99
305592
144659
2514
99
362151
227245
94874
99
99
21809
99
34711
285104
99
21800
99
37286
99
168677
16223
99
335894
99
99
74797
225887
99
98
58759
36
99
99
99
99
99
105141
35488
99
338975
435170
99
99
47092
99
24830
163059
99
86042
180396
215309
169275
99
99
99
47072
287282
70322
4797
316376
199597
99
169043
99
108755
86202
99
232746
99
35775
308117
99
99
99
99
99
99
99
99
329
99
99
13387
120789
99
31605
121195
48802
220847
58067
99
99
2367
99
99
265466
310568
41926
45024
99
520551
99
116675
99
99
99
9224
63131
35055
99
112558
269988
72980
230454
99
99
99
99
276203
337039
31103
62684
13566
338019
97
178264
53884
99
44684
99
99
99
99
143581
267336
30529
99
120438
9224
99
99
342152
52123
99
10630
266172
20943
81
162885
99
99
261385
99
137671
99
99
99
268717
99
99
94
99
99
95585
321441
56835
5404
102898
99
341552
99
99
352820
99
99
99
99
218284
133011
261992
53721
341672
99
47319
99
44676
99
1345
62967
99
99
99
99
305371
99
86831
99
33202
203930
99
99
99
99
472326
99
99
189733
99
68257
10727
99
99
216955
118623
249249
334252
45534
52179
405707
99
39796
103664
81
393593
496462
89
402166
491429
99
99
91959
99
28149
99
107527
252334
33888
55166
94283
46024
71512
18489
99
70091
114465
235389
430227
99
99
98
44142
29577
471981
252869
457358
99
99
193522
99
4084
14930
99
15999
457586
64447
84184
99
160520
393227
99
99
99
35659
1276
31303
62122
99
99
99
255641
99
32704
52647
99
131965
202077
99
99
380666
22484
99
99
314936
99
625293
52963
23867
99
407623
304089
156011
62272
161352
90531
15372
136847
99
22265
84135
81284
99
99
99
265407
99
569882
422400
99
340733
99
98
103483
229232
99
19824
399304
99
99
99
98
206884
99
99
355084
99
99
105789
99
50717
99
398263
99
141721
99
421518
57712
353661
49318
99
99
99
99
99
124049
99
281263
376437
99
99
46341
108366
99
22105
35627
99
568206
99
120568
99
99
99
99
213578
99
159418
3798
99
99
99
80857
205349
99
99
211007
339856
99
99
4752
136661
99
99
5449
240867
159816
267464
378373
114660
98
243079
99
236745
99
139176
61629
178587
99
99
8047
381442
65331
228221
99
277400
99
99
99
61179
99
19602
99
99
80892
60354
68696
99
477536
99
99
99
99
99
1221
99
96888
3307
107136
98
13912
99
99
99
59383
104394
99
141645
45524
127758
90953
99
99
12334
32750
99
98
14330
99
39792
190389
99
13019
10969
100001
99
53649
99
165774
93096
142419
65590
443196
363735
99
99
99
99
99
99
64658
99
333853
164322
99
99
99
380547
139326
99
99
492707
99
99
416975
279834
45006
99
99
10961
73363
219478
165053
53291
94
99
205209
99
335869
99
99
99
99
4813
193202
99
184110
389321
46748
432513
99
36224
99
99
194509
99
9697
99
98
99
407
99
99
99
70170
313156
1568
99
240726
77
29035
99
99
99
99
24604
245286
99
101564
58449
99
99
99
99
99
9341
99
99
99
99
326837
99
99
99
99
99
99
339350
38980
98
52245
558746
99
99
99
99
99
463790
99
112807
99
99
280866
99
99
99
99
99
76347
99
63706
99
99
99
99
99
147493
99
92556
99
157397
99
34482
99
130289
99
11752
217432
99
99
434704
99
325507
33725
40105
99
51571
99
85597
251198
162926
102992
593187
39352
48987
259995
127356
17823
99
370224
114906
99
94
99
171443
128494
99
99
99
447067
99
4199
99
99
99
39760
99
99
99
99
98
99
99
339179
99
99
99
27202
150168
99
250163
64654
99
99
65604
99
99
141675
99
99
44951
12935
434435
99
99
146299
99
6783
99
52927
132157
99
145907
99
13631
99
95113
99
6180
99
99
71162
52672
86154
197114
98
313959
99
147927
9601
366831
535247
99
99
224510
99
99
278208
99
451904
98
27289
298254
41284
97
73550
2359
99
70823
99
99
99
282875
99
99
9232
36847
187619
99
99
333943
122761
99
565059
169064
99
66748
99
99
99
99
99
95
99
332287
484103
99
39262
332588
99
99
99
370952
99
157335
357090
255253
91143
112790
467624
99
99
99
114165
99
438313
158417
326065
99
99
110635
99
98
236046
99
99
229342
99
89711
99
99
99
555114
23415
99
99
181653
17508
99
99
99
99
99
440891
99
43918
65326
479834
276831
99
77691
99
99
3826
381130
99
40031
112675
121705
203163
182131
99
8618
99
99
26261
147122
311348
296031
15038
99
123247
217697
21615
99
51632
99
268107
217802
99
404821
516882
99
110462
77352
99
99
23807
176368
99
342309
99
99
236543
264464
99
223403
16534
99
99
99
99
99
99
167166
6564
99
218993
99
93263
15974
115991
99
99
99
217667
12374
99
196327
99
423496
335949
147850
63117
356198
95310
99
99
5758
99
77710
99
1476
11356
99
99
82731
99
112856
122283
99
24487
16243
162207
99
56623
99
99
99
99
47249
99
128743
335042
136485
69140
99
197595
99
99
99
25236
224331
3220
99
99
99
90002
99
9455
99
330348
99
94524
134808
148484
99
45515
99
358214
99
585
99
65421
126544
99
56304
60178
11987
9556
99
220989
99
99
385417
99
258509
309093
99
99
99
99
99
14655
99
87016
44708
99
52541
99
12046
99
18913
403809
99
99
369328
331825
8177
99
99
218602
203022
94430
99
99
84574
99
99
218728
99
99
99
99
99
153972
99
99
99
65377
99
19372
22502
99
99
68889
99
486670
86516
99
99
99
99
55307
99
99
130113
274997
9473
78116
188067
99
125866
48102
99
99
99
262798
21177
99
19336
6407
19026
27342
133941
99
176576
547698
99
480568
99
99
99
246156
401305
30833
162485
99
99
36877
99
99
99
99
36189
98855
99
495857
99
99
214951
99
99
99
99
99
74363
283929
99
99
303817
99
99
99
375341
99
5670
28172
99
61136
99
41530
99
106066
301
99
101548
136372
299612
261328
99
60766
246798
99
205121
30558
119733
99
41626
124091
99
99
140320
99
99
99
99
99
99
99
91680
36301
99
65851
27144
99
133994
99
99
107273
99
308831
99
47227
243687
376614
99
281783
99
99
303912
99
15773
99
198916
99
99
210593
39848
19489
99
98
99
99
189188
61313
22621
99
403827
98319
3282
99
99
4729
71172
99
487903
477914
99
95999
99
99
99
99
61984
7309
44116
99
99
13675
99
190720
99
99
13596
33617
60895
81783
22048
99
14214
99
99
99
29721
99
99
212225
99
99
99
99
294937
165943
99
99
99
99
516138
190477
458903
99
99
153494
99
99
50619
99
99
169752
99
1774
99
99
166918
99
1632
298327
99
28174
99
99
235566
99
99
99
8125
99
394214
99
437173
85677
99
462545
115937
47878
99
130141
99
99
210303
727
237362
330582
99
251607
99
89060
99
99
85229
175153
67448
199297
309520
99
99
99
26820
99
99
389400
99
548064
344216
99
402140
1217
99
99
99
99
99
82550
99
99
49094
99
25814
99
12842
294570
192867
99
99
113514
43291
99
99
78653
375390
163497
233463
99
99
161300
73882
84214
99
179487
310100
94
99
99
233574
99
99
238312
99
99
351492
414805
203
389
99
121734
98
59928
121177
99
281310
99
40364
99
8897
374622
91
253342
47134
99
99
153674
173512
49814
243270
66692
99
6008
6861
274556
99
99
80773
125067
98194
99
169989
67410
78263
100460
114852
99
99
145411
99
99
99
212775
390950
453002
99
99
99
99
98
99
99
99
77226
173556
99
276235
99
99
99
159605
11845
99
109841
99
99
25236
217331
71385
26273
96
99
99
13036
14498
99
206076
99
218272
99
99
130169
99
99
99
189427
99
99
42398
99
99
99
30116
99
55933
99
98
99
99
99
329081
99
99
99
99
195088
99
1506
98
99
99
194732
99
383007
6648
99
288566
155148
99
99
99
15387
6112
99
99
216971
13071
34014
99
397158
236521
99
230946
64378
99
165210
99
141046
54250
77458
345788
99
376175
99
36147
99
99
197137
1715
104023
70620
367701
99
97
60495
99
115672
32093
99
15846
82640
13958
99
99
93309
213823
99
163112
31770
106280
49751
45284
99
218797
99
97758
336928
99
120522
99
48874
9981
99
140389
99
99
99
99
36739
118546
3829
31109
28413
26915
133373
17692
97
99
98
99
15389
99
181316
226825
178503
99
99
99
43330
143612
1242
448562
248576
450978
61019
159112
99
99
118520
227125
99
99
334676
381784
105961
99
99
25841
154026
99
99
120412
99
99
99
94931
99
207434
300533
99
316605
99
99
99
99
72183
99
99
270194
99
99
44673
99
99
146989
247780
99
189524
99
99
99
53953
490835
99
13363
98
266395
99
99
99
79778
99
76547
176443
99
581163
192016
99
47222
23095
273978
99
99
99
99
273122
99
256884
99
97
99
99
112865
335986
