500574
40731
99
99
99
99
123435
99
99
281252
453090
99
173637
99
99
474366
99
99
27923
59157
98
99
96
99
99
7489
99
35382
71634
99
99
99
40145
291808
6347
1280
99
266215
6288
99
99
99
99
99
99
99
99
99
99
55552
240131
99
99
99
99
185790
271468
99
99
20369
99
197204
64758
99
99
157331
99
81309
112673
101874
99
75373
99
99
230772
99
99
3439
494703
99
458749
99
99
99
99
99
70172
187049
99
99
50195
270447
99
99
99
99
12573
172078
99
215381
99
126206
99
17499
96
99
206321
80194
99
120176
33856
99
99
306727
99
8618
99
44625
16762
99
99
99
169096
25440
99
99
99
99
222479
36775
14030
99
99
14464
78741
376888
99
99
99
99
9939
99
97
99
99
98
9767
199709
272225
99
164150
168643
105518
133125
31154
99
99
99
99
99
69796
25198
1853
99
99
53872
99
263179
139995
53339
223446
41262
296990
99
23771
99
214371
99
166033
361469
171572
99
115428
99
99
99
49279
175835
99
99
55130
99329
99
99
99
99
99
9769
99
67757
99
243778
142439
99
66261
99
99
99
99
19893
72965
99
99
98
99
99
207973
99
304276
99
1935
99
99
99
149653
553917
248368
99
99
124653
99
11791
99
99
295514
179324
6933
99
196575
61450
99
99
298360
99
99
99
236116
135084
99
172334
515881
48002
99
28069
480413
166357
189064
99
99
94583
99
99
98
99
99
99
177211
47993
99
99
26447
99
99
99
401013
280399
99
99
99
99
9388
99
99
99
99
99
1493
121116
100087
17327
545071
233285
99
348420
160239
99
99
99
182651
99
22922
200239
243125
508908
67866
99
99
99
99
99
30885
99
99
192617
99
94584
99
99
118761
977
99
469976
57397
99
99
99
99
176621
15128
99
37510
99
25855
2668
6810
99
20964
17742
392538
236062
315204
96
258308
298426
99
267994
564034
41976
99
2744
50880
98
72342
99
99
199641
6151
99
99
27361
19201
51105
212441
99
14002
39593
8280
247213
80476
99
29129
99
189184
99
99
66687
99
99
69292
99
99
99
140477
25827
224576
96
99
747
99
127333
99
427817
99
485922
99
395129
99
252445
163386
106914
99
99
99
99
24135
353310
139626
4215
11393
99
49985
99
54931
43961
99
99
96
43959
99
71424
99
182097
13658
99
99
454000
160929
99
99
99
151490
74597
99
99
90212
349956
27768
99
99
64481
99
99
45521
51189
75397
55506
198166
281510
197844
208392
99
60146
310638
99
216412
99
29908
99
99
14483
4196
99
99
99
99
547404
98
99
99
99
80116
38371
98
189730
99
99
240415
99
303508
99
47303
15934
99
503255
99
402852
2352
6528
210388
99
303893
89
328666
18696
99
27162
99
99
99
99
274006
99
13688
99
10156
100785
99
161199
99
99
99
3678
99
465808
224517
126246
99
74206
73157
116859
98
141917
190386
32360
206475
99135
99
99
99
396102
154262
9433
99
69119
210672
30341
206392
122488
266341
26649
60243
123003
99
99
99
18691
25925
99
99
293813
85113
99
34676
99
99
99
99
99
99
99
99
2738
99
99
350691
317796
99
99
99
99
99
99
98
99
154595
99
106619
99
99
99
27793
151670
99
42781
50753
487996
99
99
61606
99
99
98
99
36827
70941
99
99
99
99
99
24135
99
99
40405
99
125605
99
99
99
39186
99
99
99
8437
140529
489769
259148
54758
99
227708
64799
37681
99
99
99
22540
78109
99
168152
123044
99
7473
99
102779
99
99
284761
113291
14071
98
99
250755
482029
99
99
109397
99
99
99
99
99
105208
99
99
99
97
531009
241633
416397
28812
84809
99
66716
440112
249272
99
187169
97
313139
99
434710
26638
22398
276114
99
99
26396
275838
99
99
99
40075
98
82580
17729
99
339724
62504
99
75567
20359
99
99
99
110595
64562
248131
99
20800
15877
141027
84231
373512
99
34348
120674
10871
16603
5421
121767
226670
511934
152
3548
99
99
43327
99
42948
99
99
99
49850
99
99
259034
99
99
99
99
311414
200263
99
497725
99
66411
99
99
99
2144
99
209900
11057
99
99
99
1617
7761
45707
62231
99
396360
252885
99
99
85526
83847
99
98
67751
408070
122787
560356
99
99
286542
147246
96
99
145861
611809
44639
99
30767
5440
99
47097
99
178173
130245
76188
40909
849
450322
99
3159
99
99
23331
99
99
99
99
99
99
291092
89
69788
99
99
206706
134672
156744
95181
99
99
67708
99
99
427943
99
99
158053
214548
99
7093
99
142234
99
97
290380
99
99
92866
207092
99
99
99
13937
297075
390806
60402
37372
30890
99
99
291497
99
99
196049
46969
183630
99
162919
109559
99
114940
470
211316
291117
99
99
99
99
275778
99
19447
99
11291
155448
57618
548763
99
99
99
11619
35933
175004
99
99
99
224672
99
99
99
230587
99
11772
99
411563
3399
82528
99
99
1143
99
463537
99
170506
142684
99
151855
21976
121136
6720
99
244521
179736
99
98413
99
269588
98394
83440
99
34320
99
99
64089
99
99
99
99
162054
99
114840
251080
354302
99
99
1714
99
450944
99
153873
99
186438
8605
99
99
99
99
99
436501
99
70676
540755
38008
99
198965
104955
20051
34901
146960
132171
323950
401389
99
570151
133858
52151
99
99
80401
24908
10785
99
99
99
99
313698
99
129581
74663
126468
99
13754
99
94
99
99
99
43815
286936
99
164966
99
32364
56107
69034
120036
99
97
11749
99
5281
99
350278
53788
138767
99
99
99
99
99
156094
99
3953
81939
411107
99
9519
99
99
99
99
99
99
51254
99
99
5044
217908
111464
13951
154690
537193
110551
14119
187942
232011
29300
99
119787
99
120217
99
99
99
99
135038
99
10036
151974
99
99
92943
99
168400
115492
251254
99
392325
94374
99
99
92004
196180
99
73036
99
48550
167969
99
99
106784
2762
99
99
99
99
15470
294763
99
99
99
39980
99
29047
99
99
58778
99
99
99
99
16127
99
143281
80075
14357
99
99
160597
99
99
9827
99
148173
99
99
99
99
78361
99
2310
99
99
16344
3733
99
28455
99
99
328808
242640
378748
62682
481499
99
99
38523
138014
99
99
228796
99
288070
99
502255
397539
49972
21061
31924
454826
99
99
164073
99
400514
99
99
99
99
122989
99
42451
99
99
99
80971
139821
11073
401908
428199
313
99
99
278781
237938
1871
20206
99
99
99
99
99
204896
99
99
298377
54424
99
99
99
284929
328560
192922
99
99
120593
258483
99
131695
99
99
6836
99
286175
98
99
99
99
76956
210607
99
99
4117
94570
99
266909
96
333458
99
92117
6174
98
441730
99
36767
10402
52219
10272
82532
99
99
99
99
168242
99
48272
35538
106575
99
58499
99
205749
99
97
9858
531613
186603
193837
99
99
99
99
99
99
87023
158558
228843
81034
27839
370325
8535
99
99
99
99
99
99
53291
99
99
47634
99
99
46168
370690
99
99
99
221461
99
99
99
104355
99
283449
99
99
99
11971
99
210320
99
99
99
69604
25498
99
11602
99
58180
352152
99
211979
99
230301
99
99
99
67063
52443
99
99
99
57637
99
389772
99
475036
233165
99
331142
41481
99
79460
202053
99
29451
99
99
99
99
99
426028
99
75750
57028
512476
10263
99
89263
60410
99
54541
99
194552
99
99
338957
99
421353
368925
964
18192
108888
252835
22738
99
311383
99
262954
99
99
298275
99
3413
223601
34831
98
99
353606
99
99
493533
139583
32532
198897
470146
125180
135731
99
120522
99
11520
85569
64307
290985
362642
122858
99404
99
99
99
180047
466839
534856
99
53837
99
99
206783
99
413
99
221114
21850
99
272145
360823
94868
16216
99
99
64558
90183
245081
26216
271510
99
99
99
99
292128
99
99
7211
99
99
82985
99
99
99
99
99
99
99
99
134456
99
99
16983
99
99
69464
99
112708
87250
99
281969
386676
199527
99
81822
99
225019
71866
99
254725
99
99
99
91379
99
128952
99
222788
99
99
99
99
307218
164495
243723
99
99
99
99
103903
99
41993
99
519609
472495
67488
99
99
99
396334
99
209196
99
19371
99
99
99
397286
22537
132420
99
99
32300
201536
40946
279700
390887
99
103222
94927
99
99
99
99
99
251889
310842
99
99
283883
139034
185920
99
223350
99
99
79218
99
125871
20774
39425
99
99
99
99
99
99
151532
22615
99
76384
27876
99
99
99
12812
534281
99
208583
99
99
12733
99
99
99
169397
266582
99
85845
74309
265785
215658
99
224931
99
23723
17622
201603
20834
97440
7953
61607
184711
101223
57755
85
83629
99
99
99
99
96449
81279
36691
99
99
5458
397387
99
169917
99
99
2866
558333
99
98
99
162267
25839
565499
21685
99
156944
444833
99
64648
99
99
386991
125975
99
99
99
210537
88855
99
99
99
99
52435
7807
99
99
182288
310772
13042
108575
217650
25260
161283
340034
99
99
102102
246551
461017
82908
163628
353256
99
99
267380
99
82737
155403
99
341135
51729
99
99
99
261543
99
99
99
606
128161
184667
53860
99
88
181649
99
99
118725
79025
211940
99
99
102517
99
99
19537
99
511239
130955
99
99
99
331303
9085
99
99
99
99
99
99
99
302536
376643
99
240689
41603
99
148186
99
99
10733
385387
99
99
99
99
321651
99
99
99
99
7008
132623
30519
308744
324702
266609
99
65077
99
99
3970
99
193769
277877
61575
99
80703
99
19360
98
158173
75167
172592
302320
99
99
46073
99
99
99
99
99
99
99
8104
156495
99
99
99
99
275198
7668
99
97535
442962
99
99
72489
107737
99
107415
247215
438689
112194
189142
99
99
99
99
99
99
99
6162
178742
19839
99
98
14585
99
76534
99
523696
30282
99
99
134073
99
309242
99
136295
522996
70697
330652
15427
145887
99
99
128982
99
99
3995
160719
339454
104319
16532
86659
99
99
121779
99
100957
370408
385990
181047
298721
99
263677
365431
99
99
289929
99
99
99
135042
99
6828
99
98
99
99
99
5882
99
99
99
130837
99
99
109398
96
99
80483
98
186883
99
232441
459701
196555
182137
99
315221
301132
21502
99
99
199866
46502
99
458551
99
99
148716
99
99
99
69993
99
99
99
57293
306887
38201
99
99
99
196042
144867
99
99
497226
221813
60526
99
81556
99
272035
26286
155372
99
99
99
99
99
33655
135532
99
43294
580930
25712
302613
99
99
99
196166
99
99
170253
99
99
460999
99
134839
99
534791
58325
116550
58
99
56440
99
99
99
99
5876
141580
99
183773
99
96
319999
99
99
99
99
105632
99
282537
99
97
99
99
233663
168828
99
400530
99
99
99
1516
99
58893
46405
259026
205998
107730
71379
99
99
99
99
253962
99
99
8682
183093
99
99
228148
99
99
53101
99
99
110080
99
106280
99
99
461426
96
99
99
99
48245
99
99
6067
132789
99
99
99
178467
99
142886
1467
140635
99
99
140497
99
79026
99
189778
99
259858
99
99
93188
119937
226197
152047
144616
478095
99
99
195990
58704
99
3928
1330
139076
122961
1237
438596
99
99
99
47411
1575
99
99
393621
99
230355
469556
189115
99
99
287894
96
99
14236
280959
99
99
99
99
12161
99
266006
99
99
99
98
1009
99
245117
95881
97
98
71556
99
99
99
41241
9769
99
101665
13806
380903
102593
99
212455
28298
99
154658
99
95398
23445
97834
99
481
308346
117411
143691
110572
99
99
99
321054
99
99
186992
217051
123113
99
28838
22124
260396
57234
99
99
99
99
406917
99
99
14503
99
99
99
475756
99
175270
99
95
99848
99
99
99
99
98
131256
66703
296197
99
99
619
36159
99
96319
242018
99
34931
355131
99
99
60852
119130
99
157277
78444
248529
99
121141
99
99
204729
99
99
99
270254
321294
96
348345
99
99
65393
99
99
194022
99
99
163989
99
99
103363
99
99
99
99
8568
99
25241
169445
99
175462
99
317039
99
479728
209040
99
68973
99
99
35848
59458
99
99
99
99
99
99
99
379624
99
99
99
355105
99
99
99
492821
99
7858
4386
99
99
337463
449077
95
99
66
96
168481
62700
38117
84053
137672
99
120826
99
187735
99
278678
66109
77131
99
568779
99
261841
197045
41563
99
99
99
99
99
99
373195
384525
99
99
4495
32607
99
400446
99
383052
99
99
49819
274072
99
99
99
301502
44081
184660
99
157021
127266
83809
99
201604
63941
99
33900
172037
99
514486
28459
99
99
3112
40529
190326
35251
99
218777
59376
99
5326
326714
42180
483654
99
15484
99
99
99
150040
97
156825
99
126312
409534
99
91676
99
99
541
260481
99
262717
211661
55605
99
99
99
99
364922
263840
99
53515
99
99
99
90
88428
217795
99
4645
491907
493907
99
99
135165
96
99
99
99
99
99
99
99
96
99
187296
26357
12506
99
99
155123
99
99
269009
99
99
99
99
157133
86952
99
99
272626
99
99
119244
65019
73041
99
99
2147
266494
99
304332
99
99
118501
3328
93288
99
196106
99
99
99
310780
99
58646
99
99
99
99
570712
153272
153801
99
516680
45820
99
21274
99
99
99
16170
99
42333
100
99
245949
439233
2896
99
99
99
28516
112013
13003
303616
99
98
99
56367
99
276328
99
99
2309
581749
344983
99
389518
58528
394535
74199
69193
99
93092
386200
2110
4120
225861
99
100401
99
99
336260
78001
57337
99
582819
99
57324
23114
66348
256425
99
275226
109358
101871
250055
12696
99
57846
247714
99
99
99
98
312082
23137
36820
99
99
341597
315591
86150
892
371270
99
36434
99
320771
99
183372
99
11632
99
297823
154524
254521
99
220337
242118
99
269870
99
291592
99
449432
99
99
99
99
232786
269965
13310
99
264608
99
99
33380
99
256688
27126
98
99
99
99
43204
99
98936
99
462306
8904
99
101845
39315
45294
99
260939
306112
99
99
671
22772
217881
99
99
98
27789
298040
251812
273375
99
23793
99
99
99
108941
99
99
34462
18102
329295
334198
99
99
398074
28172
99
3642
99
27382
99
99
233469
19820
99
6727
112406
2787
30621
186108
40883
99
99
99
502206
99
99
99
298059
99
99
99
99
35429
113585
99
16790
99
53158
99
99
600476
133690
99
16412
99
77234
58613
99
99
100875
99
30516
99
5241
325761
300189
99
350010
158689
99
99
99
433787
130408
42344
54773
15571
99
43484
96
22340
38286
187363
317436
24026
99
41418
99
222309
12065
99
98
111466
99
98
2448
24862
76364
221507
64159
263967
99
99
99
268435
85656
368004
2016
99
14618
84216
99
82446
5587
99
440523
48680
39706
319088
222714
12186
46
147435
99
246238
99
83377
104003
99
99
142926
333465
139694
99
99
99
99
59862
99
99
256530
217509
99
99
99
127686
374249
99
10471
423064
549657
99
99
157145
99
99
99
126622
227798
99
99
99
99
99
93427
103268
191813
30216
103655
48845
99
99
99
6444
99
499997
99
99
99
99
191553
98
99
41220
99
99
99
99
127434
99
389285
127741
11428
228468
194225
99
99
119
99
578507
209932
254818
99
282267
99
277831
99
261103
99
236
99
99
99
94865
99
115385
99
22676
8237
429401
4131
32064
46247
12230
99
99
245018
99
99
99
99
98
99
11389
99
99
99
99
99
99
99
119728
99
107480
98
284715
99
99
337620
39550
723
1163
99
121145
99
21787
99
99
6593
99
41765
186568
445231
99
70995
340661
428865
99
25506
99
99
99
185780
81169
99
99
99
99
99
99
110412
149977
99
231122
99
99
148322
99
99
99
99
99
99
99
99
89073
99
13339
75930
99
99
2600
99
122029
99
31856
47101
99
99
452399
265084
130089
18729
99
258034
99
234103
117592
99
99
99
70230
99
34290
99
149252
99
99
99
293594
60208
99
188340
99
84365
99
415833
133770
99
99
99
55333
99
25246
296209
99
98
99
212326
39107
114301
59168
99
99
99
109089
158719
99
99
204139
481
99
99
189373
99
99
99
205516
99
177286
99
99
99
197657
99
99
99
33378
99
283869
99
369411
99
36917
99
13194
99
64094
99
388043
99
99
207248
403811
99
86859
434912
99
76460
99
63569
397602
99
121623
99
98
99
99
99
99
99
385745
99
114295
112404
164985
3235
63183
165807
134228
99
77269
99
99
138839
70810
364432
99
99
36972
171157
214535
206142
99
99
99
75246
99
46196
99
46390
99
99
5992
273694
69361
99
99
47098
99
183583
21380
99
99
99
99
119402
98
296496
99
99
99
99
99
178803
113630
99
284312
99
99
105692
210430
218028
303081
99
500716
135865
99
279218
99
99
171297
99
99
99
99
76305
186087
99
231047
99
543627
386348
99
99
42667
99
4835
99
99
99
99
124701
99
78564
26346
177513
99
99
99
85661
99
87080
29088
99
375948
32557
99
99
339434
23076
96569
99
99
299605
99
99
99
99
99
99
99
99
222169
99
191049
99
99
99
99
81901
34979
99
43735
99
99
99
99
99
99
217394
99
39880
99
9496
23820
99
500128
180523
39476
58739
542712
413188
99
273995
23304
99
20770
440515
96
110965
99
99
64918
95182
329604
124401
314152
99
97
172930
219068
114734
99
7521
99
11950
99
120031
99
99
8738
22342
171588
260831
99
99
99
99
246588
99
51312
142086
317784
99
184223
2494
524462
71514
424682
99
268476
448129
99
99
99
60755
99
99
71366
99
52032
99
85108
99
99
92729
99
99
487089
99
99
496487
234633
99
314583
99
179174
235332
99
99
99
428885
109832
166934
99
99
99
99
265424
99
99
99
57697
99
71219
99
99
359809
99
99
20006
194103
99
99
198917
66739
159193
99
267330
99
79126
99
99
425553
268715
4169
99
31817
68857
99
99
99
219610
99
99
99
50203
99
97
99
390
131793
38247
338427
310713
293390
135857
99
96
103886
211568
75699
99
27486
16771
99
89088
201295
99
12442
99
380438
99
99
29188
9283
99
325926
99
99
222608
98
3719
99
95
99
99
164599
99
329707
99
99
291899
492360
99
99
99
99
99
99
122164
99
99
126765
81189
99
98
99
99
9497
136898
99
45899
193817
110074
196581
182347
99
252175
99
99
13934
99
38988
149952
202770
225287
99
278477
99
96
99
151779
99
121648
99
44252
416160
345195
99
41223
3684
99
99
99
99
99
99
96
49523
11858
99
144128
99
99
99
99
99
2500
99
100338
99
99
379538
99
272217
99
21222
99
99
161853
56917
184189
37298
99
195782
66426
105832
99
323717
133066
319929
99
115728
158893
99
99
99
99
58137
99
97
114363
99
303869
427805
99
99
98
99
270357
99
120926
196411
398135
232689
99
99
330654
99
99
99
111406
99
264413
13992
99
99
29014
67326
113271
99
268821
76166
57842
99
99
99
99
387178
304843
99
99
11488
229599
48855
99
99
166906
106606
443836
99
13663
394318
408375
266750
156565
99
99
188974
99
473925
99
5539
99
52618
193351
99
205261
99
99
295335
248834
17457
184717
99
96
435301
65057
99
343979
360915
98
99
83571
99
53388
99
99
13608
99
14325
489520
32795
99
425414
141864
99
99
98
10993
370
286830
99
185017
99
191014
373447
193660
31722
157249
27370
99
99
99
125471
99
99
99
100417
70
13200
111323
99
99
252382
99
99
99
99
99
3559
220664
99
157575
99
377793
259312
99
99
99
169541
99
122
99
99
99
148172
99
331033
99
28462
99
272451
99
99
99
127126
97
80517
99
99
99
367874
99
99
99
99
48298
43262
99
99
98
99
77403
103267
99
22563
99
183097
106683
99
99
99
299431
264396
508326
99
99
99
99
99
99
30985
45417
267295
99
99
99
324043
53054
98
84602
350847
101432
335811
99
99
155305
74497
99
99
22060
143154
314374
2631
99
29079
334254
99
99
99
99
96
371578
31474
99
106449
99
273832
99
524944
99
3680
99
99
469238
99
99
6909
127450
11109
335227
340820
43724
65166
215859
18703
99
217346
99
183807
99
69767
167228
99
86103
99
82508
99
99
223102
99
78045
99
184269
99
101157
99
99
99
99
388383
186859
99
99
248764
199831
99
486633
25256
218159
346929
99
99
99
16054
99
87020
77405
57063
72
32211
99
274530
62920
99
46603
99
99
449574
99
99
99
181893
99
99
99
17710
99
134769
254055
66692
273162
144565
99
259563
167559
99
99
99
1127
99
99
99
259541
4537
99
99
340747
99
21806
176085
234364
336113
163848
99
287292
99
99
99
99
99
118588
99
96132
99
14149
99
99
54469
99
99
242583
82572
188032
216176
231156
99
99
99
103034
99
99
128220
12778
2571
107891
99
99
355368
99
168631
76725
99
560900
216880
97148
99
333420
164684
519220
20126
47218
343367
29627
4366
168340
97603
99
145787
15618
9155
377600
99
13606
73118
144147
99
191256
8657
260149
252038
99
99
99
99
9670
99
90
4187
99
99
114965
99
99
97
387143
99
99
75634
99
99
99
388147
99
247518
99
99
99
99
99
29246
99
993
99
186995
99
211150
3775
99
145305
256898
365
52795
99
181287
101312
70552
2884
99
17906
99
99
103117
99
51825
99
255309
17021
466628
99
99
156632
99
99
99
99
292646
99
9257
99
512586
11913
128310
98
130169
50343
359679
111575
66824
99
99
119620
99
25738
99
16493
99
560028
46120
99
113470
58474
92125
552041
99
157701
99
30167
99
41213
355636
99
99
121614
317168
99
519773
398397
99
26568
398094
99
86672
109507
47270
99
97173
99
66322
143745
99
99
99
41787
22555
96
156647
99
293689
97
45412
99
210335
46155
89697
99
494989
39957
99
202636
99
99
16491
99
99
99
6619
99
99
99
226749
128871
33616
119980
99
99
99
118741
99
99
5858
99
99
99
211709
372752
99
206694
99
99
370692
77682
99
175857
232866
44921
99
99
69038
99
99
270258
262178
302541
99
234901
99
99
99
79740
6775
99
99
99
99
99
99
99
99
99
100749
99
131961
233996
99
99
99
99
219916
99
436223
73232
99
78986
94870
99
99
99141
16962
312496
99
54587
75008
237913
99
14437
194416
99
1305
604371
83491
266682
26192
99
99
99
20297
4496
99
159904
8882
38366
99
73603
151921
99
99
99
99
284085
510485
99
3616
35537
98
99
164342
99
99
454327
99
99
92849
158489
99
143519
9981
99
99
90252
99
16916
12293
98
99
99
20044
99
112580
99
206225
99
50334
19350
99
99
59624
244402
579242
99
99
261790
99
73890
99
109360
226432
2740
99
99
411782
33812
99
182618
25387
99
58184
237951
99
99
140050
20855
34911
321683
74706
122402
520559
99
99
6683
1617
99
21094
18606
99
96
99
106155
112381
99
257810
369544
99
99
99
315438
99
99
6401
99
99
28625
99
107
99
90424
252279
26877
16047
99
98
99
99
13823
87888
579434
99
323383
99
63073
114036
94
99
534367
313663
99
99
231518
99
127230
246486
142111
99
99
99
99
9033
376301
99
99
99
201467
239099
99
99
3682
180801
64876
10601
99
99
160775
6317
212282
2316
99
99
9
21647
5388
339113
99
833
98
174874
98
16238
93738
99
75805
13703
99
99
99629
99
99
99
99
99
74061
74426
99
99
65150
99
319025
99
99
56946
10080
93566
3331
247968
46303
165721
99
119306
99
99
561290
185103
99
173431
97578
99
99
99
99
99
99
7962
327579
99
34646
32316
99
99
315282
99
99
89916
152085
99
522032
127924
549012
97
31235
317563
99
230347
99
99
329184
99
99
58387
99
336424
99
99
99
214962
99
99
99
336607
99
99
99
99
99
6015
552045
50900
384132
99
99
99
90
99
106817
99
99
99
99
371174
99
392467
340790
115610
113150
99
99
335658
110401
133321
99
99
99
120032
99
99
197572
99
99
112004
375153
99
86592
202194
319544
99
99
99
99
5593
1344
99
99
78023
99
99
99
99
99
465418
99
99
10448
99
45766
40
99
99
349462
320211
5238
22417
99
158997
8484
99
56902
99
99
143912
51851
99
71613
99
31978
99
98
139509
99
75603
179180
263410
99
99
34490
99
319484
99
99
2704
61683
99
6419
99
99
97
265748
84402
284730
99
99
34123
99
155490
224080
81074
91801
141291
8881
99
99
99
99
99
99
51502
99
35206
391494
99
99
37059
99
99
98
20803
99
99
99
99
20944
84720
99
414994
99
99
7440
75887
99
235130
231637
99
99
99
99
77787
99
99
99
99
27109
73932
99
99
99
246024
99
99
99
99
572041
99
349311
99
99
99
99
327739
99
50191
99
19643
87687
245835
61250
431701
158450
23692
265005
55495
16355
358151
99
99
99
409090
132758
19075
270517
172595
99
99
99
99
99
35444
99
99
24996
99
398722
99
99
32552
99
302800
99
92377
99
11373
217389
99
99
65308
99
99
85963
99
445952
8101
300468
99
99
80147
97
184517
447360
214399
44659
99399
99
22363
99
7968
99
99
99
99
99
103369
99
161396
99
99
119180
80
175940
99
105176
99
98
97
97
98625
93140
99
99
59179
423017
99
136709
157164
99
99
404887
99
332940
189841
99
99
99
99
159982
99
99
341207
327977
85984
97
128261
99
99
99
29924
342857
418115
340371
99
193640
99
99
724
99
63584
99
7744
149118
266408
99
14128
99
99
58493
99
99
99
52814
277532
180256
99
121440
46175
150757
7843
469023
331783
54278
175754
154247
86863
99
143220
172261
99
99
273204
204815
473639
18022
99
304241
99
99
99
123603
99
20378
300488
8948
336371
46172
27385
99
159211
99
246742
73917
246175
226443
59271
99
401511
99
99
99
233510
99
9899
15686
99
99
116205
51681
98
211397
132830
455984
99
99
273567
99
99
99
99
99
99
99
99
99
99
212826
99
99
172322
316039
99
98
58652
491984
27095
99
275805
9388
57747
99
99
201765
99
105499
99
99
361652
250578
190619
26816
99
138404
99
99
37392
154336
99
99
99
99
99
50050
310089
99
99
99
46646
197745
94
99
99
99
272578
233407
18431
99
8083
99
416019
99
99
49480
99
426038
99
73250
99
99
114587
99
99
99
99
99
99
98
99
186035
90
137320
99
99
65139
78543
36667
482795
99
341526
5336
149974
53799
164912
34987
99
99
242678
207572
99
333867
99
99
187012
371815
37053
99
99
99
99
99
136750
301353
2663
99
99
99
99
99
99
111373
477566
186735
99
569168
99
9067
99
99
99
99
60534
13047
61358
99
99
99
99
177816
99
99
99
386798
542505
99
63635
99
99
354936
201340
99
556057
99
171969
23060
99
99
876
71046
99
99
99
99
162290
99
99
4813
99
117432
99
30505
6818
292100
27832
99
104629
99
99
22176
42167
99
13131
49087
1586
9361
99
175762
224344
164083
99
99
99
39141
99
98
99
99
99
99
99
16506
98
99
99
99
99
99
99
109786
99
769
99
468503
99
6217
2225
99
140118
99
113
99
256669
99
90433
99
9442
84960
99
99
99
177741
236881
99
507013
99
285419
133360
72903
98
99
99
380966
304978
149835
65398
206088
164760
5582
147469
99
75157
98
99
99
162904
99
52436
99
99
99
196994
99
194076
152482
10749
14391
99
304854
451203
99
99
253193
24075
112954
33590
99
4421
99
110170
31890
99
51834
34072
209857
99
99
99
49813
88996
136526
319606
207383
54774
299624
99
75413
99
34693
99
319992
99
41846
99
338502
99
148976
99
2855
99
99
420309
99
63057
132752
99
99
222239
138509
99
6435
143567
99
194818
99
99
99
99
15622
99
150859
99
99
36317
99
433920
164138
99
97847
99
99
560286
289482
99
99
117005
159496
99
387984
68581
99
141139
135347
99
3693
44704
58178
299404
150318
82651
99
52257
99
407559
99
53357
98
99
99
99
71046
268295
99
33009
99
99
99
99
77039
143831
99
150272
84356
69880
162920
99
99
219069
99
330866
98
99
99
1101
99
99
179378
44969
99
99
263865
99
99
362048
10722
78000
99
505080
21435
99
99
99
99
99
226035
99
21665
99
19477
56481
14297
63062
65680
99
99
351009
99
99
81
99
189657
329930
7625
211046
99
99
99
99
98
317324
99
146256
157416
156742
42754
71056
49825
285846
99
99
270258
129248
99
253573
434784
99
224932
496602
99
174388
99
99
99
134363
457721
355673
99
39826
421038
99
21617
444558
99
99
99
99
106532
99
440117
99
266975
64749
447036
99
99
279162
92519
99
99
33603
6353
384211
99
361640
50837
99
215952
99
2088
146869
138999
99
99
99
99
198634
399522
317194
422157
99
99
324900
99
57483
99
99
295331
99
46168
106430
99
234714
99
157634
98
178436
138199
99
99
102208
147176
315414
318998
322524
515070
322559
99
99
99
240397
385529
99
99
20513
299755
147755
78757
185053
189897
99
326295
99
99
99
99
25391
41317
99
99
99
192343
18809
32732
99
99
218727
241628
134655
576501
99
248624
99
529070
464416
131328
99
563
58435
171146
217775
99
39903
467880
99
35223
251145
99
99
74634
589085
23043
36979
571992
3649
50617
99
384399
87036
172891
292953
66750
99
99
99
122879
314697
1952
99
11252
149868
110685
99
79579
230211
99
99
94204
98
201580
99
106037
99
99
99
195890
99
20554
99
22885
99
141968
46094
87922
32692
99
116396
349735
352901
95
99
99
99
410065
296734
99
99
92934
99
89209
121769
81627
94
4283
138770
603571
141006
114065
98
53567
99
99
147660
99
98
99
99
99
65437
99
99
88134
99
278448
302146
99
39291
323705
99
99
544508
36179
165932
98
99
99
99
99
327531
2295
109026
140774
99
52633
238269
99
99
61747
194366
78033
38298
99
82495
99
439267
99
258939
218062
97
99
99
19007
99
376050
99
99
192603
51050
99
99129
99
12421
99
20560
200228
99
74052
99
97
99
99
99
152521
99
293716
99
99
99
70572
217592
106285
99
99
8742
99
140189
107570
3936
99
6655
99
84932
99
448275
11002
99
429384
99
99
17722
152887
99
307439
99
63349
167611
99
186079
5690
362194
99
64881
44430
11410
99
99
99
121803
99
97
99
246361
221816
141677
7915
99
99
73297
99
59626
99
99
81126
98
99
98
99
99
204403
39981
314518
99
29163
99
99
401915
4622
99
99
9048
94
176673
352687
54210
66215
362848
76164
99
138193
69286
99
505541
99
99
9793
99
99
99
436747
99
59376
270298
299878
443906
99
78671
99
99
220101
120604
55506
99
141555
9873
99
99
237762
21540
3063
99
99
45201
97129
99
337559
284824
168575
99
73
58976
99
152920
393666
19898
271211
8694
224983
99
99
31620
99
445785
82169
99
121754
315485
183407
215578
17066
99
166689
99
99
99
10694
99
99
99
99
99
99
216487
99
99
77116
99
21491
99
15592
99
16298
178477
7501
99
415092
345057
2339
99
99
99
88252
241295
294792
58
35445
99
19502
99
71056
99
99
99
99
99
175382
99
199192
69185
99
99
99
99
532417
99
46979
136403
178975
4131
157247
72557
99
99
99
99
262099
398028
99
306697
193528
272638
99
4713
155085
402100
99
99
99
99
17134
99
99
9958
99
99
99
99
142619
99
11660
548765
99
99
99
99
99
155546
99
13099
99
542042
99
442872
99
99
99
497717
90926
533
174810
188319
220738
99
99
406945
20940
389600
99
51128
76192
34407
99
99
312642
317704
98
48982
99
99
386350
99
99
99
99
133093
325324
40034
490161
201025
14517
16475
208461
99
99
99
103191
99
302062
99
30093
99
99
99
272673
99
99
15971
92109
111700
255387
73
226735
99
252334
248975
43793
362152
136299
121321
398964
99
243176
99
99
167542
280178
108082
53158
315240
99
87348
170151
82813
99
99
99
99
99
99
99
3022
1821
99
99
32805
99
99
99
144334
286420
13794
198451
99
19998
99
174640
410992
99
251547
80813
441800
99
79501
99
185998
99
99
12299
94
58726
97
8597
99
99
99
99
14234
99
99
99
99
19512
38943
99
401334
344526
136163
40222
16561
99
53280
304993
159135
348366
99
117553
375506
94469
331242
99
179872
19552
16379
53489
456879
99
99
225091
74931
14514
99
51030
99
99
70881
39653
99
99
99
4232
99
284579
280708
6847
99
10885
99
284129
249701
99
215365
294315
99
99
33585
99
99
34453
77657
99
189763
214
411
99
159360
99
99
99
98410
99
97184
42485
99
73025
99
72110
92308
151333
99
82557
82545
99
99
99
106613
395461
99
146855
73676
54013
99
99
99
186835
99128
274323
7014
99
96638
107562
191552
265956
99
127701
99
152112
117039
97
144322
5121
99
99
4999
94391
99
99
99
99
186877
99
99
99
99
391354
30370
99
99
99
413935
326194
93490
99
99
99
99
99
99
99
99
472438
99
99
99
99
4884
94375
99
99
99
99
411225
99
76546
99
105381
99
99
99
289535
75309
99
96
99
99
99
99
99
329952
99
99
237379
140519
316171
37091
18435
165189
99
99
132262
237035
96
457808
99
449151
99
99
99
99
99
99
99
99
99
56130
6066
99
99
99
99
276952
99
172051
378183
99
10497
99
244466
171559
393289
99
182617
96768
99
49435
99
99
99
99
8980
67289
22205
187995
223499
340814
99
99
99
99
99
99
99
120559
99
99
7253
99
91780
527541
70327
99
96920
99
99
99
99
99
99
89205
212927
99
326740
99
339819
99
172502
99
99
99
50023
86918
329303
88729
99
353699
26192
99
99
118703
99
99
99
99
99
99
99
99
179182
40755
99
36074
99
226386
129332
78265
53478
338275
99
99
12852
99
62289
99
99
99
260644
99
13136
166893
155
27
99
461856
99
413409
234037
69345
99
99
375869
132459
99
5945
99
99
189265
99
99
139007
99
319570
99
4256
442740
99
196430
94766
149558
194515
99
55740
202828
99
99
99
99
277442
282493
99
99
99
189360
99
20714
20818
99
231625
38332
99
137515
40809
193623
52342
13218
134289
118855
84009
318918
99
465563
99
66168
61322
122816
102780
148137
99
22537
98
179395
168438
99
99
99
99
99
99
320394
99
234414
186166
99
99
81
165043
99
99
99
155399
99
99
99
99
99
113735
515312
99
381211
234940
18577
324857
99
99
267669
152463
21433
99
99
99
112413
8278
99
99
99
211423
99
403211
123589
397062
99
318572
5979
99
164369
99
99
134427
93070
99
99
99
99
140989
235069
99
327359
20468
20963
3202
99
518554
99
272410
99
99
99
99
283761
99
99
99
147513
114126
172438
83
99
558173
365855
20468
99
99
99
18636
92697
33485
99
190931
454227
25661
99
338518
249301
99
177829
263856
99
99
52932
99
258254
300555
347826
99
99
332300
199184
99
99
99
119857
8540
17023
99
99
85888
30250
318568
306508
99
99
359652
52237
99
98
99
10024
66206
94
99
142710
409430
99
99
85725
65890
99
61738
250339
99
6108
99
230734
99
99
176701
99
99
12988
99
99
99
99
162816
157211
99
156584
167020
99
99
65484
99
434858
31796
99
99
146661
6134
99
12561
99
102220
99
58873
112603
99
99
99
99
399757
418641
240856
99
99
17020
99
92297
99
99
90037
99
99
99
225614
99
99
15511
99
120885
99
420540
21581
18343
99
99
99
27219
99
507560
65344
112717
51876
202814
99
99
99
84931
331296
99
99
56474
99
212669
198136
13702
320763
99
4037
19196
99
99
53048
222710
99
99
85640
359269
28046
99
99
67165
225346
79298
99
99
99
99
11024
49669
186234
208844
525260
227510
3168
198135
82564
99
154512
21572
50178
99
99
6942
99
99
497456
99
99
99
99
99
429137
99
99
99
31267
99
99
52624
99
99
99487
99
111439
22268
247117
99
99
99
1770
99
99
51906
99
99
99
58523
68006
99
185730
99
553545
99
99
99
3250
99
120949
99
23055
99
99
287901
99
99
97393
141720
37590
99
278818
99
99
99
83183
99
125342
68123
93
202099
99
335514
9907
66308
42508
595755
572853
28385
99
214049
98
99
378165
99
267630
99
10184
98
99
99
60581
99
99
99
99
99
99
417028
232937
99
79752
99
99
14792
115672
99
197539
98
93959
11479
24163
99
99
99
99
285415
308230
121146
158696
12935
423508
21614
31634
99
99
99
99
183254
99
99
99
116628
99
97346
99
99
408809
99
31684
99
464617
254426
99
99
8102
119474
36744
147532
99
99
61196
99
99
99
99
99
33315
99
99
99
99
111064
99
43349
158112
99
99
99
99
99
99
187384
47463
99
130515
8874
99
154693
23828
43947
37744
118846
5631
204455
98
