15539
54635
99
99
56958
101687
99
99
99
20797
99
188662
99
99
143968
18679
99
150840
99
99
76717
5942
452255
99
99
158453
2409
98
296386
99
99
99
306984
38913
56022
99
99
99
99
272163
99
99
99
99
99
99
99
99
99
99
99
24770
99
99
99
99
37993
99
112756
188265
99
99
84011
136775
99
272985
362677
99
286725
99
99
122299
99
99
99
68881
99
99
29832
13696
17415
99
99
99
38882
426388
4042
439137
99
99
99
94035
99
34702
98597
99
64609
91613
183791
99
99
99
99
183903
33027
28673
151688
99
20
99
299567
172781
76594
8669
162305
147790
22076
99
85517
99
99
99
219912
99
57616
112503
152766
99
99
297407
105914
387825
48872
99
35468
11383
16670
99
188303
99
347823
297904
99
99
99
99
356991
99
251702
99
99
99
111146
12474
239940
99
29274
99
64074
99
99
99
99
99023
99
99
211707
142842
158668
23781
99
99
109349
99
60765
99
332229
70192
99
99
99
99
219672
99
99
99
224708
51718
99
99
2451
99
14038
38664
154643
99
99
99
138106
99
154277
99
75244
99
99
99
78082
71588
129766
99
99
99
99
99
99
243111
117925
99
99
18613
42261
99
387668
99
99
99
68358
99
99
99
495362
99
98457
447974
99
77715
66242
99
99
263331
98381
99
25870
132079
91
35081
104130
73516
38792
99
99
99
99
99
99
230279
99
99
99
164338
346209
242114
5451
99
411968
125383
99
99
355943
99
348073
225106
99
99
99
158636
99
99
10673
99
11980
361215
374046
99
99
98
99
99
275144
99
427830
99
99
99
47889
503336
99
99
99
99
99
99
99
225332
376087
99
99
99
76165
99
204412
21704
50127
99
99
99
99
99
99
99
578089
37199
99
32355
99
99
67305
37709
183081
48355
99
261432
134076
99
167499
106425
223575
99
99
269940
99
82108
481807
287224
567
99
290538
84534
99
99
95
99
107920
250074
288208
294
304133
97
99
99
175630
99
99
99
60531
1713
436796
99
206695
99
99
104067
8674
32768
99
3684
194568
10843
162630
487590
99
99
99
99
5013
20577
99
328890
99
75348
99
99
99
99
364925
99
76788
99
99
99
47762
226467
66043
99
50493
99
99
83168
99
64566
1143
404083
7902
99
99
565812
247491
99
171676
337185
99
20066
357328
99
99
294847
63323
61546
121026
99
99
99
42270
19084
108341
305967
99
99
160650
99
99
60365
85904
99
99
309057
99
99
99
99
6904
481960
96
99
39552
7680
586150
96523
35966
21104
42093
99
99
99
99
564189
191444
7108
35875
99
38471
44852
99
89884
369281
28063
99
99
93401
99
99
99
99
99
99
99
99
96
192973
99
209079
158917
99
20580
99
99
4711
71350
56221
99
99
74799
72923
99
6326
99
99
10438
91483
426543
99
99
99
4243
499838
99
99
119091
254848
99
99
99
99
119187
99
7295
43871
240533
108494
99
99
99
322725
284605
97
99
99
99
81342
122377
99
89070
96
298794
1713
126917
108730
57885
99
3653
99
99
99
99
8577
99
99
99
18903
99
99
306139
99
71923
64694
52785
46984
99
44344
65823
18264
52956
17848
152490
5969
99
210114
99
99
31804
174408
2447
99
27459
99
268376
99
249168
322341
2329
14107
99
99
99
99
188002
99
170276
99
42386
99
364796
190418
99
73054
45005
99
99
106728
99
99
99
490860
208509
99
538410
114745
58481
234098
45407
23598
355760
242575
99
388748
99
16546
121757
4204
99
99
98
99
184737
99
99
262806
250655
99
100838
2615
99
99
99
99
99
99
81722
25626
160750
99
45430
99
305632
99
117385
99
99
9355
60809
146003
249922
37660
99
9024
99
99
99
99
99
62244
99
4566
99
418323
99
44371
102815
99
99
99
99
99
99
99
94766
99
518889
99
28759
99
153374
99
245508
334764
99
435678
56792
99
3267
6900
592939
296367
195969
144960
99
99
27368
99
99
259083
11714
437177
99
99
15441
99
200330
99
207576
184788
99
99
99
99
27520
99
88284
99
99
99
98
345661
6015
272112
260114
4760
193974
99
413741
36856
124200
99
193664
8626
158084
99
99
53893
99
144083
99
722
99
350279
97
13662
60592
99
110349
223318
167902
99
99
230089
99
51374
440760
61227
99
99
99
99
99
99
130104
399586
77420
183841
99
99
99
93
13531
184955
99
225928
99
430231
83895
99
99
99
98
103030
7256
99
99
99
99
50964
397175
99
429221
99
99
67085
99
21969
99
99
99
72726
16700
99
10733
220827
99
1394
99
99
370099
99
99
99
99
99
99
494
20799
18380
99
22861
99
99
141342
99
3781
23504
99
97
99
99
134921
99
227756
47166
99
99
260334
322202
99
99
99
443144
99
99
99
99
99
222904
141693
37130
99
99
99
99
99
237185
99
11095
89
99
48065
99
327150
99
99
168133
166469
130585
99
99
254391
99
99
250723
99
99
99
65521
21643
99
3673
99
187801
99
13624
65715
99
99
99
99
99
99
156675
31251
99
278703
99
107184
99
457035
99
161122
99
48201
206988
99
99
99
169054
8995
462651
132815
247606
99
12564
112261
157273
61593
99
315951
448429
99
99
99
74652
7234
99
92
76257
19672
255112
228295
24143
99
79346
135231
140929
99
90647
122848
448621
219204
123008
13658
99
99
70635
112240
99
66296
10746
99
99
95
99
361050
99
99
90573
278747
454638
386960
99
277821
335008
115871
99
108918
99
49198
402106
99
180847
99
86416
99
16185
99
99
312159
535525
153347
99
99
99
99
118102
99
99
99
99
99
98
99
363531
99
232194
39748
99
51323
99
142163
102063
99
230110
99
30138
30611
99
99
99
99
3217
99
146474
99
99
99
23394
99
1004
3343
99
99
271200
82042
226728
99
187602
541419
99
99
395225
7848
99
208026
99
68730
11208
32111
99
74
99
99
147305
96884
99
99
444199
289875
99
461358
89447
98
18200
99
99
125782
99
99
113998
168972
131324
20158
21677
99
98
70752
99
99
317926
99
99
99
359929
117802
99
26308
99
99
99
25500
99
13258
205079
154503
99
237572
85838
12142
44859
422641
99
124747
79621
99
90127
99
105912
352451
98421
99
105613
99
128892
210993
117191
59944
99
99
13417
7529
241979
38976
99
85866
288388
138794
77921
99
33328
99
99
99
99
366317
99
99
164739
246791
99
99
99
97
99
13827
108260
99
99
99
54960
99
75241
59760
13995
95
63671
14439
130675
99
99
99
280443
99
99
28609
99
99
237895
99
30207
99
99
99
99
99
97
99
553938
56595
99
39352
43853
78958
136025
99
99
99
99
99
99
99
99
1777
351771
99
99
99
55102
30447
60290
99
292702
117009
239023
6195
39516
271450
122882
99
39993
368186
99
491103
317368
188963
99
359613
107048
99
63934
99
99
93229
34210
99
99
31806
84
99
38832
99
99
173962
171125
18249
99
99
99
99
99
186419
54730
99
99
73692
99
99
185928
99
99
99
70174
120539
99
99
99
86614
228025
113444
65741
99
158204
360961
97
99
9788
99
99
99
99
99
243692
28619
99
87825
38932
183865
99
99
67
99
97
99
136945
210013
351003
313522
237512
99
99
99
11672
99
165759
99
261518
212249
484438
99
99
483809
308004
99
99
266727
1869
99
99
453942
99
99
313115
356030
156373
78092
303871
39734
99
99
99
188954
99
99
12919
99
99
82310
1172
84712
14859
99
99
65111
170331
99
179670
520782
99
23944
99
146271
55371
17931
91009
32000
99
99
99
285649
156356
196710
99
99
99
16208
99
53251
51893
99
53522
99
323665
99
99
190062
22487
21875
99
99
99
99
99
80689
328661
99
2712
99
193094
99
14429
99
232600
99
202381
99
101170
99
99
99
7913
125486
348409
275995
99
99
99
31250
99
99
49837
99
99
419987
99
136265
99
4515
99
20253
99
99
367956
24588
65088
112901
511532
99
99
99
99
99385
41606
99
4362
99
221656
32242
287084
67771
52581
41936
99
99
7569
76970
99
99
396997
99
99
99
215340
93
99
85717
373480
99
99
37859
158896
142333
605498
347997
99
99
95
130731
39801
432631
237350
505286
469851
32368
395565
131318
99
98
99
496429
99
5046
3802
165405
459597
99
99
81
118199
325908
68876
99
99
172129
76638
99
99
99
214422
99
99
99
96
38380
98
14141
324304
99
300355
99
99
99
99
65022
341606
2580
99
99
81079
97
99
61303
8781
99
99
99
41571
162948
105954
28276
99
99
99
11034
123410
99
99
134336
99
99
99
98
493309
44001
275605
38003
99
409621
28452
99
99
99
238679
99
99
99
99
99
99
99
99
99
99
199980
99
140443
195301
230666
98
298712
255605
99
99
31691
99
99
28746
99
529
193887
99
4360
18838
99
99
447772
99
99
99
99
264560
100678
267295
63922
289787
99
136020
140080
99
99
99
99
99
149838
152599
2036
282418
99
415160
99
99
56314
99
99
99
128188
72471
315714
99
99
99
99
61298
99
98
99
132523
82131
99
99
99
99
415901
353188
99
99
99
170269
202517
99
99
22747
467983
510309
99
99
323401
210777
188940
143221
99
497638
332805
99
306110
355432
99
648
99
48874
97599
99
431639
99
99
320570
99
97
272108
13228
99
127448
99
109017
71108
298037
99
519129
19153
99
99
99
84034
99
99
99
99
99
99
99
99
347837
99
99
10741
239698
99
2146
99
60297
99
48172
99
9952
150342
157488
143486
99
2412
99
64203
99
501351
625433
99
99
99
167523
522177
5900
117434
99
99
99
255764
99
99
11305
99
96433
99
285857
99
83443
290132
352753
99
99
99
99
79201
392829
99
48676
332480
83381
99
99
28538
3503
336432
802
446556
99
99
99
161829
99
186690
13781
127888
31971
97517
99
99
2505
73892
272957
8977
99
99
61556
99
99
86348
99
99
99
184637
99
99
109030
99
360546
268666
99
99
210113
99
99
260130
99
99
110549
37618
99
214748
107967
5466
99
99
4437
170877
449892
99
297361
7913
444343
99
119237
99
98
99
99
130871
21807
99
13506
183070
99
91
99
350051
99
179345
99
241766
310563
188018
99
99
94846
99
97
212093
196533
99
99
98
72900
99
80665
22776
55309
5607
91199
512023
99
99
355862
99
99
99
99
99
55283
252827
99
281657
99
99
99
36198
229813
99
377
356821
99
99
79717
166436
99
99
99
16206
271072
116182
99
331
99
468628
99
99
99
99
152324
195573
99
97
99
163257
292126
99
125162
99
48398
99
99
91651
17654
99
99
417880
55815
22121
99
99
129351
99
99
112528
99
99
99
71436
60601
175774
79126
26932
99
99
288128
99
99
99
378123
76552
382218
99
99
701
99
320405
99
99
99
136139
38821
99
99
99
373768
99
51753
99
99
99
99
99
99
14897
174113
443721
97
97
241149
99
99
245377
99
30903
99
99
99
99
99
99
99
28097
146868
99
99
96194
265698
168119
99
99
133539
243147
480247
296236
349589
99
247344
100496
99
99
99
29994
99
99
401077
99
18492
99
99
53403
164913
171467
99
113962
99
99
36476
99
56062
99247
99
145144
99
497025
246169
99
99
99
99
36014
11906
99
99
99
99
301469
99
99
197093
99
51136
11474
98
99
51
40956
99
95
99
99
82065
99
99
99
99
99
99
458907
14047
99
14026
167742
99
333123
127678
112214
99
99
210237
99
72067
99
99
16019
140167
31953
244509
97
127865
28385
237982
99
135736
99
23440
377083
11592
99
98
42909
99
99
145911
64732
99
99
99
61852
163917
99
99
99
99
99
465070
335192
194950
98
334579
39504
99
7944
195488
70013
96369
135370
99
6306
99
13408
99
99
176736
71182
12070
99
102203
470825
99
186207
379299
99
75030
341485
99
225450
99
99
98
99
99
332259
41315
99
127036
99
430181
386004
99
99
264610
99
123152
99
74828
500970
99
99
119166
99
127927
99
99
99
99
208349
99
200213
158319
99
99
34293
99
271516
101793
99
231821
99
99
556517
229611
99
255237
87744
193385
614953
99
99
217838
54935
99
99
99
194002
502928
99
99
298082
470829
343166
92383
84649
99
99
99
151680
99
99
99
5103
95
90
249331
259638
125282
99
2589
358679
163161
99
99
45791
99
238931
99
99
212365
99
99
99
99
45068
99
99
175918
105850
99
99
34804
99
225196
171325
99
99
90765
99
2020
60246
140810
99
195123
17596
99
99
99
356341
99
39779
270152
11815
111264
99
74678
225396
99
99
48474
99
114525
158838
323016
73980
11914
2047
135659
221968
108676
99
99
99
99
194977
99
99
101109
122921
99
253218
99
494941
72247
99
99
99
97317
99
44825
99
99
99
2127
99
99
32535
169742
99
311461
25633
100191
99
98
99
99
99
13655
99
99
99
99
148702
99
99
315163
99
99
374286
446770
125443
99
99
99
107398
99
99
25923
162740
99
99
99
187902
99
3630
120314
99
99
7892
99
99
84301
2475
99
306226
99
99
245026
248306
274864
33231
400575
112797
99
55903
99
35349
99
21235
30559
99
99
26193
199525
99
99
312772
99
99
99
189709
99
420443
28243
112360
99
183
99
312796
457300
99
99
99
94
80809
314816
83724
99
97
26600
16406
99
99
2215
99
99
99
99
99
99
99
99
147534
119341
99
99
99
99
99
179387
29273
99
395559
98
55492
244425
56177
99
172012
99
270810
95425
99
99
99
38338
99
168518
99
99
99
99
190597
99
99
157270
99
423348
88019
304306
99
99
99
3269
99
99
99
18667
99
99
99
331311
12575
87135
157704
13263
99
105694
156042
99
79043
99
51105
34329
99
226688
99
99
99
99
179320
99
313217
99
447705
99
99
377291
224277
99
177097
99
99
97410
436667
8223
395101
4484
290471
204158
99
225883
1063
18042
13121
99
98
99
99
22907
56025
224358
237978
5005
188226
99
99
99
108902
99
42622
99
99
58832
441501
21041
418456
168391
3076
300326
496506
476974
368626
99
450991
99
99
99
247690
98
99
99
99
96
99
11909
99
99
99
104012
99
103038
99
99
152777
99
442654
196703
99
99
99
99
20833
99
99
99
99
77289
99
11051
99
99
99
58408
11505
319413
100200
47980
220489
158730
541345
81405
99
96
308505
99
22753
99
416779
402988
513959
99
99
99
7353
161386
153789
58587
99
245417
99
99
179204
19516
99
99
146860
41651
220048
62579
130806
295995
99
99
99
290411
99
42517
99
99
4699
99
99
334190
99
9789
175651
99
126443
99
99
379497
54033
99
99
99
64680
97
98
165036
299873
321561
99
56649
12351
100891
308225
99
68033
99
115567
99
99
6325
13843
99
46104
99
99
44756
99
188974
45400
258960
99
32422
16696
99
99
99
9309
189464
207762
99
99
251433
99
99
99
103355
82238
99
99
99
99
99
155645
99
47796
116537
307887
49593
99
99
99
99
318970
379801
109422
99
99
90155
316386
99
79388
99
99
99
99
99
99
62299
99
223347
331728
102874
99
152532
99
13470
214092
99
99
99
99
99
99
31478
66
99
31011
99
303610
99
357904
99
495129
99
99
24167
401405
99
99
99
13489
99
337943
99
319692
99
115159
104155
99
99
30375
349520
99
99
135122
99
66912
99
144973
99
99
119978
99
99
99
99
97
99
99
170483
99
99
36378
99
99
99
99
99
293055
343897
72349
57752
99
38875
98
372189
99
99
131844
342575
99
127165
99
99
849
99
56241
99
99
99
202106
158518
99
52405
210573
99
99
2544
11201
21099
83730
581476
99
99
16144
99
99
99
99
335417
98
99
99
99
242346
118184
99
19278
244640
12295
119525
99
99
80401
99
306225
97
312816
99
40741
99
205310
99
99
99
180298
113718
99
99
4111
210963
2075
99
90074
99
99
27909
99
99
272267
146846
99
368479
20618
99
57816
176533
98
18819
99
99
19055
99
269970
339096
99
99
101819
56348
99
99
143780
6942
99
16266
99
99
288974
250650
99
99
220496
455754
227500
126343
99
388862
99
313365
175606
299418
77033
99
99
99
475273
99
99
99
62956
99
508877
99
99
99
99
99
313821
190177
99062
307980
99
92627
99
141366
36895
53816
44313
209425
9016
403621
99
411630
47766
10376
87045
23663
112326
93
149698
3377
88537
99
353516
426071
551894
43659
76673
99
141637
11687
99
42974
99
121795
99
55490
24594
99
15534
8462
150160
99
20899
427873
99
24663
99
99
86
33279
12281
99
99
85705
99
7637
99
99
49203
16493
38893
99
74634
99
75280
5397
46832
99
179134
99
99
408212
99
218568
99
99
91162
99
41445
99
136540
98
99
7783
99
99
69
99
405911
103168
99
14610
40684
113902
99
99
7345
99
492999
99
99
99
99
97
99
99
99
99
99
99
99
99
68550
95
99
99
99
56478
70656
146218
99
385789
148526
44237
99
35755
113040
6830
91173
63717
12612
99
99
99
99
99
99
99
206356
92876
66143
99
50352
5542
99
99
211419
73291
270163
99
72733
99
99
99
239971
15972
337015
99
99
99
99
99
99
99
99
99
99
177067
128257
99
87979
99
146950
170386
94
99
96734
91689
256687
99
99
99
99
4311
389471
99
212705
6363
28598
99
99
99
188176
99
54217
19433
99
212394
99
21626
24823
99
140630
11383
197008
246581
49390
99
99
99
19907
3192
99
99
18791
209260
99
100463
362676
99
99
201625
10743
32183
99
98564
99
192152
15471
294348
52028
414162
99
521215
99
112065
99
10675
171250
99
99
304920
56954
99
99
235456
304319
99
73080
99
99
116693
99
99
89371
8754
99
99
95
234
173916
562594
44311
366795
99
99
99
319949
102592
99
99
144354
4380
78010
99
26098
266333
44089
99
163606
76576
49431
75092
169679
99
437615
99
238689
318858
99
99
99
99
99
296234
99
99
99
99
99
99
99
171865
99
99
99
99
23929
99
14774
37114
98
363318
99
52097
99
120478
99
133216
48868
99
99
455695
99
99
99
332451
99
91
44927
99
99
218340
99
42862
99
99
99
237377
99
88630
99
99
99
99
294899
287213
36449
99
208653
99
11666
256387
99
99
99
258592
99
99
95
99
99
5403
99
289029
64584
99
125212
149102
99
440692
99
111511
208189
99
99
50347
99
99
98
362828
99
155858
126871
332469
17034
99
99
139008
91738
253583
99
46102
99
3587
84123
37024
99
410746
99
376559
99
99
78
99
113704
135846
99
99
109618
54540
99
45702
274180
30169
84
29762
99
99
263596
16620
247348
99
93
99
246027
99
99
99
99
99
99
99
130645
99
119526
63296
99
99
304410
269493
99
18470
437066
99
284692
99
99
243413
99
99
99
533253
2480
99
67322
99
41142
23911
923
11134
508364
99
99
99
210881
99
116962
137339
99
104576
99
99
99
99
26426
38999
19034
76984
99
99
99
99
568941
99
135889
99
99
99
99
9818
99
53436
99
55499
44608
169070
27231
215869
258535
99
72525
99
99
9581
99
99
137141
550452
93
10898
99
99
270507
99
414600
99
99
3498
99
99
35084
99
546623
99
326641
99
99
99
224148
52129
176317
99
33841
99
372553
99
99
99
99
99
99
98
140294
99
99
183538
99
99
29221
156703
153708
8012
266017
99
63515
173067
310327
99
95
35712
112709
99
12147
99
99
183437
65129
99
99
53787
79392
63490
99
99
99
99
99
99
99
99
99
73726
99
99
99
99
99
94956
86
411211
99
99
13270
99
99
82865
193236
99
13073
22016
99
379520
99
99
99
5844
99
99
40179
99
99
237349
99
99
99
99
24591
97108
99
99
102586
144279
87871
370617
99
53128
99
120521
99
99
99
99
99
99
99
99
99
99
99
15892
305333
99
24522
338643
451137
353226
290837
99
431596
99
99
99
99
51879
35442
99
177759
1539
94688
50202
99
75957
462
99
154915
99
99
216120
99
99
369909
210733
55264
98
99
32668
358146
294019
99
128087
99
99
31010
535916
99
95
34
58749
99
99
99
99
61408
274102
32970
99
99
181628
99
448949
99
57189
99
117497
99
343396
99
99
85
7571
343577
99
190949
99
99
75276
19409
56698
99
99
153585
25225
111496
99
99
66698
99
87563
7874
99
99
99
267487
73468
79850
99
99
441765
99
8999
99
4583
99
88294
99
99
395972
63069
99
99
99
99
6997
170147
99
163271
99
111236
99
99
20035
99
99
65282
99
282744
150213
99
512067
338432
99
358167
99
99
99
25236
94533
99
440247
879
282642
67959
187026
99
99
99
99
99
99960
355876
38445
123
7223
116623
99
99
99
99
13230
99
306804
130807
99
99
9288
15855
22682
484
99
99
256276
69271
97
99
248535
305869
45582
94
279642
542695
99
413446
80854
186474
99
419998
46774
99
99
63572
242549
279101
6796
99
99
99
38252
168362
78451
99
99
99
139752
99
147319
99
284038
99
99
129433
99
99
99
334869
99
97238
270
261354
459313
99
59639
361355
611127
99
99
610549
99
344161
99
99
99
95549
502202
219988
182287
99
186317
10595
33858
14617
83420
403045
50077
74596
20187
73914
122858
160344
99
99
99
160833
99
29891
316115
21836
99
31846
99
99
387166
99
232757
99
88918
99
99
99
99
99
99
99
99
334491
99
197418
99
99
99
99
99
99
99
437864
16654
99
406583
99
105995
6698
49577
71066
423700
98
143623
99
99
99
10074
99
99
99
121368
44766
147752
32791
99
99
99
99
348646
391677
6073
99
28049
114450
97
85507
27414
19364
28696
96395
99
152154
117407
14418
98
99
44689
99
166385
99
202846
25559
10843
99
99
75473
95732
461900
39221
99
63384
99
230771
31228
372081
105816
99
104517
6505
99
99
99
99
99
66572
99
99
99
77308
99
99
173979
81062
21393
99
20090
99
99
99
39818
99
62899
98
16906
442475
557385
253335
99
184400
281675
141207
99
433464
162583
99
91
178660
99
99
99
99
99
71765
115997
46767
99
99
99
164245
99
99
99
60502
99
99
79751
408007
99
407673
14958
99
99
9685
8550
36426
159187
125296
427997
99
99
99
99
595285
99
37323
27719
181269
41770
196567
38907
141545
51713
10204
104090
116704
150700
99
99
159964
189281
14219
97
99
99
99
58199
99
46968
151682
377596
14290
18621
200578
99
99
99
99
99
99
24644
99
426425
473917
97
99
99
98
35494
387411
262139
142044
53950
36803
99
99
99
24140
99
99
16893
99
48087
99
17079
99
66372
167014
404975
99
99
289171
99
99
557370
35396
99
600876
33172
28816
99
38759
126796
99
402357
339502
29054
16915
99
20135
97
186874
99
78133
99
173874
29287
293990
226157
99
22661
229097
99
2491
97116
99
27981
99
99
430433
235602
93
313621
339293
99
99
27999
99
304093
46589
1409
427056
238964
82076
93
99
129489
99
143160
97
99
456116
291149
457703
99
1270
99
99
145922
60035
9906
37542
417429
63799
9518
86069
6520
99
99
378411
99
228783
66470
98
229883
17565
99
47170
99
476831
403535
47215
97
99
13790
99
31679
8958
99
253269
99
58164
99
99
99
122872
189680
236089
3182
24
571579
99
90180
99
99
180681
99
391523
99
99
99
99
99
279611
99
99
99
350
99
121866
98
171914
99
99
93
99
143332
68569
99
99
521240
99
99
141312
6684
41435
99
99
378090
98471
99
46638
7399
439114
14812
99
99
195578
289180
99
302084
99
62699
48951
99
99
99
99
99
466321
541802
255755
22076
127473
99
29225
476858
119267
176965
10846
72795
74
99
266003
99
181538
99
99
14819
99
99
459644
99
99
18282
46709
99
179048
99
152121
99
99
132256
5276
38395
68590
69760
40495
88468
99
99
363756
99
11953
99
212049
99
37449
110110
92919
99
97
92154
222700
773
99
140079
99
99
99
99
274341
99
226616
99
99
99
99
99
99
43356
357223
99
219281
26656
132537
99
273113
436843
99
226835
99
99
99
141014
99
99
99
99
99
99
193
366985
67057
99
251375
99
12906
99
68373
2984
238027
295333
99
99
99
709
64684
99
99
99
31473
99
17551
99
156165
92
28456
92264
33315
159640
5133
268926
27281
99
5309
335194
202727
98737
249833
99
129966
99
99
99
99
99
99
99
99
99
514000
75322
2439
494482
315955
94224
99
315084
176748
99
99
219060
40052
99
194400
24048
142451
99
99
99
99
99
97
99
157354
161006
202397
117061
101333
59046
99
99
99
322020
110840
99
99
99
128894
528546
99
99
439735
99
141210
38345
78275
19514
78112
99
99
27832
99
99
185290
97
45815
99
99
10629
8165
99
20090
99
99
89674
444150
164859
99
99
99
290341
99
220295
99
99
4030
2182
76902
169507
99
443937
20
99
36553
99
99
208236
243232
99
99
71240
392179
38015
99
99
369011
273209
99
99297
99
99
7236
10366
156385
562878
476001
99
99
99
99
296886
99
99
99
37786
48409
193628
10945
353967
99
99
18582
150526
99
99
99
242690
12611
99
160427
196039
99
221500
99
99
44406
99
99
136424
99
99
99
99
56248
99
99
304630
74076
99
99
148207
99
99
102623
99
355548
10388
83327
99
542272
99
175602
99
99
99
99
99
99
99
99
110402
99
99
409785
99
99
99
234638
99
99
99
208897
210999
118220
132162
99
29228
48584
99
51501
99
36401
99
99
46059
99
18558
239543
11826
99
99
208789
13639
99
36720
36716
99
99
99
99
99
99
264157
51980
99
196050
99754
295260
99
116560
99
138563
530508
225385
99
240926
187510
347363
11358
63188
99
174795
122945
99
99
99
42151
89830
99
32913
99
99
44959
186407
99
99
211008
105552
293166
99
99
99
41730
243786
99
14325
99
99
152413
12940
100631
99
55486
506519
99
258462
178925
99
99
99
99
487983
99
180063
99
30391
99
99
99
99
309609
58388
241710
300689
99
479374
99
99
266438
99
30287
241027
99
99
273156
99
167378
279768
120732
99
99
18102
66504
99
37004
173772
99
455959
32600
99
7603
253990
99
99
99
93
26687
117645
99
99
99
99
99
99
77304
285507
99
99
99
268762
99
99
14126
462140
388732
99
99
99
291769
49430
46035
99
242814
195836
316737
268240
86695
413904
99
99
26897
99
91703
99
99
101189
99
99
99
22829
261382
99
99
99
99
99
35626
99
99
99
99
41636
99
37162
24691
24992
99
99
17230
67646
99
25622
105768
13100
63477
29783
279770
99
72127
99
272477
99
285480
155594
109546
120224
229193
513251
99
6938
1472
63802
99
555938
99
99
99
246566
99
611231
99
99
317055
99
99
118866
122997
46507
344091
99
99
110909
99
99
99
99
99
371256
99
99
39222
513240
99
99
149405
99
99
77073
99
33055
335330
242950
283139
99
24021
99
391382
4678
302926
429211
35294
111129
99
99
97
99
46560
154327
99
338375
99
2075
20971
99
99
99
300300
99
98
231070
99
43914
292609
99
271324
99
99
594205
30306
99
99
99
99
99
99
40887
86010
181122
88489
96
99
99
165215
27583
310102
99
99
68188
176238
14158
99
137570
18590
98
93
190453
191003
146154
134470
137739
114600
99
99
45079
99
99
99
99
99
99
99
99
99
99
23465
68881
99
35703
99
145681
60814
99
257522
5134
206950
61380
99
130246
306188
99
99
99
8435
99
99
111581
195406
132995
99
99
236575
28736
228219
35096
169206
44805
214731
99
99
109663
99
144221
99
99
99
99
108465
99
45495
99
99
99
99
99
188183
21642
486099
99
99
99
99
99
99102
57299
99
34471
392561
132060
99
99
99
99
95801
99
174550
134377
99
99
461310
43596
73371
51864
89050
99
93884
99
99
99
303597
141014
333127
99
57362
23415
349170
30352
99
99
99
99
93255
372939
44893
12837
13128
99
99
146928
555435
5577
99
99
99
11436
99
99
97
99
99
330417
99
540390
99
187606
98
51201
99
99
99
439775
99
63706
99
131114
99
104687
427
374156
99
53422
105948
99
123537
99
99
99
99
115992
553754
99
99
99223
6199
239209
392918
299153
591042
99
310105
75683
1617
101536
281263
99
140244
63988
107721
99
99
150576
72381
99
99
99
99
275174
522832
101626
99
46192
99
99
37993
41826
22152
99
57890
99
206849
112489
284183
99
387147
99
18293
99
99
424219
332407
99
135078
99
8158
99
206786
154992
99
15733
77140
219892
170146
175982
134173
347909
24200
99
117915
97
99
374176
205018
99
99
99
99
99
387699
107575
47065
72514
99
30001
23891
99
90478
99
99
99
99
214662
93
194043
99
95536
122805
99
290547
99
114985
60095
99
75991
2249
369
374800
208284
384502
377225
522276
81627
99
516159
99
44224
99
99
99
99
99
19560
64766
99
99
19993
210752
148737
99
99
99
289921
99
99
99
591299
61287
99
99
86385
170261
282050
99
99
99
69320
65188
99
99
115456
24790
99
139894
99
99
20964
99
43637
99
99
290200
99
379662
99
99
99
99
145916
53142
99
566
99
97
99
99
99
99
5012
99
99
99
99
99
99
106370
44765
99
99
35173
82402
99
99
99
99
242174
333827
35640
257237
99
99
99
238032
99
57401
99
99
99
48100
233273
493072
99
314860
99
99
99
99
99
99
99
64807
99
122588
99
550209
106514
99
99
102874
13263
99
235857
1789
258749
99
21626
99
210162
99
114885
99
81080
76713
99
164334
5378
352838
338927
99
82586
25430
99
99
161206
99
99
203592
99
17220
99
54926
228949
99
99
52082
99
99
171818
99
99
61167
99
99
99
99
99
24918
99
99
99
12259
99
378019
85
99
51045
99
25119
133873
318682
99
132079
38141
553878
40966
99
99
99
99
230248
99
193863
437765
99
178333
99
99
48701
13124
280843
107191
103351
99
95
68020
47284
99
99
2637
97
78007
134446
60843
217958
99
328125
81
99
99
137475
389763
198043
8519
46037
99
469308
99
99
99
98
30278
49674
99
99
99
73527
99
1709
99
99
99
233262
99
99
99
99
99
170654
1471
72980
73876
9736
99
597979
133969
95
99
179813
99
99
97
3186
99
55764
99
99
99
499183
61762
99
99
99
304595
45747
4844
99
99
99
124361
125062
500896
99
91566
275803
99
99
60786
135035
289105
399733
17078
99
99
411516
69312
106410
97693
346445
99
99
359
99
184199
138641
7242
316824
99
34572
27991
133947
183951
99
99
146156
99
308771
267997
99
539214
38055
99
99
99
99
99
99
624866
317524
99
258693
99
97
99
99
74204
387599
99
105591
99
99
99
99
99
99
98
99
99
99
99
99
265811
99
208238
256728
99
105664
116367
99
99
94375
99
103313
99
79559
99
99
38931
99
99
3575
364367
99
99
8661
110197
99
99
8152
282340
99
99
99
54514
99
235968
99
351903
4042
89723
99
35105
99
99
385582
99
353365
99
76611
99
99
50814
99
99
99
99
300769
99
99
263846
99
15682
101056
99
111504
99
44777
99
164879
40799
99
99
99
93984
99
17652
99
23853
99
99
99
99
99
212694
124539
134729
4861
99
409405
99
99
97
99800
99
1586
99
99
238816
136940
266488
99
90225
99
99
211788
342074
316637
93
80017
99
207453
99
146586
99
391596
378792
16316
99
99
135852
99
465214
83318
99
99
99
434299
95
199452
99
99
99
143360
99
99
99
99
47946
99
11091
241933
99
99
64000
99
99
99
99
374463
23202
56
608
43278
99
99
200533
99
155921
412667
317357
509263
353810
258462
23344
14650
99
99
99
169914
99
246198
174304
58214
50626
99
99
99
99
99
182275
99
17167
138332
313301
99
99
99
99
99
99
107478
16626
99
206477
387545
359908
4040
99
99
126453
99
99
99
95
77385
4404
112733
99
99
514357
40014
52128
300399
10306
276641
99
99
99
109346
35011
99
57238
355140
99
12480
1107
99
94844
99
99
99
337770
99
197954
99
99
108965
46671
215443
99
87584
34176
353999
55675
99
99
5274
99
5462
99
99
39159
99
99
174635
99
99
224259
99
24529
12065
183019
276102
5231
228269
90924
99
99
1616
26806
87516
95870
381736
99
99
84238
99
187741
99
186930
99
204523
27755
99
84612
99
473
99
99
99
239702
99
99
99
159313
99
13265
99
99
103306
99
402982
155346
99
99
99
177100
334498
99
32083
99
99
165222
99
99
193830
99
99
477852
99
99
99
50882
99
99
41479
423734
99
44171
142464
99
99
99
142951
99
511814
99
128849
69291
99
95797
99
99
99
89654
99
545
98
41215
31414
99
122850
99
99
99
99
99
99
99
77405
333956
99
479516
99
34313
188833
313756
99
99
104484
222808
99
99
99
99
99
99
96828
61062
11292
99
25936
279206
99
203911
185056
99
514175
99
9102
153902
99
121029
99
22113
200166
99
99
99
291790
99
99
144717
320532
44802
99
260423
99
99
64571
99
99
427073
329036
123473
511863
335578
99
395275
10917
99
99
99
99
99
208095
99
99
266983
183037
99
99
37922
314323
99
99
48349
144541
74967
95249
40791
243601
289607
109782
99
99
129747
99
99
99
99
135952
170998
99
99
99
99
99
99
99
99
99
99
99
246751
99
99
205397
75505
99
99
13594
99
99
16702
32534
2453
209589
99
99
99
238165
232596
99
284363
99
15232
99
98
99
99
20261
257624
156336
99
99
99
59213
239442
11593
99
99
302336
99
115305
99
44578
77443
344408
99
53607
99
70773
99
59380
34440
103263
281507
99
98
99
99
126068
213475
99
3640
99
99
99
99
59747
99
332504
99
340661
93576
99
99
99
99
99
99
52786
81068
99
44625
98
99
99
102705
13979
88250
278505
244107
170696
99
133646
260576
99
272483
194696
99
99
5308
171184
258067
335591
99
220572
99
99
99
165088
99
281877
99
99
379942
392437
287806
298631
408101
159036
381891
241012
64367
99
17031
14411
46296
99
6994
318839
296645
396473
99
99
23359
25493
99
12765
99
99
41647
99
99
99
99
89711
212005
99
99
99
99
368313
99
127840
99
99
99
158243
40711
31168
96
99
183397
99
99
261782
95
205408
106246
384312
99
99
128410
99
127461
56719
454721
99
79162
99
42331
5444
99
204513
659
338659
99
101098
204635
188633
99
3570
99
58847
99
17975
174911
518994
19567
99
99
99
198981
25289
99
243842
155737
178115
99
52796
99
70785
99
165553
65798
99
99
85136
99
99
99
116596
151078
248815
99
83202
236937
259925
94268
353703
99
99
321250
80122
274840
35464
154746
558514
99
99
75035
99
196509
99
98476
99
3761
37248
99
3650
99
99
99
113848
99
99
99
192922
20077
99
99
99
290306
99
99
99
99
99
99
99
99
99
2567
8264
99
99
99
25510
99
99
99
99
99
99
99
99
105733
245546
2927
99
125479
99
100835
99
99
99
81848
203859
99
99
92166
279554
2953
140311
85237
363129
99
99
99
423602
99
219389
156545
99
99
236487
104428
77325
99
339598
92354
99
99
341229
15993
5357
4850
99
99
7878
99
99
229778
342997
99
99
99
248283
99
51481
47862
379210
99
99
9242
99
76384
133656
99
99
237782
99
290391
46418
99
99
99
99
426392
183496
99
99
99
99
99
24746
85
99
85999
99
2785
99
91087
99
101791
59139
99
99
340794
181318
395263
99
99
9947
99
99
99
99
99
24754
99
99
135470
311446
133769
433306
255717
99
99
30332
489802
99
99
67563
99
113190
99
495091
99
498260
99
3973
99
134456
99
495928
99
99
99
99
239582
99
102779
99
99
99
449832
31552
99
99
99
87622
200322
26348
99
99
21678
99
8653
99
99
58344
99
361413
6861
98881
99
99
99
99
99
220678
260584
211476
186295
147884
99
99
99
240943
99
99
99
468522
99
102148
99
99
99
97
506814
99
106823
2714
99
191163
99
99
99
134986
244471
99
136970
17026
198576
206469
107009
99
99
99
2956
99
99
28708
214956
99
294182
426114
17314
99
99
180054
99
99
99
453727
99
273846
99
57628
99
26668
328789
78211
99
99
99
46261
99
99
99
99
99
99
99
99
534676
99
986
267363
17011
99
197680
31814
99
188580
99
99
99
218449
4460
77086
99
99
173340
4941
121035
99
99
99
99
45422
420024
37027
75836
270084
99
18176
99
19203
99
99
99
71821
15638
66669
18567
99
99
97
214570
99
99
99
99
99
44924
99
241724
99
99
99
56344
99
99
99
99
2653
412458
504162
79109
99
99
99
99
99
371566
99
99
179391
99
99
16364
104867
99
104963
99
99
99
99
5703
105173
99
99
30168
99
99
14750
327415
99
413301
99
99
99
99
63025
161903
99
53027
99
99
99
99
99
99
377752
99
27813
163768
15399
75570
367059
2208
184285
66356
28416
470467
99
72364
46398
263862
378591
