99
222991
337837
12575
246785
99
265846
7175
99
99
226971
99
380
99
99
99
99
99
192851
386439
99
99
99
539995
99
99
99
371468
274279
99
99
99
99
99
167913
572992
125782
99
211821
33066
99
21084
99
80525
98
545023
99
99
161034
99
93
99
94
58515
197642
25314
99
99
334850
99
27232
24682
99
99
99
99
492334
6824
99
7890
218876
26973
76698
144208
139414
130556
160750
99
8643
99
94
99
159209
45549
99
99
99
188860
99
80272
195789
99
162754
317105
99
99
194144
99
99
99
237596
39487
113273
99
383906
181178
340578
99
188556
99
99
99
151818
483535
99
249039
310218
99
416128
215753
99
99
101706
3615
99
155161
99
99
161485
99
99
99
202897
99
99
99
300646
99
99
237520
348238
99
57130
99
180008
99
99
180697
99
99
99
1223
14007
99
99
99
3502
99
17485
99
28733
6249
99
99
98
117142
30397
288940
99
99
99
124013
99
195891
14877
99
99
99
99
99
144424
99
44334
11898
519121
94
99
99
44384
375240
46095
99
99
126049
143446
201167
99
46951
99
332979
60019
166022
251943
99
99
99
99
11579
369771
98
99
37404
99
139050
5466
93
103
99
20343
207435
99
99
13556
59109
111872
99
99
2553
99
99
99
99
99
278169
99
99
283288
207197
2374
102261
6459
213549
99
154411
99
32086
35342
56243
99
20491
121004
1559
99
99
332208
99
525942
5576
99
99
22639
286786
99
99
98314
3899
99
99
71892
99
99
99
99
427815
99
99
63
4083
89566
99
325790
99
99
251313
99
99
99
99
99
144847
333004
99
99
226132
195734
99
35082
164215
99
79935
228114
12108
99
99
99
99
99
99
342211
499953
99
99
23610
20797
293418
99
99
94
100939
99
246794
200007
99
93889
10035
99
99
130596
41121
99
99
99
252847
144133
239093
99
99
99
94
99
97
5672
92053
78213
16801
99
62258
448171
99
181193
11147
99
99
99
418232
541524
99
153269
99
221509
182068
99
366369
405915
32037
23920
99
99
7528
99
224823
99
99
99
28094
99
99
99
56235
108723
342007
99
118895
99
99
99
125241
86955
99
57831
124996
99
99
99
99
19921
22801
176132
99
17192
99
99
98
34606
48734
99
99
99
324466
595041
257846
99
35985
578959
349107
99
205232
99
99
27607
99
46782
37407
99
99
99
99
195758
279975
45012
99
99
45038
86212
193233
99
8702
99
26949
49438
99
99
99
99
41043
158532
99
296526
350967
99
99
99
170472
138958
99
376306
99
99
89595
111795
99
99
99
99
29371
99
58883
99
99
229860
99
98
135206
99
16892
99
163
99
267711
125912
17464
99
33123
273
22727
99
343105
99
148391
99
337105
99
166306
108718
99
99
99
81145
99
99
305935
99
416378
99
133689
99
99
99
111434
22960
284806
99
13683
99
99
439
99
28217
124036
99
99
99
10769
191006
99
156228
250893
239020
99
101223
99
99
156837
99
102850
66737
400041
99
99
99
99
281634
270088
99
20066
1453
99
99
841
99
72
99
27135
99
82382
99
21477
99
99
99
99
577101
99
99
4653
99
99
99
69047
9202
5187
99
115770
116878
60336
42901
3800
99
99
210697
99
136778
236566
89072
99
99
99
99
99
8038
99
59845
117751
19844
73683
99
8280
87108
275828
322298
75863
99
259454
483066
77240
99
472775
299049
137759
98
587248
99
99
118359
99
99
99
294515
99
99
99
99
464218
78260
99
99
206158
99
45003
7481
372002
12058
91070
99
99
99
250362
26039
157631
144044
6366
34
99
99
99
99
108270
128990
99
99
4939
94
99
99
99
99
99
261336
142272
99
123639
96
99
123046
99
29693
103359
46574
99
99
99
99
99
88752
11603
391841
56882
99
99
22952
99
98
98
165832
99
99
99
92
79354
199088
297720
190765
473449
99
99
109389
99
97
331131
414915
371911
131818
64794
99
99
307233
18537
134083
95069
99
203298
188292
99
177619
7794
356051
43357
99
618
116506
166566
431822
285281
99
236540
99
71378
146629
99
99
76240
99
99
420428
99
99
99
412204
99
99
99
99
9301
70664
99
368505
99
99
99
99
99
274188
12883
147593
99
99
99
99
302781
99
99
99
426704
107254
322938
99
99
181129
1448
74447
99
213046
305029
99
99
75071
99
468569
99
199297
99
99
99
377157
99
400517
90645
99
82586
208659
74248
74
99
99
373078
28168
38102
296785
99
99
568336
99
73623
20083
206385
38509
472964
2568
99
149629
99
249716
99
99
462282
272757
48768
511504
4144
99
132046
102356
99
99
99
162205
344595
2680
377538
368229
159278
99186
49467
99
170081
6455
17255
99
99
99
381318
525642
46073
199797
99
99
9439
29616
26105
98
99
99
25965
99
99
99
99
125765
99
99
65963
99
99
99
81092
247564
99
164052
99
99
99
15593
99
201930
57232
99
99
99
99
24814
99
98
99
10358
98
266697
18539
22512
99
310183
99
405905
99
99
99
12942
99
99
522461
99
40036
99
277158
236828
30734
99
116290
102178
16382
346025
672
28749
99
99
99
99
147163
229052
392309
99
99
61226
347646
150591
190173
241639
99
99
82686
41651
23685
99
99
34902
99
223814
143634
20429
99
99
99
122212
15037
99
99
99
41819
71047
412481
99
99
99
99
3751
99
99
99
289703
99
99
135736
99
99
1467
65580
99
86819
49814
99
99
22754
99
53449
90678
99
99
61253
99
99
99
318231
99
184034
99
30617
42824
10570
141940
378272
250723
129798
159754
67404
253364
15445
18633
1057
99
410906
99
135781
241115
99
291138
30693
542673
99
99
99
99
99
99
13273
54630
99
99
99
92875
314764
38221
99
172168
99
99
93
99
99
99
5668
8804
99
99
99
99
358002
99
211861
24673
99
99
99
10108
99
152053
5966
242123
456016
99
99
99
99
201033
237275
99
99
71235
99
99
99
42161
396121
99
22302
99
152088
33222
99
464492
99
251632
99
234852
99
99
99
99
67341
191750
10644
99
99
81317
99
99
99
163158
99
99
97059
55289
374749
99
70020
458823
99
342414
99
99
3268
99
281312
99
99
99
99
490768
208029
99
288909
47462
188638
46191
251700
234355
284683
75647
133049
24547
187029
94
204306
11462
11299
99
246465
99
112592
14046
32428
43655
99
118667
73615
99
99
99
11631
99
99
99
400689
324703
98
163233
60846
269695
99
99
99
99
99
99
99
109822
41090
99
166898
99
99
99
177637
99
99
15614
99
131951
49129
192425
99
56
9720
319313
61799
295276
134207
81886
21958
164066
99
102598
144446
99
185135
39761
14104
7877
99
99
99
54689
136138
99
99
99
99
99
41332
460
153562
99
157079
99
99
206357
18938
261029
99
99
39729
123763
135832
99
85090
99
99
56916
126437
99
183316
99
387
247587
171948
99
99
212911
99
99
99
453170
99
230595
99
586640
270555
99
99
99
99
99
99
61526
99
99
122218
528880
90291
268246
99
298964
162957
220889
99
99
99
156179
99
99
99
99
155386
99
98
99
93349
99
99
318862
99
99
99
553056
61709
99
297573
99
134409
99
99
99
338132
99
99
259671
163551
99
96
99
275163
99
97
99
99
13537
41318
56677
99
4162
99
99
259914
296362
99
99
26861
99
99
99
99
87701
480277
99
132514
140065
392776
99
99
99
304044
18449
63249
222266
99
99
71116
140445
99
9860
99
131909
252199
332293
99
392130
60733
261076
814
99
74542
99
99
99
99
64467
25787
5646
96370
81793
30311
43372
52247
99
294222
99
363133
99
99
224816
99
114345
99
29137
99
99
57498
99
99
3294
99
99
40937
99
105691
20154
70972
67175
99
431560
99
46382
99
97
99
99
99
99
99
48154
133812
10304
44159
348204
99
26090
99
303695
99
99
99
211801
40342
48380
86285
83789
298445
19099
246525
5757
99
3087
12497
296979
99
101539
99
430892
92816
99
99
323206
99
99
99
99
99
99
99
99
99
42949
99
99
86659
99
99
110236
99
429949
99
263977
69720
195275
99
73684
99
13474
61856
99
174046
56785
99
99
99
99
547287
150012
218969
135062
99
380623
52
61684
173816
99
99
99
365120
99
99
5587
430824
99
500069
99
99
99
38696
99
39984
99
99
99
54942
111876
99
99
99
36603
49060
77652
99
99
101946
99
84994
99
174822
4520
99
99
185912
199526
67289
333408
99
140481
99
99
99
99
192112
212754
290982
150886
99
125135
99
87071
93837
58942
99
433223
12789
99
183376
363146
99
99
138157
244015
32449
99
119786
75813
316583
99
99
59117
99
99
174315
99
134411
202777
34532
205034
99
99
99
99
99
102160
99
99
143295
99
99
99
3779
97289
478834
99
94
99
99
99
99
136071
99
99
22659
313719
157929
69548
99
99
35523
84479
99
99
99
99
205272
197964
405546
99
99
45240
17062
87726
269964
186098
403480
99
183287
188371
99
99
98
301605
99
9923
99
118088
99
99
99
99
99
368344
451696
280730
128200
131982
99
3521
172218
99
99
73140
186033
99
99
99
99
99
99
45285
101154
96547
196148
409332
99
99
99
16660
375653
99
99
306649
99
2813
99
99
99
99
83508
181082
79566
123010
75811
8515
465678
99
131195
99
175115
99
97159
99
99
374022
99
23464
98
46371
93686
77828
97
99
99
52762
99
205714
81367
99
99
99
48165
99
189393
183079
99
98
99
99
99
453994
68820
53184
99
99
99
22689
99
30759
99
344952
99
74127
99
100185
52770
83210
94
99
99
99
51648
99
138261
89325
282148
190679
99
84
167830
99
89927
388870
265109
63341
99
99
65568
154343
107828
94
99
99
254601
99
298255
94
99
228386
4178
99
99
99
64228
186112
99
243258
128213
13217
99
233309
41946
99
134203
99
275238
293218
13642
99
253967
99
99
99
99
43321
599
99
99
99
128353
113607
148752
99
99
99
102248
99
99
99
95337
248289
99
99
270857
99
99
417747
19207
99
99
99
99
99
132976
95496
23971
114114
408539
271841
99
99
99
99
64786
164853
338194
99
99
376538
9983
166541
73438
99
98
492367
257339
99
99
534285
99
142183
28661
99
99
135180
7242
99
160943
25129
99
99
99
178582
99
552798
475331
99
99
173874
99
31509
99
99
99
99
99
99
99
99
99
8218
170131
99
99
99
13537
99
99
62778
99
244074
306060
7344
50197
99
99
99
99
292157
247629
136622
159075
99
99
42050
99
166661
99
9313
99
208324
139152
99
97
63376
99
99
53510
99
99
148547
502524
17232
226729
99
99
181553
266056
95034
99
16164
26338
99
10133
188793
99
99
99
99
54676
99
545473
99
99
328874
99
99
510010
99
499649
99
27301
99
99
99
1437
238986
99
130327
694
99
99
223514
21155
178579
48610
99
30600
193563
31141
281899
115986
99
8065
153183
39586
99
28221
98
99
99
434964
239566
2080
99
17177
15531
182337
99
99
36543
98
236053
117224
99
99
211324
426567
153353
26747
99
66537
99
99
99
99
99
99
493252
99
99
326717
10930
99
159585
107175
99
99
129456
60831
415499
139206
99
99
99
453922
27292
99
99
91221
196509
311364
99
99
98243
99
99
99
95498
99
334203
99
275007
99
99
99
8761
99
99
123884
84771
64350
99
99
245403
99
99
99
88201
98
99
99
99
99
99
309895
99
236009
99
62105
320527
99
71031
99
122180
99
201077
155274
99
99
83226
99
60944
99
99
99
179437
99
1876
99
100550
99632
78470
99
99
98
421190
57996
136052
97
99
99
99
99
342150
132683
99
149699
73739
16173
99
144579
163852
99
99
86609
421969
534236
99
99
99
99
13044
99
99
219835
113681
99
137661
278877
1059
99
563652
78617
99
17379
99
11631
99
102349
68518
518917
340031
99
99
63149
99
131541
99
99
25431
12633
99
128036
275837
99
377609
183448
11992
1202
99
99
252971
217016
99
99
99
514277
205222
77583
230886
99
99
208175
1539
99
110907
24734
99
372142
354639
421733
99
99
99
99
143607
99
115717
317060
157534
7933
99
759
248442
99
99
99
99
99
99
115538
290242
99
99
111093
99
99
99
207620
99
99
99
99
99
260580
9671
99
14888
140061
99
347439
99
99
3833
99
99
99
99
230152
99
268858
440081
11904
99
484638
99
99
222282
99
152017
99
189526
99
204950
44244
99
98
99
173557
12383
535239
203960
99
41255
510228
99
277031
478428
99
99
99
98
353394
74227
99
99
116984
99
99
42093
22185
99
49442
99
12141
99
232817
63337
205479
99
99
90514
279595
308432
98
99
99
28433
72056
99
830
178627
99
310053
99
360776
4375
99
177224
99
99
99
98
99
99
25899
99
99
99
99
99
49265
278921
200991
421914
99
99
99
239267
96150
99
127422
99
99
44565
142014
99
99
535380
76446
421844
215286
99
6808
63835
192679
99
50696
11705
162375
98
73770
99
28802
100227
17960
99
98
19616
168410
63456
235538
99
446347
16345
99
99
99
205738
99
32352
17645
215093
19385
99
99
172700
99
99
55470
98
99
99
4109
99
99
99
99
99
99
20714
32584
388020
99
144404
462252
99
99
99
352263
99
134190
99
99
99
3848
230751
99
53467
99
294822
99
99
26494
99
487332
446084
99
99
179897
346852
37471
99
99
98315
99
91340
119472
99
111113
99
99
99
99
99
99
55523
251962
98
15945
99
1453
99
99
90121
99
417178
311417
99
284186
267121
54978
133955
130616
99
99
99
355671
99
69960
99
505188
99
2039
418720
189686
137644
99
99
11581
99
16134
99
64122
241147
220298
99
99
375031
99
99
99
77289
99
99
99
165452
99
83220
99
99
99
99
378727
99
509045
99
5974
99
99
99
99
99
9027
23048
99
297450
95
200910
98
258834
238133
99
99
99
20753
49697
141358
99
130129
99
99
211422
99
99
15651
60726
18503
325120
99
99
99
193231
99
99
55069
23709
99
99
16334
99
13869
99
61855
46443
262016
220375
23071
34232
99
2323
75130
42886
226376
211488
4138
43409
172581
42194
199138
99
99
1076
84677
522
99
99
335284
99
105298
11902
99
99
182795
104784
126256
99
3828
254679
240033
391210
99
1987
99
251590
35856
99
19206
99
176003
203127
99
10771
99
99
99
99
142788
122912
99
99
99
99
99
304898
99
16163
543834
99
109947
99
99
99
96
87153
265314
85024
99
99
99
5704
99
99
99
120245
82312
77
410141
19381
58815
99
99
99
45180
99
36917
99
99
48774
99
261031
110742
99
119693
70665
99
76444
114232
99
16369
242744
99
167118
51401
45825
99
63199
73949
28317
507451
53235
2357
166813
99
99
99
99
65426
64536
70233
292289
99
15985
99
95
99
99
124308
99
134959
120390
294082
80117
99
138274
99537
99
143563
5196
454835
306948
99
121946
182406
495496
345926
140338
99
31511
99
8135
99
99
99
111222
99
99
257403
362474
99
239630
99
45079
99
336675
99
283091
99
99
266157
196238
420343
99
64485
99
99
99
99
16869
59290
99
98
99
72013
99
22228
66514
99
99
99
99
99
99
99
226873
99
99
99
99
476203
104350
244560
20454
96095
308340
99
99
97
99
59241
99
896
198783
99
99
99
99
99
99
474416
61974
99
98
47906
505137
50236
520482
172599
37419
190270
99
249565
99
99
367956
99
15509
1621
19976
12385
63682
8498
599666
99
99
99
105026
31745
99
99
466855
99
99
99
61415
19324
584637
262624
99
106655
64248
401382
12636
287035
99
98211
126270
183519
99
19388
99
425420
99
99
99
99
54819
100057
144782
99
152936
126036
139356
99
562226
135912
207046
280294
169208
99
99
99
22318
99
99
99
99
99
343853
99
18949
99
99
99
36546
17971
99
104899
585
197680
40991
11234
34579
43593
99
40309
203627
99
99
99
99
99
31708
99
99
99
219434
3392
99
99
99
105116
99
379876
264444
99
51578
24527
99
99
316646
99
99
99
312535
99
421787
99
122803
323253
99
99
98
99
522082
308535
99
99
99
99
29915
171683
99
99
99
99
11289
99
99
99
502391
219675
33998
25378
99
49652
330
99
112811
99
337998
96
4037
45240
455026
99
15770
99
61059
99
99
99
99
211221
371842
208587
99
11428
99
304266
99
199898
99
407799
99
13597
18676
99
99
86020
384389
69197
378494
99
171488
9089
6259
95640
99
127931
410603
99
37706
99
15384
99
99
99
608520
99
99
91230
405208
99
1837
99
42972
154471
99
308146
138893
99
21510
99
203864
99
99
154341
8799
265229
37583
4464
99
27071
3844
99
99
99
66322
100417
66102
99
95975
99
96
99
25340
68919
141008
183294
99
99
272517
305622
160957
99
105400
99
39603
82103
491196
34891
38326
17941
175332
99
99
99
11020
200358
99
99
2039
591914
99
398032
426078
99
99
99
99
214626
99
99
99
99
94
99
99
10430
99
184
109920
99
13179
5323
99
18148
17193
8811
99
99
99
312532
89
99
198304
144382
199014
196904
99
230013
121420
98
22196
106559
36596
99
256405
99
90950
16276
99
244402
18905
121369
122318
99
98
99
99
99
99
11526
24913
20103
216067
99
99
99
30295
116075
99
99
42524
99
99
99
99
99
371115
99
99
99
316773
107802
99
92811
102956
274555
99
99
381114
164791
99
128041
99
12855
99
99
99
99
99
238436
77
213447
7711
12797
99
99
3929
99
99
99
223494
99
54
99
155196
107
95
99
99094
99
34404
98
338949
10909
46190
99
99
39907
436256
422501
16619
99
10491
99
99
99
378726
249839
64221
152756
99
99
61627
175237
99
424353
99
99
99
4611
75369
70411
99
99
170945
388269
305153
99
453907
53039
28568
72880
99
99
99
306245
99
113430
99
214883
99
98
217706
25331
15851
99
99
99
343099
99
162623
99
43587
110113
99
99
99
202732
90083
203568
88681
99
83
99
59648
294800
99
5904
35059
99
115292
99
99
249267
99
180159
34194
99
7830
99
99
248077
21319
222947
99
99
14
84583
41400
326098
99
104978
32398
99
99
99
23762
99
241179
99
99
99
99
95
364639
15732
103677
123438
3144
3408
159933
226788
99
97892
577960
114396
259390
99
99
325355
12174
29620
99
344974
69545
358066
203065
99
51179
99
99
99
197193
318450
99
222612
99
99
99
99
71366
99
293196
156334
108581
480816
251996
97
99
26823
99
190575
191770
189489
437931
477709
99
99
99
99
522831
99
99
308545
140298
342645
34674
128609
99
99
256934
25721
66961
99
370972
99
27866
181922
131366
14334
99
189147
99
298166
99
201003
99
43871
99
99
99
99
186766
351594
99
99
99
580026
99
99
84841
98
99
99
99
99
99
25573
99
99
3760
42727
138030
94
304552
153586
99
198
126443
100928
99
335299
99
99
99
99
99
99
95585
251455
99
99
99
99
28984
17651
225872
99
99
99
248626
99
116195
68906
99
424300
98
34855
186308
99
498011
69123
99
99
99
94
65388
22971
273869
99
99
49854
443454
99
99
99
42288
172726
99
99
99
99
102145
57837
75335
267952
99
366514
12786
29708
4873
51762
1619
99
99
99
163167
286771
99
99
99
99
109000
76305
52861
99
99
99
122080
99
99
4765
67590
93727
99
6527
62479
66608
419410
99
88712
99
16397
99
461034
529687
29248
99
99
99
5663
99
3794
99
99
99
99
99
42692
99
170982
99
89304
99
99
84410
26473
575511
6029
17059
7037
202154
478662
99
1067
99
99
99
99
206816
99
109073
1371
19598
230867
99
99
99
352986
99
225880
99
99
92120
427454
12372
17856
383255
99
99
99
98
99
99
3021
57926
99
193767
228995
99
10443
99
110213
99
99
99
97
99
99
99
99
99
334592
121188
461341
3349
99
150732
99
264858
87975
99
65237
99
257302
99
118641
271309
99
37595
46933
160224
99
99
99
315372
99
99
99
99
20362
99
13732
99
99
309374
99
140351
99
17266
26569
99
403796
99
42249
99
99
161473
27184
55597
99
99
37523
111156
99
87847
112573
99
381805
362773
99
15699
99
99
99
99
99
99
99
99
99
38093
3544
99
99
209888
283480
99
126199
39656
24941
99
325846
197757
89170
99
76840
370238
43883
99
288291
99
93801
117438
99
10663
81298
433143
99
99
99
6189
99
99
219513
99
99
99
99
518163
336237
161494
333779
98
99
99
103160
99
99
3827
99
99
142990
99
95776
291269
388136
99
270678
99
99
530247
395656
99
99
99
276615
2890
99
99
115297
99
99
99
369367
99
112449
155379
99
207588
30049
99
407365
99
101060
134495
263235
296258
310989
98
302031
99
94
175810
99
18456
99
145716
99
99
99
290772
319293
843
306799
99
472064
4391
99
148078
2677
406418
99
99
251550
40210
99
499887
99
99
99
99
99
99
246761
68156
17803
60746
306121
99
27874
21168
47612
99
99
211065
157246
99
98
99
530522
99
99
99
40271
148815
53625
40409
99
99
500626
99
99
99
99
99
27361
232846
99
62
99
6950
99
98
99
95455
429890
265415
15464
342077
99
193878
99
99
98307
49860
30936
128660
99
73696
99
461975
99
99
99
131810
262771
99
99
338644
27034
96
67403
99
99
98
99
129642
99
99
99
99
444414
99
99
99
99
99
219189
99
99
117291
321130
181135
99
99
18648
99
316136
103860
99
281148
86102
15577
99
278567
99
99
99
139300
127863
99
99
100033
105278
99
99
99
382570
99
458929
39421
99
99
179406
99
99
99
99
99
217101
45395
99
99
90786
99
99
99
176718
99
99
99
99
18285
11122
156448
599745
25798
335682
99
99
99
2047
99
99
99
99
99
98
99
31165
174008
20866
99
99
314213
296568
53106
152316
99
58995
116253
2404
462614
33235
99
375900
60630
99
79461
265518
16781
99
272509
99
99
99
106677
99
99
79298
88220
115585
99
351289
99
99
99
54936
99
99
99
381353
99
41184
99
58735
99
99
148945
99
99
495011
99
99
98
99
99
272296
82174
277477
18693
16042
1140
99
18872
333288
99
27577
99
322774
273818
99
99
176530
99
99
99
342273
99
99
45401
98
153619
99
60147
99
99
29757
274331
99
97
99
99
376837
12323
99
99
99
99
51903
99
99
99
99
99
85
278473
44386
181476
84553
37354
99
183333
99
99
99
99
332098
98
35457
99
99
9832
275971
186200
12297
99
2324
99
99
15834
99
226023
43355
99
154008
99
323746
99
99
99
315259
99
99
234364
99
349013
99
99
99
56107
137624
149655
99
99
99
99
98
68791
99
97
45506
85945
149687
99
53285
99
99
99
99
98232
18862
99
349240
99
99
65858
99
99
99
51325
99
34763
99
99
55474
99
177173
99
99
5597
75032
23810
99
159578
167788
23896
99
32474
99
8048
79515
99
67043
16047
99
99
601
124885
99
99
233669
36804
479005
99
99
99
99
587464
438823
99
275471
264061
99
56008
99
240147
99
368302
99
74645
177845
99
95101
270061
185351
100175
341579
97
32711
99
98
420362
45342
99
99
99
99
210568
150456
99
217422
138645
260567
45581
6319
99
472205
99
150186
99
99
85714
99
70345
99
99
35458
99
99
53386
61726
99
92401
99
403331
99
114386
99
87774
85049
9077
10189
73344
97
99
99
349225
99
99
99
279852
80768
99
84703
92792
99
164941
450952
99
72184
99
99
99
8391
207196
372778
35738
99
99
99
99
99
99
175432
99
154737
99
99
170722
106908
99
99
73505
441493
164636
99
149429
99
99
19771
10820
87789
131920
99
99
90
99
8826
98
180475
99
99
169525
99
99
99
16520
99
287604
321853
67233
99
36191
99
36032
99
198256
99
99
98
99
150114
99
99
28064
84720
212200
434334
71644
15766
99
99
99
99
454803
193953
151650
99
246004
99
99
99
124242
99
99
99
99
99
99
99
93676
149439
99
99
98
83080
23189
99
99
173863
473336
125161
99
99
27753
98
14879
99
99
1621
121329
99
99
99
238
30477
99
358063
252366
99
310755
99
99
99
99
99
8420
99
99
99
38234
339913
99
228805
99
99
99
99
3373
99
330471
99
99
140835
99
99
217138
99
28983
16086
99
99
330538
231331
9059
117666
99
6166
99
377763
54982
19529
350037
132861
99
456492
99
99
99
99
279225
7169
99
33448
264206
71855
99
99
99
99
99
99
98
99
60079
37155
99
99
309394
581097
99
11115
11658
43671
99
99
99
33893
2106
269004
65317
249011
99
193570
99
99
334536
99
99
12778
99
97
207364
99
249412
88147
469560
64054
99
99
99
99
99
459852
99
99
98
99
99
99
99
32888
90880
162989
96359
99
99
75453
99
99
99
139310
59260
99
99
99
99
99
99
4904
99
402659
181964
357336
99
99
99
105301
77622
520634
99
99
214068
6406
319371
99
99
99
99
7441
122613
180768
99
237837
153904
1372
313690
99
99
99
99
177748
20100
140633
94301
99
44137
214026
341847
102549
99
99
33127
109947
99
30755
99
99
99
527976
99
106907
249406
41980
397628
99
99
99
2792
53539
99
7693
86702
99
99
94855
120950
99
190435
99
99
325233
99
251031
99
99
198057
99
359047
99
87864
99
133366
243444
99
110949
75212
99
99
99
99
99
153548
99
99
99
99
99
148733
99
99
99
207238
99
378415
35195
99
99
99
99
99
99
99
93167
99
3853
99
99
388864
99
483543
146950
265610
233502
99
96
99
23644
39452
99
367564
99
120878
99
99
187746
178320
220380
7603
99
99
99
99
99
476747
83299
125052
95
115462
108648
99
122898
99
99
99
75467
191475
75843
99
99
387428
99
99
99
43523
99
59532
359899
94858
99
92
420588
73660
335117
99
99
99
50967
115530
46015
62807
99
99
99
99
99
40837
99
381281
81914
16545
122779
99
101351
70844
157072
99
99
291425
61964
549034
99
99
99
161976
99
99
366708
25332
99
99
259669
175291
99
60522
5658
29975
189370
99
99
99
99
99
24351
99
99
23819
57724
594493
99
99
99
99
44418
99
609696
99
99
99
60652
113898
118519
99
159931
99
281005
99
99
62108
99
99
99
6407
99
224707
851
99
99
75492
99
3399
99
99
99
99
256332
63272
99
99
99
287024
99
461128
14476
99
416593
179075
183990
112941
99
99
23049
12397
99
99
201369
258165
99
99
99
99
99
54034
99
134101
135736
99
62
99
34979
442364
99
167332
99
6208
363983
279853
12145
171691
99
364130
256053
177761
75550
99
260845
99
99
99
10871
183819
335460
99
25274
124065
99
99
572318
98
98
987
211805
121533
99
70160
46523
518550
99
99
231968
99
99
99
34494
99
127186
332735
760
99
444971
158009
99
235101
99
448626
76178
85026
394652
233559
99
182730
99
99
99
125703
46682
247695
73333
99
123404
136330
10757
116503
190104
99
99
99
84588
99
99
99
99
99
99
98
255320
97
20266
99
37308
85939
99
297601
99
37981
104655
99
229155
130215
99
99
34506
191183
99
99
99
87579
99
99
99
99
270375
99
98
99
163293
26851
367656
99
53787
99
99
224239
31813
99
99
350922
99
64908
99
99
99
99
99
99
99
153357
190208
99
445034
99
358467
98
99
99
313897
236735
45449
5919
99
293775
99
40344
83284
99
377229
522955
99
212718
237702
209649
99
97
3650
104875
229227
9765
99
177924
99
24559
135290
99
99
99
99
99
99
211146
99
68554
31153
71270
99
99
99
99
99
94
99
99
25858
99
99
36387
440195
99
366525
111961
99
21479
99
99
498821
99
185931
268759
100666
98280
87789
56960
592903
117222
99
99
99
99
99
59971
206001
240559
69293
206592
99
99
99
99
4567
99
99
99
32061
99
190616
99
10102
126990
121707
22832
99
99
99
99
63302
251390
99
12913
99
99
33767
99
73820
99
78
313721
99
30109
76816
99
388026
99
378848
22753
99
96
99
326298
99
99
34550
248003
99
99
99
194826
99
99
99
99
99
99
39257
99
99
99
484688
185875
15523
872
151521
99
38283
30197
99
202668
60303
98276
19417
99
54501
99
99
99
99
99
126743
99
259750
99
89
99
131665
99
99
70985
99
99
353021
300614
99
99
99
98
145739
65201
99
99
16131
377210
99
99
99
99
149
112645
311087
107008
99
20195
74659
582453
37066
169455
418786
248289
99
218790
99
37026
136129
111378
99
99
354909
99
99
51385
97025
368393
33165
26508
99
99
95
378207
99
150119
438046
99
425250
99
86419
99
99
44217
65563
10715
99
59506
44115
99
205606
90650
99
19947
156504
147544
101180
99
99
99
189685
99
150606
94725
99
36667
99
47402
99
16182
99
99
99
335122
99
99
99
131171
197005
99
45796
230599
99
497095
8225
29008
361360
98
41362
99
99
99
99
44907
99
270539
99
99
98
472565
30026
99
99
99
213202
99
99
203931
99
85094
269004
99
99
99
99
99
84469
209114
99
175957
2911
29871
99
424096
99
87569
179641
99
99
99
38037
99
99
99
54450
35816
99
99
184289
576433
99
24524
566761
99
99
99
77390
145137
95974
99
20910
21716
99
137574
341763
950
99
99
263317
99
221176
99
99
99
555303
99
159139
99
99
98
26749
105787
18313
93986
99
270203
98
99
31131
99
344051
99
99
99
50927
104877
333587
210994
68556
218508
99
99
156264
137716
4456
99
300201
99
99
99
88
99
357205
99
99
339067
99
90
99
99
99
99
99
175584
180176
99
99
168744
342262
99
24692
68187
99
99
506201
99
35894
99
254082
358660
99
53193
121235
99
547657
99
99
99
202127
99
258684
99
103609
99
107590
99
355081
66714
70691
62054
96622
146444
99
99
305239
222189
261290
171400
278885
99
26645
99
99
111584
99
99
11987
99
257300
99
99
113950
210030
99
99
69100
99
87577
72674
258451
99
99
273501
106330
99
99
99
99
21347
99
99
99
111163
99
21485
99
420006
1912
99
99
99
99
51006
99
117596
312207
56060
44303
549062
99
118782
203475
95647
30923
99
99
57028
99
99
23825
99
172006
500
195611
99
286610
99
99
4457
161491
99
277943
99
99
148916
99
99
99
99
19209
99
99
334141
6681
215926
99
117309
99
99
99
42702
99
104027
8073
42347
99
99
278699
60429
82611
99
99
332773
99
66519
99
114828
14034
130620
99
92261
99
22740
127122
99
99
171664
35351
226339
99
11595
99
105807
340326
99
97
217694
99
18197
99
252547
453272
226931
99
287722
99
99
99
99
99
525556
1066
129179
98
273314
99
99
45710
277883
99
99
236049
265730
97
561880
5934
89601
99
99
56153
97
26315
99
199628
448063
198738
99
1247
99
99
99
99
99
46449
1878
65301
99
99
43325
99
99
99
98164
67392
264821
110865
84416
51262
390715
99
99
446189
99
99
42300
99
424703
255102
99
99
281293
16250
188649
99
60658
97
386885
99
99
196440
400068
99
228782
99
99
99
99
65935
315882
95340
188599
28489
129159
99
251620
99
374241
99
119163
60717
113004
99
305419
73257
99
119880
93
100319
99
99934
273284
143261
96499
6724
99
81802
99
252334
99
69948
99
217621
222677
65775
15304
98
81526
59531
212222
99
99
99
327424
99
99
85142
99
41536
436719
99
26907
54195
71645
477267
86840
99
99
272707
99
131623
229448
99
246380
179153
36719
70479
99
99
82408
312847
116905
101538
204829
99
64562
99
287785
139978
99
99
83575
99
99
99
99
99
316719
99
99
50862
64479
99
1168
99
99
86615
99
51289
99
434097
9884
99
60103
2663
98
380471
108221
99
99
7400
99
303322
14353
406471
70126
99
99
388832
99
284766
99
99
21745
99
14458
121399
99
99
37753
368176
241463
337529
99
17470
99
328902
99
363215
99
23549
285959
129383
99
11163
236973
99
415642
410336
6355
99
267344
99
99
260853
99
203911
81166
99
99
177150
99
156303
89611
175422
441793
195963
99
71380
33364
99
217541
99
98
56623
213268
237531
24079
99
393478
99
102445
28485
146202
346208
99
306874
99
99
92803
30350
327300
154783
121185
196679
344860
99
99
170402
209405
99
567142
99
378822
83284
226964
99
99
482953
99
99
51289
85386
99
138631
51035
99
99
99
8305
110632
245
99
99
99
42451
99
5543
99
146115
99
64254
468393
191788
99
99
9443
99
326100
308287
98
99
226016
99
38968
99
99
99
99
57098
212008
315205
2223
99
99
474145
99
99
99
52111
140386
99
30074
99
215067
138301
99
540854
75543
229038
99
156487
60853
99
99
54543
495603
99
266965
269446
3303
163765
99
181528
110896
268251
99
99
90892
227359
288556
99
99
55427
99
99
162397
4783
99
526094
99
99
27136
99
99
99
197342
99
140514
99
98158
471406
451060
99
52647
99
167255
99
99
99
99
99
99
99
157103
58535
99
86668
99
278896
99
99
99
405178
268390
99
99
98
99
110227
99
285762
1845
99
99
91
69828
153395
99
314436
99
403628
165108
99
99
99
188649
222375
99
99
413367
225517
99
8150
50827
99
99
126743
255637
99
195910
99
99
99
99
99
156295
99
35261
99
99
99
99
36869
99
99
170809
25042
99
99
510477
99
99
99
99
99
864
47160
99
160338
99
60032
113297
151757
401542
99
17479
99
99
30102
99
99
99
99
458054
99
465394
99
99
491590
231483
98
132273
204720
192800
38531
99
284921
264
9546
446598
58709
99
99
91130
98
25757
99
535235
99
99
357737
57692
99
99
99
99
12141
109790
99
405872
389231
184743
483958
99
99
20968
99
56586
109371
99
3058
99
99
99
600532
99
99
86659
213616
52229
326122
99
227801
99
67804
99
99
482347
51578
99
99
12658
106293
99
197084
154260
99
99
133179
99
99
211029
99
4009
414350
92087
99
99
99
2668
5143
99
99
263158
99
99
99
99
99
99
99
99
99
99
4792
2765
99
21242
99
396892
13999
204210
226978
99
99
99
99
99
29744
141311
43420
11734
343100
99
72938
57920
162312
113830
99
38801
21418
345137
247588
289349
99
348112
368170
99
99
99
99
331380
99
99
177328
173731
78
33116
99
246053
136293
99
455770
99
98
99
99
99
99
107048
295119
1307
99
99
99
99
99
99
22112
46
99
16671
99
419583
3024
158030
99
99
99
99
91957
99
99
99
178591
24204
5472
99
99
190573
55477
99
99
99
99
70351
99
76162
58077
99
152531
99
60441
99
99
329032
355072
99
9088
99
278542
99
99
99
181260
99
99
45302
447147
99
208221
99
184033
99
443865
99
99
99
99
129998
339352
99
264762
99
281207
94467
414009
99
99
99
227053
99
99
99
20794
99
99
98
99
45437
8230
184559
22973
27091
356815
99
99
99
39099
99
163640
501827
99
99
99
99
118267
99
99
99
91177
31020
215032
99
28659
103077
61053
8456
99
193458
99
19702
419779
99
99
183820
99
348254
99
99
369714
98316
19839
13327
38635
134461
77920
116286
42626
99
99
5371
208499
82414
99
180495
99
104411
99
203788
506122
216176
2540
99
99
259044
4119
22439
224319
99
429646
40497
170363
99
32705
10510
99
34050
34575
99
99
99
99
380173
13580
11330
99
197723
99
99
443401
181178
99
99
99
69399
99
251083
99
131238
99
98
51807
99
377940
94
99
99
6689
99
272929
47769
99
99
68117
99
99
63545
21168
99
146417
192206
98
99
99
99
99
19638
99
99
99
11542
455009
466784
99
164499
151687
564749
164
312338
360998
134401
405693
99
99
49543
126253
2178
63882
9046
83720
242385
99
99
45138
98
29989
99
99
243474
32330
99
179555
6865
122091
313300
99
99
454434
257297
99
173965
99
99
99
99
98
99
163522
99
99
35096
99
345935
128985
173856
99
105350
99
99
512582
99
99
99
98
99
99
285213
169250
149103
9671
99
79794
36020
97
99
99
99
99
494500
99
137571
244838
99
99
457140
462662
99
55768
99
164794
99
99
244356
224111
461007
99
214731
157900
99
99
99
99
99
99
207697
99
214043
115418
99
99
99
99
99
251515
43546
185879
99
99
381331
99
91878
97635
99
99
99
99
99
14495
99
123355
293185
99
99
78383
99
99
250523
292001
72354
99
427882
94989
99
99
115436
10276
99
99
99
99
45911
99
99
99
157
99
99
99
99
99
99
81695
153902
99
99
72184
145714
99
100954
99
99
99
156203
24791
98
99
99
40878
99
99
184264
99
167796
97
50132
76208
29101
473168
293066
99
152212
99
7443
99
96242
99
99
88494
99
151841
7791
99
99
6462
28291
185135
99
430660
267381
194335
99
99
15994
133076
161958
356074
99
99
99
99
81561
99
99
99
279407
98
14477
99
99
99
99
41021
162088
135325
4523
99
189476
99
99
99
44113
202509
99
88927
99
90369
99
3476
99
74609
99
43356
17195
99
48873
25852
99
99
99
202591
97
85150
99
115900
99
99
12673
95
99
461
215373
352128
99
99
389386
105125
99
