99
368866
50346
51299
97260
236823
99
99
99
404162
361240
276052
98
63015
187272
211086
99
224672
99
73857
20858
99
99
354772
99
99
99
90
99
126710
177361
3874
183107
37263
99
99
53223
99
99
99
5274
273207
74203
99
99
176305
389191
285501
55174
99
99
155972
124034
99
99
271551
393060
157373
99
99
99
300077
99
413168
217626
54847
83264
99
99
99
99
99
79871
99
53009
98
57060
99
9740
342946
85316
30489
99
541427
99
5024
133546
99
309808
60896
99
105899
99
99
96167
99
99
99
212402
99
99
99
99
99
99
16621
99
33346
57
98
335660
103988
304233
99
99
282573
124123
99
99
99
99
99
99
99
99
3300
99
109463
162634
99
152591
306136
126545
99
277606
38513
56844
99
503216
2993
59442
99
82216
256503
279374
99
376144
99
115565
45922
99886
99
99
209647
99
98
99
99
289429
374444
94669
131538
99
34800
214705
114350
177943
174028
952
414443
185560
97
99
210147
99
317500
99
323538
99
355464
99
4517
99
99
99
133141
99
97885
132614
179108
99
327039
99
99
108828
99
188179
99
99
26176
99
99
19011
271694
99
99
99
99
16985
99
99
99
359674
221220
302950
99
99
58828
99
308103
99
63210
30034
99
99
122281
563852
99
217706
99
99
389071
99
99
99
187081
99
161155
99
99
19054
99
17763
99
38376
112222
59155
235155
99
125120
99
90184
99
261436
309397
99
4558
99
117241
43818
99
99
96316
18299
96422
211307
99
99
288956
2703
99
99
99
98
5976
99
99
9675
99
99
99
224568
99
220103
99
117830
43776
99
25779
99
99
132924
43811
99
144699
168431
6598
99
99
208541
99
99
99
99
99
99
99
185001
52233
250312
99
92540
98
305021
99
133975
125381
99
99
99
99
49853
4746
98
270610
99
89365
99
99
480594
99
99
67335
99
154852
99
99
33452
99
99
99
99
144352
99
86565
99
99
99
99
90
155288
317655
3525
99
99
104926
76793
330269
99
99
99
189324
132047
45618
99
99
84439
93
8198
4171
99
21921
355570
99
181674
99
99
10904
65319
401875
99
8615
13060
99
318363
155515
108307
99
99
37069
99
99
343
10376
99
99
219532
2214
99
32550
99
70283
36597
99
7010
99
99
99
176917
99
33922
245410
99
270978
99
99
99
325783
99
98
18121
522968
99
99
99
82848
169926
2766
99
99
91516
99
178564
99
6561
473815
42487
174446
99
208542
99
4606
66842
99
99
99
135888
291520
350869
423232
32369
258218
124287
99
387002
99
98
99
135716
99
9266
99
61018
203908
99
311058
20528
74045
99
31143
99
15664
40788
99
108200
76761
99
99
99
480429
99
99
99
92141
99
93152
4267
2212
21729
99
209060
99
99
6315
203534
121186
228106
99
320432
99
105691
99
99
99
99
99
99
99
99
151819
105830
55622
381724
98
104048
106043
63077
572746
99
402450
335899
99
99
99
23827
16388
99
99
99
83
99
99
12076
99
209223
99
13002
169663
136862
191060
129066
96
99
99
99
470050
99
98
99
124489
68683
99
99
174215
99
85582
200588
530704
13221
180661
99
268974
16610
105426
106816
12233
47721
99
105802
99
325959
180011
99
99
4662
99
10342
41947
99
34696
3829
43316
99
79319
99
99
99
99
184008
99
99
99
4441
99
437741
99
99
253981
38117
99
98632
99
99
195105
97
27346
54941
99
311325
30220
384005
99
66752
284820
99
169812
142586
54138
99
99
51626
99
191098
99
284033
466711
99
99
94875
99
99
99
99
99
84488
99
302683
99
99
24523
13350
188960
99
48115
69915
99
99
430469
99
424986
99
26588
446840
99
99
99
38814
545338
930
99
284489
99
44561
99
99
99
7342
200778
243230
304776
278758
99
3063
411475
99
11047
86200
99
99
99
89152
29026
24558
296845
228000
3
103246
99
10971
91515
103081
99
99
99
164465
86213
316526
273337
99
192541
115100
317728
99
86038
99
99
99
99
87179
99
99
99
266213
99
380026
99
12080
99
99
99
99
99
315928
99
99
99
99
99
266257
99
306122
99
380243
99
336553
378409
264832
365933
151000
100791
208569
205846
373241
329992
409975
225951
355650
21962
208413
99
1146
99
98936
99
47079
99
99
99
99
99
162091
99
99
99
31288
99
160847
99
99
27021
99
99
99
99
142009
99
99
99
100422
99
99
26355
99
6656
99
8840
266412
85302
99
99
625
316260
58510
99
487349
99
99
86811
99
99
99
99
99
56913
29397
26141
51770
221671
99
14225
69865
93
99
171563
21780
8772
99
47131
165249
80238
60616
20356
76132
281122
51086
41550
99
99
48258
104954
99
45803
1567
115203
99
99
28988
70362
99
189485
30480
20925
109571
94
99
99
83
66884
374590
99
106881
6648
8041
15182
99
12794
99
99
13861
101911
463994
99
186878
99
90976
74932
99
99
99
199983
368350
164794
99
99
369687
114289
99
107839
64953
61769
99
99
61079
99
99
10598
99
18131
80000
99
99
109980
66090
99
99
99
99
99
99
534190
99
99
99
99
99
16466
127800
99
20182
74297
402523
99
30566
99
99
500274
99
180905
75782
99
28029
205185
41144
97
99
99
99
99
357367
99
99
234556
99
12784
99
99
99
365399
99
59770
99
497867
99
8329
99
72842
232372
99
47921
266627
134877
367028
99
357607
308399
335092
99
99
6213
99
99
99
99
214704
99
99
99
99
99
397579
99
99
180518
99
99
21474
99
237265
350934
142830
530568
7112
99
99
27109
99
360456
99
99
99
65193
99
99
132199
71113
97
208859
99
3643
86258
354260
76943
83044
99
99
449139
99
196302
99
14295
99
308655
99
71702
71349
99
35839
99
152413
108889
289907
99
85089
166737
142471
99
191234
295460
77740
362964
406486
400058
64877
99
22476
99
93140
167079
99
247067
331531
99
99
31282
516302
99
99
99
99
207768
99
72902
267717
149669
92065
247731
99
99
99
99
99
99
99
99
220074
94
99
27109
99
99
98
99
99
34714
99
99
99
99
30082
99
99
99
99
439906
112277
134602
296120
503730
433518
99
99
303540
99
99
99
302466
176277
99
99
76468
99
396900
99
99
99
10099
99
99
52305
99
99
99
99
99
24874
99
3840
684
99
99
31816
299422
118250
481170
98
79325
349160
334030
102381
99
139929
59316
215965
99
125517
77420
99
121734
99
351273
15474
233057
58841
141631
99
99
5701
99
145005
366461
99
99
99
99
99
207160
202986
313272
99
152122
99
54036
80176
283206
99
119689
238846
99
99
99
204769
99
420473
168826
99
75352
206858
99
99
148260
33469
250423
99
99
99
64535
23223
99
99
68477
99
99
12303
115960
551442
272357
159760
509407
406121
99
99
128439
99
99
99
99
112141
99
503650
41589
2756
27069
230359
99
65150
99353
99
69389
65155
99
99
99
99
67837
39274
91630
21727
99
39794
187062
99
99
331949
99
99
99
99
554181
99
57067
4445
99
99
99
173015
99
99
38237
99
99
226063
99
78770
99
50590
99
227453
288877
99
99
99
310
353678
304426
99
211203
334198
523006
69427
488277
99
99
314936
218274
99
99
99
99
99
99
99
14883
99
99
99
99
99
99
326121
290369
38470
434924
99
11953
54695
19114
88478
99
159396
99
43599
99
418682
245456
138280
285288
99
44034
99
377223
99
99
175619
99
113421
99
99
97
99
126104
398131
397071
38920
99
99
99
156215
99
5146
99
15224
28310
99
7281
17930
222788
276723
99
310551
99
109391
66223
99
99
31021
46082
99
171702
99
99
99
145939
380439
99
99
95530
99
12231
96
240618
99
99
99
99
177435
99
99
99
99
99
75632
99
99
99
99
99
76001
68655
99
99
99
99
99
19151
99
99
99
180392
97
30672
29111
317922
20552
31069
29656
301040
99
99
99
211654
60001
289050
215308
19122
91832
99
285929
17509
99
99
234334
99
99
99
99
99
99
183268
74029
99
81633
99
99
99
356387
99
89983
99
164632
99
99
99
170931
231367
7788
157791
257253
97
97
48930
24728
180767
99
99
99
110608
142367
92682
8519
99
99
99
99
99
303975
99
99
99
213501
165058
110788
473387
99
99
513281
99
91
9098
558783
101888
184526
505535
230023
56357
495296
2967
11422
99
99
99
99
241845
99
99
99
392013
99
65898
116103
286230
374271
99
112616
135938
276776
99
99
255906
7689
318689
99
99
37221
99
9424
99
99
116139
105133
99
99
99
99
99
46432
99
99
382283
19457
99
22432
357790
363113
99
99
167703
23054
99
99
154428
99
99
535951
99
273940
99
99
99
99
99
99
46653
133341
215685
387179
245256
215381
99
99
221405
99
208761
99
334006
551554
366357
99
99
98949
99
375851
97
99
64399
99
209227
297242
99
48458
39882
99
99
99
279150
99
109924
172092
99
99
54307
99
4414
159900
99
99
58957
40772
119425
99
83086
45389
99
22978
99
99
99
89030
99
99
413144
99
99
245134
99
124359
99
99
170566
124716
99
99
4858
99
386743
5172
11818
155019
85863
326957
99
99
21267
99
313504
126156
99
268386
113473
99
138675
99
99
98630
99
99
189733
99
64773
99
99
99
99
56270
99
25364
9211
1853
99
99
145115
30457
117780
99
2006
7377
99
149
283366
273872
99
163717
99
99
174177
77450
119709
394494
99
7950
99
96
152173
99
99
53546
321900
99
99
99
99
99
99
67444
99
178498
156103
99
99
318150
24723
87603
1595
99
99
318728
99
140570
99
98
29933
98
99
301776
17157
99
99
33394
195211
168734
99
38411
70171
21694
31406
99
99
248701
38516
99
99
299447
262665
217032
265164
99
99
99
98
86895
99
99
416749
131477
99
132268
99
99
99
74661
99
99
99
421541
71142
99
99
160829
99
394760
294837
98
99
19778
146538
99
99
5559
151762
99
99
204429
38429
99
99
77112
90650
99
99
99
88
161933
99
11312
102432
32737
517321
99
33006
57
99
23328
123958
99
99
99
328554
99
99
99
99
32856
562446
99
99
99
77237
99
69070
477118
214942
99
55800
45378
173736
99
283208
99
3533
473
200250
140292
294549
57727
99
57855
76971
99
99
27796
99
238484
99
4304
172942
168593
28806
98
98
521859
36371
251858
3350
187910
53486
66414
99
99
99
77
53668
226152
99
118407
42004
99
99
323077
99
114816
99
83688
125043
178934
99
95044
2800
76138
99548
130155
99
99
275155
99
99
99
391970
99
99
99
99
57823
150351
99
99
6138
43825
551342
99
99
99
170542
399564
277089
99
99
99
1562
20903
80748
17622
99
29053
99
508126
99
99
35813
455312
99
99
99
99
342261
246131
63336
266366
99
9216
359846
99
378782
183701
99
19368
99
99
110895
99
99
126815
99
70888
99
37328
31061
88616
99
99
99
103677
95635
223578
33599
258400
99
98
336167
228504
164993
99
96
419362
99
99
99
99
5082
146102
99
48735
99
99
99
166930
99
155241
99
551816
182750
84703
99
99
99
99
99
99
99
90746
99
99
24863
23232
99
197594
34444
420273
231854
98
99
386074
99
99
235904
99
99
99
157877
99
99
99
99
97
28069
99
85701
99
99
121614
31715
81095
422173
99
99
99
29938
153962
99
99
22463
79022
482045
224720
99
99
258983
99
99
3778
99
229364
99
47642
99
99
496890
99
839
190179
99
99
99
362535
99
99
91707
99
99
99
99
179096
401043
44137
99
99
97
99
70495
99
42737
99
99
233708
288310
99
324108
99
86647
196370
99
99
99
466347
99
4591
20106
99
363
99
99
99
99
99
114881
41799
99
23767
99
66560
99
97
220322
99
356614
322935
99
99
99
99
99
12269
99
17156
105912
99
99
278060
39014
99
177270
100477
13233
13022
99
99
99
99
106712
80148
88128
99
330382
99
99
38682
99
99
99
497958
231167
99
99
99
97353
99
193826
99
196572
203252
22816
99
210455
254259
113958
35925
202370
99
121707
48518
99
182528
99
17380
160641
99
132614
148571
8827
277179
224706
183118
453529
52961
99
99
99
50658
99
85536
126038
99
450747
205596
483036
99
101252
99
99
99
49638
22203
259943
224953
99
99
97
99
299894
99
99
99
99
99
99
14904
207047
126381
99
39020
430626
178639
99
25211
188634
48526
99
99
95930
176336
99
24240
157719
99
99
99
99
99
79742
105606
99
99
84441
99
99
393699
91916
19140
99
190194
2625
99
99
65781
99
296
145301
110402
99
99
44413
99
32279
336290
99
99
372062
99
99
99
99
156527
186079
99
99
22366
50759
99
377083
287185
53389
99
3445
99
53936
99
127935
97817
99
198718
99
246582
2211
241417
336934
99
256013
99
325695
307250
111445
99
99
97
288261
96
194810
6195
28963
118086
99
190659
99
99
99
276537
171669
245842
11094
135976
99
46290
217452
19026
55587
31329
99
99
99
99
99
227554
325955
356358
4287
99
99
99
99
11728
367070
99
409354
99
99
284453
371679
76200
99
99
88932
53685
38973
96627
99
13438
99
393986
245980
99
98
35447
113056
11409
18290
99
205593
99
87811
99
99
99
88849
99
51430
43641
427225
220988
99
197943
99
188437
99
128082
99
95797
99
99
99
99
99
380809
99
55437
74154
99
99
32732
99
99
3582
204465
99
99
99
174618
99
8316
339
99
144930
23890
11913
30936
99
97
22051
73637
291844
327723
99
99
62490
99
340296
99
99
432555
158178
99
206538
99
99
43623
99
99
8443
99
99
99
99
244308
99
104897
99
6148
64654
455243
6991
70722
99
51971
131279
99
99
147431
99
99
99
374021
99
512
76415
217643
99
376138
99
13089
99
208977
44398
20866
99
247740
99
5468
39836
99
9479
99
99
99
99
215246
35021
99
41822
240796
99
99
10477
99
96664
575070
99
99
99
99
99
99
96
99
99
144302
99
99
99
99
99
1899
99
99
304747
6835
98
28370
99
127489
30427
378244
273041
104120
99
313023
99
187781
39073
556
219202
99
127881
24884
557091
99
56702
127877
99
157572
151186
68193
99
99
58409
164337
81382
99
314466
99
131654
186796
4208
266694
7328
97
401420
274139
448358
241808
265063
143423
99
165933
14769
99
81302
441674
99
26061
3129
99
162790
36624
99
233797
202699
99
99
14191
271549
99
99
96
97
99
98
185461
98
99
43430
47535
46871
99
99
99
25412
495813
99
99
99
99
24881
99
186187
99
99
99
99
102540
502784
269786
99
162842
99
126299
97055
328845
99
8913
33199
57141
205392
28807
99
2
358267
99
287272
177341
474971
99
354866
99
99
111675
99
143117
74876
38363
99
99
46816
121634
396737
330489
164663
99
99
158994
99
99
99
99
99
266235
99
342552
99
99
168305
99
300808
236942
99
99
3276
99
99
97
91428
99
99
99
3763
214840
99
99
10518
301125
7893
7215
99
34602
99
99
51511
99
99
99
99
99
528453
182878
99
187552
180806
99
28652
99
99
58902
359034
255
99
99
230003
99
110213
99
96
99
99
11216
99
98
108939
497116
99
128723
99
99
99
99
220287
401088
99
99
99
56763
99
99
99
99
29458
99
557076
71203
81932
99
99
234002
466420
60062
98
862
66930
99
2396
99
99
113541
99
33897
28465
221560
99
35288
11833
99
522652
99
99
323742
99
64338
99
2393
99
299028
245657
209702
6474
277738
582830
99
99
15946
99
25226
99
107694
71126
595881
96
419322
209832
99
312142
99
203404
72515
99
99
169343
99
3244
99
110663
99
187223
117135
99
191152
336554
78709
99
99
99
38797
30410
200559
99
17908
114127
99
188848
99
304260
99
220722
143180
99
146359
99
793
99
99
298413
248960
99
285583
14608
99
99
99
157755
495126
27346
99
212396
26078
63326
99
99
99
99
445349
99
21979
157816
44259
99
260339
99
99
99
99
99
17928
99
25760
24752
15555
99
22460
99
99
99
386815
99
238140
99
65177
48622
63874
78768
99
99
204885
73552
13384
57727
99
99
34376
99
129274
99
101732
441304
98
99
152023
209552
130240
99
98
99
99
377149
99
99
124712
105692
99
99
173324
334611
22267
363224
99
99
99
3496
99
99
25909
293512
99
525727
99
99
99
99
89788
99
21478
99
476932
99
99
99
99
99
99
99
99
128107
99
159909
99
99
187873
513488
13574
42682
49431
99
99
142645
99
391606
99
99
118815
132604
99
99
99
354845
99
191231
329316
99
9445
2009
99
4149
99
99
99
10152
99
262364
357341
370951
193214
99
63053
99
99
122663
151513
171162
99
99
361381
56897
99
99
99
476820
99
99
209909
70642
99
99
236628
199854
23672
134866
99
171661
45119
99
453715
99
273478
99
167251
4810
217787
99
56169
99
66962
99
99
175177
99
38833
419876
99
99
69299
304791
148344
99
99
324800
140294
99
99
99
99
99
99
19223
99
99
99
99
99
99
290520
358332
99
400490
99
2114
469886
78328
99
264997
55051
128937
99
17585
99
99
177338
252467
109879
99
99
69197
100896
255231
99
108730
57229
99
133939
232357
99
99
99
99
334683
40074
75984
5943
160327
99
27785
99
247054
99
68610
99
99
3399
96
79846
99
318935
99
99
10678
99
2887
99
11232
99
98
468166
99
99
99
222189
99
99
184375
99
23423
469082
99
99
181686
99
285901
37750
99
109964
90
160547
10054
99
99
220690
99
99
40609
99
99
145508
796
74430
249899
72
35033
182
99
99
178240
99
98
99
99
31951
587229
99
77761
11004
99
280879
99
531798
90604
134682
99
347460
99
99
97
11064
99
99
70371
11408
81026
1496
99
260213
158471
99
397242
99
116911
120296
99
99
99
2347
99
99
117378
99
15306
99
263778
99
8731
164244
99
33717
99
99
396
397820
11784
243977
99
36971
15360
113128
98
99
99
239235
99
99
45997
99
99
99
99
99
99
99
99
20872
92863
99
99
99
205621
7691
99
99
99
115526
5592
99
286805
193209
99
188711
99
72078
103222
204305
99
99
216340
307863
99
945
99
99
98
47650
99
99
65511
97
99
99
424067
60576
372865
98
99
42290
5168
99
99
373934
98
139135
2687
61609
315297
233947
99
224387
97
96
99
510
99
124624
99
241133
449842
99
258185
142136
79825
57993
193007
23375
261161
93
99
48413
19328
353556
99
99
99
426
99
109414
99
99
220101
99
126777
406844
282547
99
218162
363309
99
99
99
99
99
99
99
99
276683
24553
334420
99
99
99
71609
185469
22773
99
99
86635
103128
99
114513
205048
65703
99
99
99
99
421750
99
99
19544
99
99
99
99
113592
99
99
99
207479
99
1283
99
449397
99
44395
99
28475
99
51548
99
99
180893
155835
535788
99
99
99
99
200447
99
194024
99
99
99
232266
99
99
90137
264545
99
262896
99
83445
99
98
99
99
169905
369416
99
99
357385
99
364006
126070
99
159785
116458
260910
99
566948
99
343175
237691
43590
66452
27562
14597
168007
63
99
99
99
99
99
311518
99
37456
99
106638
15437
271502
99
99
337302
305386
99
23369
206244
418063
65624
99
93784
99
87730
99
114565
96
111223
33204
99
167971
100956
99
99
99
104285
95586
99
99
99
99
99
99
282790
99
163835
99
96
250595
99
97
99
99
99
99
97
315143
99
99
475166
73580
275109
99
31714
139633
264365
99
99
54445
287255
320978
136206
21600
136376
94
99
99
99
99
99
99
188824
13711
99
99
99
99
99
99
99
219063
99
75141
645
99
77503
99
99
315422
99
244004
99
99
99
573446
99
11430
892
267177
107565
99
99
8620
99
185349
99
99
99
25819
86008
99
99
99
122375
98
99
99
99
99
99
330256
7122
99
151172
94769
99
32699
99
4127
99
99
119860
99
69546
99
99
99397
99
131969
203647
99
210533
99
64575
99
325320
200127
99
99
99
344023
99
99
99
70036
112915
95749
99
8989
99
288965
243080
99
64793
231846
99
99
57138
166764
99
147153
99
35742
99
64211
99
214224
99
94748
99
142175
99
84038
99
180
99
62476
150959
608091
99
205554
99
37432
4964
154632
176981
15393
93515
99
99
217079
99
537483
99
99
99
30968
94406
99
99
376731
104621
99
99
50114
99
99
22320
99
99
110266
123177
370819
99
424970
99
97583
99
195534
99
41258
99
267673
97013
99
162182
14964
99
80836
99
99
99
5521
353635
99
99
14565
162801
456302
235041
173213
99
66266
99
99
85412
95456
99
99
430213
99
99
317813
99
99
99
99
300358
99
4243
29388
451086
159880
228094
99
171061
99
60141
55163
221746
23269
136304
99
99
99
235782
114867
99
367444
92187
99
99
182689
108227
99
320099
169253
112753
99
22100
99
309730
168443
99
99
77263
60054
99
118883
99
99
99
99
172445
99
184994
30723
99
99
99
99
23574
240608
126322
99
99
51791
99
99
440543
99
99
1923
182342
65756
83842
282332
341639
99
149723
99
289565
20169
50570
99
99
99
99
42974
24682
99
99
99
3290
99
55900
99
99
99
99
99
99
231350
183039
6303
240776
99
99
99
99
143294
99
48476
210410
99
262486
97
54356
99
99299
50299
99
99
99
17452
40360
99
474935
99
99
24125
99
12964
99
301164
99
304515
99
99
99
248310
412667
87676
34425
10703
99
110172
99
546666
99
224282
24261
96
99
99
179209
99
153538
1229
58342
1307
99
99
99
64914
99
9450
99
27164
5168
74308
99
99
64705
97537
99
131845
99
99
99
99
28489
26261
72211
37164
999
99
26445
252702
99
99
99
99
111741
143167
99
187448
99
31792
99
99
85708
99
12748
252505
79414
209500
89020
99
97
140621
99
99
233810
215941
8556
99
99
99
94019
99
99
36392
117
1636
59307
30742
47624
5244
33019
427494
74860
336480
96201
99
99
50530
18158
384587
99
40576
99
41457
99
99
25024
99
99
99
194971
26243
99
11158
60833
99
99
16075
180606
99
99
72986
99
99
99
99
235390
99
148463
131942
99
99
99
99
99
323781
183433
99
99
99
99
25298
99
99
99
374138
99
99
99
99
99
99
92110
97
99
53012
99
53146
99
99
99
13252
136892
82958
160069
99
508670
99
11213
92
190302
67656
99
99
99
99
17511
99
137886
99
180539
175722
168217
99
94519
20468
99
84430
164396
99
99
98
351251
30395
99
40087
99
69304
99
99
79607
91852
99
99
99
98
125986
242945
2440
505810
99
99
194496
99
99
99
136362
148813
99
99
91585
110587
99
99
323901
99
1703
91112
115320
180269
99
14645
199734
99
25224
317694
71436
99
118116
175533
310349
142023
99
99
1869
258780
46432
456326
185372
1922
54463
99
94172
99
90536
99
99
99
43195
62409
178455
99
4994
126282
98
99
11061
99
26703
8307
5543
99
228789
421468
71103
136546
99
140241
99
345384
260987
99
99
59912
99
12192
99
99
99
53484
99
99
95555
42024
99
99
99
99
46596
99
99
99
99
99
143400
45383
138641
99
435286
43246
35560
99
55948
15146
264746
96827
26463
99
73458
238031
256985
99
582856
128033
265352
99
99
237414
99
98
99
99
99
194569
99
479883
99
99
99
99
99
99
57348
326296
99
287982
17311
94265
99
44365
139585
99
99
18239
99
99
99
23196
130556
99
105883
99
99
99
44540
99
67244
99
99
99
366645
97
95054
68461
22269
231605
266423
80521
99
99
174390
81899
8813
214944
99
99
38179
99
99
99
92146
99
415439
274736
36864
131760
85201
122161
288884
240265
181796
102931
362712
99
99
77428
410147
398680
200552
99
99
99
99
99
5030
99
99
99
110061
99
176525
99
99
47318
99
175582
76421
99
99
208837
99
436753
429910
77001
99
73714
99
98418
179604
344030
99
99
11719
93014
99
46295
99
99
99
127786
99
99
95849
99
13865
73339
99
31195
50538
35117
99
88239
422679
99
16519
99
99
302582
302857
99
219232
99
29132
99
99
99
226109
99
5932
99
17941
10507
109943
426567
63460
214431
360298
99
99
419927
99
108624
99
34750
8693
184488
99
3191
146341
99
99
99
99
99
99
91793
99
183329
18624
53088
99
99
99
99
191164
47703
252940
17053
99
59693
240412
231265
99
99
99
99
90114
99
99
385548
99
99
49294
99
99
21401
99
99
99
65585
120939
482282
109756
309089
139844
99
181104
163768
99
99
99
121913
99
99
99
99
214426
111405
99
99
99
19780
108901
99
337689
456544
73324
88
99
99
35866
165170
519332
99
99
4475
99
4427
99
430971
325441
60656
103461
99
99
99
314526
99
8842
326063
496666
165879
99
67630
99
99
99
220081
99
99
409883
99
99
99
315760
99
99
10206
78291
99
549556
99
152926
202138
99
99
146558
99
99
99
99
99
99
16833
99
99
218275
99
99
99
99
57406
136244
99
99
99
23331
226669
68117
99
4581
327807
99
99
99
92496
87276
99
148459
99
30127
99
93
324995
99
99
23145
99
99
29453
99
20654
99
18608
99
99
99
152867
10477
324695
218200
99
69560
99
99
412756
99
99
99
99
274065
230711
99
144752
376561
89266
99
99
17163
99
292850
30783
99
163750
98
314648
325777
11159
99
99
99
99
122476
99
46141
99
107470
99
22442
564329
99
375754
151227
15708
126367
99
99
99
153463
99
99
300961
99
99
378526
184232
371906
99
159865
99
99
187252
99
99
420488
63133
99
99
99
94
33139
99
99
99
99
99
99
99
57876
99
99
99
99
5005
99
99
199239
99
275233
99
99
41704
99
99
99
206452
80174
326093
99
13497
171275
243077
151320
93374
99
99
97
92286
99
91616
121795
99
383059
88
99
99
99
141892
8459
242047
57066
2548
99
1045
99
99
137152
329373
166114
99
99
99
99
99
119604
99
99
225292
33914
99
97
99
159329
97
14905
99
99
99
52842
99
24715
55483
256380
99
240040
99
99
95
422704
278464
99
50921
234884
99
99
167532
99
512016
99
99
70906
99
99
60989
371746
99
470436
149674
99
189467
99
99
99
99
99
99
99
99
184304
99
99
428196
99
99
195654
267577
99
97
68191
99
99
50995
99
39705
175855
99
53584
99
73584
35644
90823
99
118195
218649
99
99
99
99
97441
99
429480
376634
99
99
99
99
301074
214883
8643
99
50825
29755
80203
99
68336
184796
25523
229367
99
99
99
99
105264
99
91955
99
99
435710
99
99
99
15122
90337
99
3254
8939
199337
12391
737
280105
99
2183
99
99
11317
518257
99
99
58024
88283
212494
84184
99
99
99
99
23177
99
316898
99
127669
2243
48658
144278
99
99
79349
99
169665
99
1240
99
99
184866
239265
171361
69556
99
99
99
84244
96
99
91085
99
99
99
211866
7265
99
99
99
99
99
99
102707
99
3806
99
204105
99
56062
12302
109467
5742
99
99
99
146197
99
369109
11033
99
99
99
52223
99
99
238238
99
138876
99
99
44998
99
32631
99
99
151985
131953
99
51579
99
356805
505524
248214
275830
132139
30616
99
137560
167506
344137
99
99
60492
17891
36875
99
99
99
1168
99
271001
136113
217417
99
105127
114146
479805
99
291578
14161
99
22845
251269
99
1993
175501
99
284514
99
1351
99
312766
116973
99
99
99
12588
107299
177810
3359
99
99
99
99
99
73516
140042
99
99
99
99
131453
15455
99
99
99
99
110959
99
5414
99
14297
318614
99
639
97913
396967
234634
211189
99
396720
20545
141978
99
306142
108099
360
57951
97
97
99
99
79174
10983
16584
240974
99
99
99
99
99
2621
99
533060
99
34193
99
14862
490207
408316
162277
99
99
99
99
99
99
99
35135
97
99
71831
356079
99
97
9551
105171
86035
99
99
100163
2813
99
493367
97
148412
99
99
265189
345099
99
295887
273647
99
99
99
99
99
99
80241
49844
99
80240
60016
99
99
99
99
160305
99
99
93782
99
188788
386510
164874
99
300999
170524
99
18430
106758
359166
97
99
50077
99
163615
119423
314674
14552
99
99
114713
293391
99
99
99
114325
155758
99
99
99
47275
99
178538
272704
350677
364606
99
96
99
99
34204
99
99
99
121220
99
241720
117137
381341
85264
99
99
99
249071
99
99
74395
99
99
315132
99
99
131898
241793
99
99
173832
99
99
99
99
99
215499
497706
99
217134
506607
57770
68452
99
99
99
246330
127956
99
35593
99
99
2579
99
99
247519
99
99
965
549746
1688
99
99
40822
99
99
83521
308382
99
33069
29526
47726
98
98
57460
99
99
99
99
195762
99
338632
95
99
99
9054
99
99
99
99
294127
99
99
6536
99
97
99
168052
176882
99
99
99
328681
99
99
93
61610
110840
91855
99
165366
1721
122434
184975
97
99
22873
20810
99
162126
347703
99
69660
223965
99
99
33857
300799
14982
15462
99
99
54185
99
38419
99
24908
136217
22789
99
99
99
36131
99
99
99
61388
99
354725
99
46077
99
108117
314928
96775
21604
408615
99
70251
99
97
99
99
99
521369
211523
99
438573
99
271506
60108
99
99
127332
62800
68373
422709
39285
98
182111
206003
99
158771
107215
99
99
99
188843
99
99
99
99
99
29512
72967
326180
2837
41666
104340
99
99
99
321573
84733
13529
306028
298018
99
257005
15463
124906
99
99
99
160431
120621
91
155993
99
63972
99
163413
99
66571
2953
31569
99
358012
99
99
99
13222
32811
99
99
373769
99
99
99
99
92733
99
322404
96
11915
92753
10802
198456
99
98219
96
99
45972
99
324017
99
18111
152632
99
179220
59486
298881
86439
13370
491283
99
74397
20124
99
99
99
189300
99
13196
99
99
99
99
121214
99
99
217629
99
228610
204893
83044
36532
99
86457
99
98
12453
99
54592
94650
99
5656
99
138516
22244
173880
99
97
99
178217
18083
99
530358
99
312584
99
99
154149
3299
167727
18678
378355
99
99
99
99
330714
105432
64369
99
135202
99
83858
325558
99
99
68800
368460
99
114128
99
301955
15298
99
322595
99
38537
99
479932
99
301918
106771
99
105758
142863
391637
128105
99
1742
99
462273
4857
414414
12819
170384
99
179229
201133
153283
71518
165850
379
99
24630
181159
99
99
23526
99
21477
157016
99
95606
49630
99
99
11304
99
99
99
99
99
138204
99
5372
10966
99
99
99
2373
99
99
99
99
97
99
118949
94112
99
57973
99
99
99
99
99
99
215016
88702
99
49967
166745
366003
99
99
99
130026
241132
20639
119390
301435
66362
88132
19301
93224
182770
5624
20136
99
99
23190
99
14804
99
35921
169060
99
103472
99
314083
53194
99
31168
99
42544
93715
209807
492995
98
105793
99
185838
118720
99
271045
99
477765
186651
99
99
16725
99
435754
237124
75756
99
121849
9107
99
65620
104781
497158
199337
99
99
147735
11374
355253
99
144424
50368
24355
99
99
605760
99
99
99
239529
71748
99
544363
103308
99
99
97
296902
273483
23221
99
259658
99
551267
99
81153
96
31995
275
127607
168959
99
62179
99
134033
99
35336
9673
99
211882
99
99
30603
1673
99
15527
99
99
99
114013
43693
99
99
97
258947
214045
97793
99
99
505472
99
99
53397
99
99
260876
5541
23934
99
99
99
99
99
12939
99
446568
99
99
99
512263
179965
145036
221452
99
99
99
307982
150913
99
286508
261683
21091
103400
246910
219542
99
347188
99
99
278846
99472
99
507018
341498
126607
99
7739
99
288511
425443
520633
151208
99
35811
274477
99
310456
499649
117551
99
99
15202
99
99
99
99
99
99
116815
99
99
99
77406
99
176370
31648
99
20041
257399
397971
127198
300580
99
14600
98
1837
99
99
55467
53022
24040
99
99
559
102013
97
99
99
99
99
99
99
99
38310
99
99
186465
99
94374
99
99
16822
99
353171
99
99
99
32814
36653
99
99
99
422113
99
98
330
96169
74448
99
99
99
3248
516323
409915
99
288307
99
99
2968
99
99
99
99
69
537225
125179
105584
99
98
99
6961
11690
415649
99
99
99
27682
99
95
99
99
107083
134949
342953
264912
379966
8447
64165
99
5717
230813
114579
99
99
99
99
108763
99
99
99
99
99
99
99
352310
163934
92
3045
431107
99
146045
375118
99
386664
4649
99
99
93356
122873
48790
682
99
21545
46145
99
99
573064
14574
195231
483070
99
99
518453
137095
1325
46848
99
455045
99
99
23827
99
99
23070
10475
99
3573
99
99
237043
99
201134
96
210156
99
99
96860
97
99
99
152426
99
99
99
99
99
99
280465
99
235339
99
99
165835
99
99
128704
246980
426244
258808
182341
99
26151
164509
99
99
105907
101499
328128
99
229520
99
99
99
424399
99
99
99
228033
99
99
125036
9848
111556
99
291859
99
285124
17966
99
99
99
43649
378373
97
99
99
428089
99
384260
24069
99
83502
99
16284
99
99
11618
96835
63506
99753
19832
41617
99
7623
99
99
99
57862
99
99
239891
93569
99
88324
39307
98
84199
192967
133223
99
207365
99
99
238144
99
111580
272968
99
53889
101259
45801
99
28761
341181
10711
99
3725
99
36914
99
275935
99
99
77366
67189
99
99
110880
220339
20966
99
189283
99
99
99
351080
17481
78649
484341
168481
99
135358
361161
111943
153169
12676
99
78975
99
99
357588
127938
87
51
177888
2060
97057
10984
99
99
99
99
364207
181458
133886
196329
127332
99
99
234868
277090
99
99
630
125727
558158
514194
43401
99
99
80840
99
99
67056
356067
115113
99
99
248627
71412
98449
53210
99
48464
99
347676
99
99
115268
192690
99
201525
243913
99
13364
99
99
287286
99
99
99
99
99
98
220025
504704
99
99
296947
99
99
99
99
99
99
2390
99
29014
97
204658
331433
99
20534
25644
1507
99
99
123020
99
28561
99
353135
98
9235
99
99
187407
94807
96096
24092
99
99
383856
297064
184488
336097
99
2839
99
181071
99
167808
99
102931
215121
294661
320254
76925
99
404300
25999
99
99
475315
99
99
99
27522
223455
99
101098
137114
220902
99
144258
118957
185850
27763
99
99
99
99
99
99
99
71501
54631
99
99
99
17158
99
99
141188
97
377474
345020
215663
99
14505
477353
572914
405163
58981
178025
99
6082
99
98
79021
99
99
99
99
99
3973
24356
57914
313507
99
140011
75969
88341
12428
538207
99
99
31818
315398
99
99
76146
48066
69937
61900
503122
99
70415
96042
99
99
99
100195
46539
99
144446
99
99
558558
11339
151596
99
2009
99
324603
99
99
91232
500517
173556
99624
99
34082
92273
109293
99
99
99
99
43321
99
78365
99
416862
304554
99
99
99
99
99
99
98
99
339459
99
99
496319
103170
179318
69110
58988
70
243387
99
85576
99
78544
60733
26663
99
99
75706
99
99
99
541805
99
99
41144
423368
99
99
99
6615
69924
99
98
95703
32621
13756
14313
17012
99
99
99
99
442951
225825
53253
99
228220
140160
99
98
99
99
99
99
99
98
386457
99
99
32259
99
446527
203154
208640
99
99
99
99
99
274626
99
410561
99
6234
1919
26897
117508
95716
190462
173562
99
556601
6319
99
99
184519
99
176220
99
116269
99
99
99
99
33246
99
99
99
219328
154176
99
99
69423
99
99
93
302122
3180
60342
14334
98
5860
99
99
99
99
370806
99
82069
99
99
8413
99
99
232714
99
99
99
99
99
99
224648
99
9049
21959
75953
99
30274
99
99
480214
99
143097
325078
99
111187
26130
21065
115262
458519
278471
99
69441
99
99
1172
99
113837
185872
93146
154881
8345
99
280519
99
79801
40393
394750
207806
99
99
429661
99
103485
99
99
11110
511024
99
195874
268500
99
98
53241
99
99
99
99
46067
79511
155407
190923
99
93
99
28994
19029
99
99
99
99
346330
245118
99
99
99
99
99
601279
218895
383592
433359
99
99
297452
99
99
99
272570
39260
89026
2307
99
99
99
44539
99
99
99
99
99
99
99
437769
99
251810
99
99
508194
99
25617
510536
99
99
332857
99
176631
99
112311
104108
157624
4373
169118
99
258656
185477
188478
282686
161888
50963
99
99
99
99
99
434043
13906
11814
1409
54345
352673
499450
99
356423
99
99
99
99
99
99
99
99
99
99
75491
33361
68905
207677
99
35626
250784
99
99
49938
99
99
99
99
98
208141
99
44955
99
99
99
260686
428094
379035
398407
99
99
99
307629
99
4439
99
99
99
208205
99
99
62498
99
4932
130095
95
99
99
548322
84456
99
61696
197680
99
133316
285543
99
13362
99
99
70147
99
99
12794
146104
200588
99
22759
99
99
99
203616
99
41954
96
13354
200400
250163
99
53444
99
100511
99
415988
125574
99
342532
88
99
99
99
292831
165310
77548
22908
99
180933
41163
37864
36401
99
54960
