103193
99
201154
99
99
34953
99
99
3198
99
17338
99
99
365063
76954
4740
99
12406
256426
99
264039
99
324653
99
99
47025
99
99
31741
99
99
35586
99
99
534049
496939
106356
106921
209478
99
98
229036
69346
99
99
338989
155734
283895
101304
99
111264
19885
99
99
12072
46836
99
316
99
99
15017
99
99
106691
99
21390
760
99
95
432461
99
6499
99
207842
99
98
99
80438
363409
94723
241374
263012
99
12937
99
99
99
99
298230
368844
532717
99
99
99
99
25701
121869
99
113231
94755
99
46156
4372
99
3326
99
99
99
99
6544
110128
30543
99
99
4183
99
99
12139
99
281865
282091
570555
99
99
90
99
99
400550
11212
99
99
99
99
99
99
515246
99
154799
83432
99
196897
80162
99
131598
100849
182415
329807
99
99
19951
32707
147968
99
99
16382
99
99
301169
99
99
282459
99
99
67411
216329
99
99
40394
99
99
99
99
99
306287
56813
117879
207017
232955
178649
99
120782
99
115925
57358
99
99
99
218894
99
7754
23952
256722
99
99
99
244272
38298
99
84340
81570
99
318121
209253
311500
99
99
43724
99
99
99
99
423249
99
99
273447
99
99
99
99
169455
99
412920
99
99
171356
21561
99
9604
99
35128
99
99
99
99
99
99
172472
99
234720
99
152986
42184
103038
39697
14426
44054
4249
318387
99
506920
9597
99
208573
281681
173938
99
99
2980
208774
141760
99
70075
281652
99
1381
90
99
99
77098
63559
251305
17959
72016
236094
99
99
99
367541
99
408045
99
99
99
99
4436
96
99
99
99
99
99
99
13171
99
99
5162
85042
99
423529
99
99
94396
96539
97
83191
245664
71796
99
99
99
99
99
239980
22338
257486
99
99
466194
99
99
92538
114418
85536
99
99
99
99
314061
151286
5671
99
73330
95
5207
250111
260277
99
20447
99
92619
278593
99
99
350149
7057
30715
99
268744
99
99
99
99
331620
17844
99
99
99
207913
167647
99
23581
99
85245
324900
99
99
99
99
11874
188754
99
99
332178
99
98
18531
99
226464
99
99
98
99
99
99
193244
60239
319238
99
99
99
99
125937
14532
13776
99
99
131057
3634
99
99
210748
99
99
54400
99
43149
99
99
247051
45721
65938
99
99
427357
199919
99
98
5006
99
99
114295
54416
99
99
99
99
418708
141955
99
98
99
18957
99
99
98
99
99
229901
99
99
383372
209697
99
99
99
3967
210253
99
99
99
254423
65880
99
99
99
99
37106
9905
99
99
99
32560
99
428905
133141
104356
419775
253268
99
99
99
99
363345
21468
99
99
99
99
99
339486
55441
99
99
194078
99
99
99
13060
99
161509
99
99
99
99
99
243210
324067
99359
99
99
214943
222317
99
406651
404096
20487
196284
1790
26514
99
99
99
80505
240247
12590
322056
93
99
99
152102
58730
99
99
57643
158882
60744
99
193516
16714
99
99
99
16391
201646
99
99
219806
113791
99
277709
10928
99
46376
199502
15296
99
308508
44627
203134
78965
439482
219042
188005
285
122838
99
496708
150121
99
61029
99
159701
267
99
192423
99
99
99
99
65693
117370
46037
38113
89438
99
99
99
8736
311342
99
99
107512
70963
44463
99
25026
78768
98
150859
99
99
23522
73070
26872
371690
23400
99
99
42333
25155
580057
74763
58993
99
38171
5067
99
135406
99
4898
60729
99
99
304699
354067
5947
156342
102054
99
115811
99
26341
99
99
97
99
99
99
443236
99
99
99
465780
200491
123789
98
99
99
78597
250459
433941
17225
180696
99
85910
68548
344579
90
23433
55061
248235
99
99
99
268965
99
398655
99
99
99
32004
99
616164
99
37638
500287
122158
99
297030
261861
99
242743
99
99
1170
172369
99
531747
24724
99
24072
99
127237
9696
282037
3153
130018
141593
31883
96
99
99
99
99
339777
99
128531
99
184372
99
118612
99
99
318194
99
119964
99
99
99
6690
319090
99
99
100943
19743
129078
88032
99
99
578796
99
99
99
67749
83105
7018
99
319576
36633
99
13255
188297
99
156010
99
99
282344
99
195743
99
99
99
188572
37653
291347
130162
77581
161848
99
99
127162
99
104303
99
99
78987
99
99
147697
144929
490373
80262
99
99
99
99
96
58320
96
268530
99
160934
137384
99
372272
24837
69519
99
11554
99
17695
99
6984
99
99
99
40682
5183
99
99
15379
31665
99
21450
99
277933
99
34050
150085
271073
99
99
99
41444
154787
99
320575
99
27688
99
82992
136471
99
99
31288
99
4059
99
99
92274
337057
222572
181913
99
99
99
99687
99
99
538537
99
92214
94165
99
99
51352
489062
173934
99
105045
95851
99
99
61003
284748
99
99
99
202153
478142
99
99
99
99
174015
99
214148
99
99
99
234163
445506
99
10025
25073
199141
30267
99
157878
99
99
58178
40995
235884
21107
99
61983
171629
99
99
279597
99
211754
99
99
328167
110234
99
20499
99
99
162715
99
99
99
257003
89499
430522
167825
99
5641
99
99
99
99
383087
99
99
30030
51726
343149
193697
99
55507
341661
99
99
99
99
99
148701
69245
99
99
48997
36701
99
99
137252
209755
41425
38943
99
30160
99
178156
99
99
67731
130442
99
29448
99
8545
99
99
99
99
99
351181
99
49822
149889
99
159252
99
7525
62143
83995
78821
194267
99
99
17257
99
99
99
99
99
122237
99
99
463085
169401
336284
199002
99
96310
99
99
99
99
99
99
81
71944
10598
99
99
191835
116657
197962
355667
99
99
309109
99
99
99
99
99
99
99
99
354982
348116
99
45404
92
99
193527
99
99
99
99
99
52580
99
99
10562
99
8092
99
99
99
107655
245475
112081
52269
99
99
161863
285742
99
99
99
99
553281
99
9834
218258
99
82923
528008
165888
84046
57726
88832
99
2150
220101
97
199694
346304
99
106350
99
99
99
132930
99
374100
3472
111538
99
99
196386
4716
170162
99
208513
174345
98
99
99
162946
123256
99
2470
99
345718
99
26812
104625
515969
312226
46831
99
85017
99
99
93569
99
99
99
99
307784
513954
99
99
99
80372
99
247372
61108
99
99
224082
98
99
99
171223
99
99
586700
99
99
99
462967
19071
99
88
99
251895
3098
114092
99
99
182465
71466
99
99
99
99
89833
36035
28144
393506
99
99
97199
204579
99
88551
105567
9108
99
99
9254
99
99
99
99
47916
99
99
96
3270
15373
99
99
99
27103
99
99
252385
85142
99
99
391468
245812
203492
99
99
99
83730
236853
99
99
91
126542
99
99
99
99
99
99
99
99
6105
79509
99
223741
99
288203
5210
99
99
259608
99
16022
99
99
88395
99
29750
99
99
78880
50739
264460
30455
99
350872
99
68091
99
99
99
99
24981
39209
24239
99
334884
99
19899
200421
12496
99
99
99
99
102217
399315
99
99
99
99
99
175671
99
112279
12862
1539
99
99
44701
99
99
299546
99
99
99
23604
177631
99
382989
124715
26636
99
99
99
422902
92588
99
63544
99
99
99
19383
99
2473
191854
99
328362
158907
147093
99
99
39004
99
170995
283472
99
99
99
99
99
99
99
99
22267
5492
317208
316826
99
99
342529
278858
99
99
54716
99
99
428075
99
99
393321
99
99
99
6057
99
99
99
99
587766
99
346199
99
124954
62113
99
99
99
240943
99
125510
99
99
621695
178909
280410
142148
99
99
40901
99
99
133889
99
99
114314
99
25477
47705
138190
28236
99
24978
99
72981
12549
56864
4875
84402
487756
85872
99
190833
161043
42221
99
99
99
142860
47757
99
99
99
180370
207147
99
99
99
317782
98
12914
99
99
63952
99
99
201589
99
99
128615
17584
47994
175859
436680
99
213174
382142
99
28624
97
129736
99
99
66832
99
99
99
121845
99
99
98
99
99
6150
115769
99
390577
82972
98
11839
10993
99
300814
99
269571
235789
99
353331
203280
43178
31082
99
14014
23469
180851
99
195861
99
99
26965
99
56464
11932
99
101364
99
258002
79375
99
99
99
99
55446
99
99
10755
7229
16017
98
99
99
99
99
34429
333299
99
99
215066
93642
89302
99
454442
335245
289060
99
99
392688
380170
99
423380
99
99
99
410044
407164
130927
99
99
99
99
81531
99
362315
7024
184919
99
99
99
363363
99
102243
99
51421
99
431712
99
99
99
48207
190651
99
20885
26697
99
29700
99
32083
57237
99
46552
99
60972
99
99
397730
67704
104849
17253
100108
31300
408497
99
105009
97
30304
99
341756
210934
374785
99
99
99
99
99
61611
28526
99
99
202660
363007
99
170117
23558
99
164092
366178
99
99
99
181795
99
99
112671
99
197160
99
248924
99
99
99
99
50049
485535
54839
99
99
99
476867
99
99
8150
94083
99
674
164817
99
99
99
174759
227604
396890
192543
99
99
99
99
99
99
100651
99
96
99
36365
99
5221
278300
99
224965
99
28601
74456
462458
99
101068
99
99
99
117445
36535
249676
43077
456
99
109600
99
298090
85580
133756
99
509820
31179
99
264802
293058
11825
98
99
99
36346
99
97
99
4269
28384
315352
251833
99
99
14487
48039
10732
139642
99
99
111643
99
99
144565
116094
99
98
99
99
99
99
162650
99
99
105546
5890
394225
110087
99
89816
99
99
20457
99
2080
99
170731
192132
361179
89990
99
41403
65357
298672
129161
6816
98
99
99
99
201022
99
209867
198453
158511
99
99
99
99
99
99
99
447393
99
99
99
17002
62209
315418
75
99
238992
75054
99
144098
99
98
99
99
99
56425
282999
124359
99
99
99
99
99
275510
5467
65146
250025
99
3013
387715
68968
74363
96
120609
530100
342005
99
84
99
267143
215251
248331
99
99
99
324988
99
99
99
158608
99
176194
99
99
99
99
294873
333379
347518
99
17462
54619
99
99
99
351832
46480
276928
99
39708
75677
98
99
230366
31147
28538
122954
266340
99
251858
99
55285
99
99
99
46477
316735
99
99
99
233579
147226
47902
5835
40348
259865
88957
99
14156
99
34723
99
97
155402
99
99
447849
228454
79581
36255
408202
5632
99
99
101031
43508
272117
335984
99
99
237462
472468
99
99
389558
99
46237
99
99
99
165497
99
99
99
99
99
99
695
5809
138343
99
78804
36760
23063
489768
434366
99
99
99
68262
29057
504759
235743
178605
99
51121
84536
115970
134759
99
441545
172512
19026
88935
41552
99
99
166146
23567
300613
99
60942
72759
363431
111429
99
99
87459
317268
99
48677
99
99
99
99
99
99
61931
247268
99
99
99
99
99120
16813
99
266210
99
99
99
24095
4271
92820
99
137398
99
17768
99
99
18528
169790
192548
99
99
102548
76777
117128
101000
99
2646
98
99
126718
99
19652
118380
427373
99
99
99
99
99
99
57338
99
99
177484
310177
99
99
16298
292694
99
167754
99
138570
151465
99
99
180009
98
99
99
258
320047
99
315396
75289
99
33915
99
99
21945
84396
126687
99
99
99
99
299483
96665
99
99
217507
98
122000
221471
99
99
99
44584
99
37430
99
99
187918
83
191786
76008
99
99
11577
166391
96
95836
99
99
179360
579902
99
252396
214361
385784
137017
99
210761
237663
110402
60201
99
136841
99
454693
16618
162108
99
257373
98
99
286313
99
99
267675
39071
24010
99
99
99
109794
99
99
98
99
231558
99
57098
99
289229
69685
99
5831
123874
99
99
99
557
16567
91316
99
405535
99
99
99
99
99
19809
99
99
78758
99
99
99
468101
491533
161135
99
403854
73546
302
99
308001
99
99
21794
99
246061
38455
531875
99
99
99
32331
99
99
1921
140411
99
99
99
25764
29132
66174
124161
12656
29822
16555
170505
171882
24066
111861
98
356886
99
99
13069
290536
99
99
53179
128342
99
99
99
188388
93866
99
22433
99
99
43777
353556
99
99
99
101114
161742
349281
99
427234
99
99
395337
274009
99
179646
206671
99
99
102775
84986
99
23579
185404
99
99
160178
99
99
43623
99
306676
74066
452810
99
99
99
99
99
99
99
99
99
99
99
41331
99
99
99
99
26417
218674
2473
449796
99
6043
99
77757
50539
90
39874
79494
99
30474
400204
288528
189436
7801
99
39149
99
49480
99
99
99
15432
99
364961
99
99
99
99
81038
22082
99
14036
100833
99
99
99
366351
23087
312120
60507
99
99
383695
162955
99
99
282358
56745
96
99
19615
99
99
353017
99
349024
99
99
99
99
99
24145
99
99
324138
196424
125066
99
99
299083
321026
99
99
43408
99
194380
94926
99
99
99
99
17720
164581
403961
99
99
119092
71702
99
99
99
99
363643
44229
99
99
99
99
23016
99
99
71023
99
99
54895
207794
99
243831
73856
99
205907
99
99
99
99
93942
238339
99
22734
61899
4017
99
63209
10452
112253
99
138921
99
99
62218
60312
99
106491
98
19261
99
99
99
99
99
99
65195
58387
278235
168460
99
99
99
99
253206
426
71907
88
303595
117837
99
48885
220062
400122
80152
99
99
232517
99
99
30070
99
150411
99
99
99
265561
99
140976
99
99
99
99
99
413900
99
152399
58754
99
99
40532
41377
214376
99
99
99
99
134328
99
99
99
113625
42858
108347
99
59602
127114
12606
99
7880
99
99
74317
7693
57227
99
58581
99
98
99
270103
387825
160390
118711
6842
99
99
122943
333041
99
99
99
271302
53496
99
99
99
96762
390845
99
99
99
314364
114378
9536
99
99
416172
99
98
99
99
258837
305070
96
99
97
466339
99
89941
99
2817
37463
207069
103820
99
66736
204785
99
99
218365
433641
2272
99
99
48044
365199
99
99
126787
16381
101589
127627
99
99
99
96451
99
99
99
212765
99
121891
146632
389575
371353
99
99
271166
99
99
99
99
99
2737
116007
99
99
270313
334461
525218
150690
99
99
18675
99
99
518592
52471
99
71230
99
267271
93314
269691
158603
53300
99
383122
99
99
205168
99
129478
98
99
99
75165
206757
99
185818
99
286669
97099
99
411473
99
99
99
99
99
99
91318
99
29529
143472
99
105753
3112
169090
99
239279
493175
99
84865
245569
24773
401087
99
99
99
19222
301453
99
303115
87962
99
99
99
39298
317061
138599
99
316
99
99
99
99
412535
99
99
99
221221
13558
133748
99
25842
28031
99
99
125225
99
99
53508
47677
99
13112
99
224488
99
99
160849
78259
99
99637
30263
99
48403
105124
99
9728
238481
24706
99
117339
308566
99
99
99
99
99
99
260462
99
99
4116
96
99
99
140405
96790
56684
99
99
320557
9021
258196
79293
81509
99
555
99
177417
99
99
99
99
99
99
202254
99
155419
186299
180509
20809
99
99
7462
99
99
99
329215
355723
99
99
99
99
62610
13383
99
475279
98556
7401
99
99
99990
99
39842
99
324645
165097
99
99
136468
344166
108274
134048
36504
99
514084
163285
99
99
99
195413
99
340353
59305
449985
332401
440431
99
24126
482
99
99
120056
17067
99
99
99
66005
99
99
93621
225640
154877
99
160967
92664
543864
60762
99
11554
99
379177
300661
99
99
348226
976
99
98
21937
540085
99
75649
99
103721
376545
98
48695
93178
99
99
385229
99
98
99
219857
114375
99
108317
2580
71753
99
99
99
99
14198
99
176090
139041
99
124926
10998
99
55742
32444
99
99
282839
366499
93323
99
99
74828
99
169572
99
327115
98
334000
265250
2376
148956
63448
15664
75045
608971
18088
218346
100781
99
99
103843
225080
363526
99
62129
87960
99
99
250198
99
99
98112
48612
342453
22126
60871
452065
138286
408969
222223
186990
131834
149541
99
512342
99
99
99
99
38953
99
66494
100120
93491
99
4794
93883
99
83880
187493
99
99
99
25982
99
99
99
182345
309081
84877
109846
122569
350702
93357
99
42591
99
99
21561
479084
99
157126
99
101264
114077
268270
71870
99
99
99
99
99
474
84886
14916
99
99
160378
69018
99
226572
99
99
80585
314845
99
284754
8183
99
332770
165756
119424
99
1041
342957
28344
44812
99
35809
99
99
272323
347509
99
99
566922
232423
99
99
99
304426
99
99
99
29508
99
239316
80828
99
217282
99
99
99
99
99
79776
99
57204
99
99
33945
99
99
99
213056
106742
26876
99
28095
99
460366
395628
99
99
99
99
98
99
340304
99
99
99
14366
47318
99
99
82525
18549
99
99
90962
540744
99
203597
123823
52026
371532
99
123774
99
2403
99
99
99
99
224598
99
99
286592
15691
288278
99
99
254015
157123
99
111079
99
88061
76533
99
71108
99
99
99
99
99
99
99
99
3811
98
33028
99
99
99
36620
37455
429658
206393
99
186281
99
99
99
362991
289893
99
99
99
260536
418207
99
99
332093
26415
99
36288
149567
218640
301843
99
99
167385
99
99
251967
99
99
99
407420
240281
99
99
98
105123
19874
46314
196023
74481
99
490455
22173
99
99
99
86384
268770
305937
260453
260826
10230
108669
99
331302
176416
99
138016
99
136226
83379
99
99
431957
189208
66130
99
99
99
99
21580
99
99
205130
99
99
39690
42411
100837
19554
50047
99
98
166
99
114503
40506
243567
99
301329
99
99
99
99
99
99
99
83420
99
99
99
41082
256824
346751
99
93
1924
99
28320
213226
99
99
233090
99
99
19660
144395
99
99
25584
21599
99
72523
154124
99
461597
99
99
351186
99
31097
99
99
99
99
164847
38093
22401
135526
49130
99
173345
268492
199181
99
206824
144377
29691
63498
99
99
99
99
54418
99
99
99
99
195421
213939
108803
99
99
99
99
281030
99
99
93
83888
99
59202
99
250
253453
243568
230913
103533
89315
99
99
99
99
312784
99
99
486965
50233
99
43032
99
202604
96
99
172347
15270
114955
99
99
99
211504
112432
99
99
1392
99
96
99
99
35096
92157
6170
99
7105
99
331655
99
93449
43285
99
142899
15490
99
11294
99
283265
99
14914
99
212454
15926
26595
99
99
11964
99
8131
45405
99
133807
352577
99
47720
394242
6947
99
99
99
99
99
99
355761
172794
40127
41773
99
99
492136
99
103287
99
99
99
99
11933
99
99
99
99
312365
99
186688
99
99
99
379745
99
99
279870
99
349877
99
418649
229657
176571
99
99
193655
122357
99
419777
99
19419
10419
99
99
378976
99
99
101858
91693
99
99
99
139589
99
203579
99
99
99
99
99
140618
99
99
50948
99
20315
99
3400
99
99
42010
99
421442
99
44940
4485
487181
99
60173
105429
98
99
1008
50859
99
99
140693
364753
99
99
99
99
175884
99
99
273211
17364
99
99
353573
58422
99
24252
99
338973
99
99
211864
81960
106819
51267
99
341406
99
99
91
212702
482390
99
99
99
27799
333916
99
255110
453481
99
192829
99
233717
99
99
99
99
99
349066
99
99
95550
99
221265
61533
99
99
45843
136781
99
15779
359289
99
132940
99
382573
99
99
99
41334
99
274492
99
386264
99
268244
5187
114722
96695
99
99
157367
144976
2327
99
451873
289609
123466
99
99
60109
98
99
99
99
511644
175432
221185
99
9624
13651
99
281631
99
2809
99
99
98271
17884
99
99
427805
99
265407
99
99
99
233060
99
99
99
24887
99
99
122076
99
99
99
99
97256
292143
250747
450078
355259
99
332468
40226
135324
99
198835
99
320590
99
99
53918
99
99
286976
124588
99
215169
384168
99
101859
14655
308532
99
99
99
52596
142432
99
99
209451
99
99
149230
197050
99
47017
99
99
214886
99
99
99
99
186090
78697
99
99
99
231416
99
99
87
350474
99
16376
182828
38685
99
99
99
99
99
78462
99
43613
99
99
99
99
161334
26925
345970
167386
99
295771
18337
97
99
99
82455
99
67907
61716
99
329573
254900
99
99
99
99
67480
99
329088
99
99
150690
99
99
98
99
12769
99
131631
99
99
185375
99
78836
99
99
7449
96273
99
99
69795
111325
499029
270559
270092
263085
99
26488
98
342940
61260
163888
99
28167
99
277750
99
21314
99
312997
348272
11184
99
82889
342135
233039
99
98
201547
13819
19332
99
99
226423
358206
82185
99
103733
354564
99
99
99
99
99
98
99
10232
178458
99
96
99
99
158153
99
99
99
48943
99
4650
99
116911
99
99
48676
99
38256
99
99
99
134857
99
99
99
99
230053
99
99
635
99
146271
30589
99
99
99
99
25606
333062
574129
358726
102567
99
99
520556
28731
127874
99
99
343293
57482
99
99
200349
99
99
137909
99
52904
99
99
99
79298
103240
46258
99
99
99
80049
274453
99
99
99
328086
99
57956
280316
392631
160023
177936
9503
51312
100090
15066
486
99
99
99
99
419488
99
195752
42805
199524
168298
42535
99
99
99
99
394344
265
191371
99
6721
99
430474
99
99
374693
99
8379
99
99
93556
99
14159
149128
93863
99
99
435809
99
99
152925
99
99
35315
108960
99
68223
99
196105
26777
405664
3270
158570
43634
99
99
99
229340
99
99
99
99
99
99
99
99
99
144280
206901
99
99
38743
36667
127328
328344
387057
395947
129210
318683
99
99
395413
103478
99
113291
199418
99
6455
99
99
184774
99
575309
99
390207
533309
99
99
499398
99
179796
99
99
99
586094
100707
99
98
99
362823
93359
19591
84048
99
18334
99
184307
160849
26578
76
99
99
99
281558
99
14479
99
99
99
98
99
134018
99
99
72826
99
99
35073
71776
99
99
11771
31177
99
144341
99
99
305672
99
99
99
99
165454
99
99
99
71923
112796
99
449328
99
99
375503
57386
197846
99
99
308923
127930
34331
99
283
99
99
194419
99
100930
178416
99
325169
385021
585
446029
197532
99
256725
381334
167133
99
99
4048
169304
149136
99
311491
99
139445
47421
141942
99
471400
178881
99
10056
99
5334
99
99
99
89797
99
99
272557
269765
99
99
99
99
99
99
212890
99
50920
191121
99
99
207628
286526
99
63907
99
99
99
41069
187732
236343
104569
7442
19873
53608
219313
99
184054
155653
207999
99
234524
510111
234785
236549
99
99
163824
32169
877
99
99
274683
255889
99
130943
99
57988
99
99
99
99
164686
99
18885
99
321792
15513
99
99
176194
99
99
99
99
86836
28833
99
112403
99
43766
17733
99
71515
551258
99
246795
99
52756
454471
2229
267719
99
112734
99
99
273918
11585
99
206217
99
168854
176383
10561
98
195931
10047
99
99
99
99
99
99
99
99
263804
99
205279
303296
99
407227
451878
133712
209613
99
99
99
283576
17861
99
99
12504
10264
99
99
359051
24552
397182
73188
99
400390
99
457689
211730
241897
99
99
99
132906
111285
150714
286381
97525
99
99
99
99
125712
304180
99
184870
105699
428820
99
99
80664
99
12527
95286
99
67054
99
108847
229311
99
99
74694
99
99
473413
280079
99
99
126336
99
8969
99
231716
99
69207
99
426291
356158
77738
92222
392643
284753
99
99
29051
99
243380
165529
99
99
98
99
54162
172296
99
99
308294
99
99
32548
99
302511
99
464979
99
99
59228
352401
1180
95290
7305
137170
34219
99
538414
99
8837
162279
99
99
70979
28386
426480
145203
293903
7641
99
170506
65498
32571
99
99
217880
139349
20276
328518
240880
356760
231641
244429
7592
99
62175
67850
99
127242
99
203304
405806
99
190480
99
99
518
137684
99
99
99
10334
99
265
48752
65821
276100
36808
89048
99
99
79048
97
154773
18615
185566
99
24108
99
99
20969
99
96
369766
316797
79066
42872
117736
40447
13890
228985
99
99
140595
99
99
355185
98
91097
167329
99
148679
251298
99
99
256422
99
136972
13280
47755
236914
99
167408
73504
99
99
72730
99
495800
99
99
99
203082
99
105281
356219
204495
99
194592
74765
301643
99
174945
362135
129808
474978
99
99
99
99
99
99
374311
99
9630
29100
41234
99
447714
99
99
99
99
328247
99
99
2405
99
99
99
17388
31276
99
88223
99
95062
456857
99
99
99
99
472044
99
99
99
124624
48497
99
134756
147032
196818
44352
150970
64227
99
99
198252
49016
99
255213
32095
99
99
224341
378146
98
14997
345322
87494
110918
283975
349173
99
96084
3797
99
197356
36207
99
70901
99
5934
99
34066
99
1049
8324
22103
99
99
119391
99
99
99
444718
99
323748
174868
99
37518
99
245919
224002
99
10612
56269
99
14762
39514
37251
260794
99
23437
388660
185402
250927
8895
99
99
402073
15513
99
53231
99
14392
99
99
14668
99
99
67043
546305
2872
378453
57876
56109
99
99
102049
150948
125924
99
340046
116903
99
99
148013
99
99
99
569210
99
99
99
99
75790
137045
359512
99
98471
99
99
99
281909
81
99
99
99
99
32457
277689
99
238407
99
120206
99
14029
50392
99
47550
195326
71557
139321
60297
5847
272256
99
99
164070
19364
3012
99
320268
121908
4319
186021
99
240367
99
99
345187
264426
99
357861
236976
31020
421774
42132
437671
99
84954
23331
99
99
11682
99
114395
99
98
370872
99
5528
446620
209442
146889
99
99
358382
121100
22377
99
99
99
99
99
99
99
84046
99
257126
99
401345
75305
305244
99
99
99
81149
150174
13292
287383
99
10298
38092
99
453516
308423
761
195067
99
99
99
99
129545
364104
99
99
99
99
99
39191
99
64271
264297
99
99
222066
204909
99
99
99
99
50004
236432
270271
118259
99
99
400567
131046
99
99
99
99
122624
99
13262
443319
220592
188446
99
4029
99
99
83466
79624
99
114152
350431
99
99
138
99
99
99
99
99
199933
98
99
99
99
99
98440
471876
99
99
99
347184
8983
57046
99
99
99
37639
252894
388359
513253
99
218930
99
83267
17655
34984
244419
99
197338
98
99
99
43387
284234
268550
99
99
241631
99
4092
99
99
127077
58690
99
99
99
99
333954
6539
99
99
50
464068
313325
85535
153772
99
99
99
99
126369
99
484167
135442
8564
99
99
478618
277895
6315
99
99
99
99
99
103125
328037
99
106512
93349
99
41034
492675
12709
99
31569
201081
99
99
77061
99
99
160183
99
49710
49222
99
99
13400
214427
3748
99
43315
15729
99
99
99
99
104211
160265
99
99
98331
100955
99
99
67669
95817
99
99
118906
99
333
99
99
114695
99
98
827
217044
14302
4227
34447
27514
57224
57520
99
383426
99
99
99
99
154921
251467
99
421037
28266
99
99
88919
181857
173237
99
99
182480
5070
139530
353709
82738
21095
311
130700
24816
99
99
99
99
50832
89607
326004
172557
38989
99
99
99
99
128648
279953
183706
91651
99
197047
60232
314373
99
99
99
98
6804
99
99
99
99
46092
31215
4650
20260
99
13765
99
149598
99
99
99
270807
99
31226
99
264900
67556
117766
292844
286586
311401
99
174548
24395
99
99
99
99
99
99
99
274155
99
99
17420
277711
99
99
99
99
123217
99
233377
99
99
63612
99
40093
114839
99
1254
99
99
5024
99
99
99
99
99
99
58964
138515
99
5776
121956
361419
488692
294043
99
133182
188242
98323
389059
290186
120701
220442
503406
369084
143906
99
473218
475890
99
266992
121211
99
99
90018
99
39252
99
47314
99
63254
99
183834
90311
99
311391
401773
99
99
174019
52808
107595
99
125265
99
77339
99
240969
99
11274
99
222471
99
99
527783
86685
20863
99
45851
548213
99
99
99
99
99
99
99
99
405763
228723
214171
99
312873
99
316110
10137
99
99
463166
99
99
99
20924
99
82173
220549
99
208308
95
99
1041
110192
170636
99
99
66795
180309
99
99
98
99
189401
99
99
45500
3071
99
258876
99
99
99
17026
99
99
99
170403
99
393210
99
99
19509
277942
299671
13448
99
99
99
24439
99
254850
17595
99
5395
98720
143907
99
92683
99
308373
99
99
99
99
99
58835
99
11941
107870
99
99
99
99
99
29353
162559
99
354449
99
99
162413
99
99
65238
285983
304881
116121
99
39146
94095
52180
368225
166200
371791
99
39840
99
41782
465129
120939
140203
98
99
55048
9041
98
99
10223
99
344966
99
40788
124460
159983
99
17780
99
74999
99
108856
71901
99
99
215518
404128
179567
149881
117208
99
248193
74734
249456
131627
99
99
195812
99
99
99
179344
99
99935
35
99
99
99
189468
99
121109
3959
99
76119
99
185636
99
99
35998
99
99
99
152046
146296
13751
104499
168503
99
47534
378213
254696
202415
321358
7848
110851
99
153749
99
99
119441
99
99
99
412608
265803
99
438618
35289
217382
99
99
183021
99
12223
11931
67385
35216
99
27132
99
99
99
162538
56847
3504
405989
86491
99
29440
98
99
99
366284
99
99
99
99
99
99
103125
101126
99
328804
166464
99
101395
99
99
99
99
99
99
122597
99
99
99
99
17441
99
201656
32852
251240
99
14205
99
221701
285855
99
200366
50753
99
53963
191672
99
119364
99
10936
170752
63032
462269
124688
99
232489
281755
99
99
99
97847
99
99
14651
90336
207342
326654
99
99
99
73082
99
99
59834
99
37361
8739
328823
93306
327419
40745
99
99
342973
99
3031
99
296246
99
26414
260969
166613
99
436742
78554
143053
336411
12596
2047
268688
99
92361
99
99
6950
50284
72048
119183
99
287075
99
99
98
99
109992
42204
43855
41146
83684
99
98
99
11005
63502
99
99
99
169934
44132
123904
167130
99
53109
141935
99
99
97
99
182579
99
26301
65586
99
11033
323771
490633
31901
183205
99
99
100087
291523
34259
99
99
99
4136
252030
99
70089
51986
106062
17170
99
99
17403
99
160478
35651
99
99
100784
99
462761
180423
10364
124533
99
99
408658
99
97
99
99
99
207539
99
149877
99
256255
30198
99
99
12870
99
99
99
99
577283
99
99
226762
69306
99
99
99
375836
99
300341
304486
336246
13194
91198
194609
414832
99
126949
346666
114306
99
331179
99
99
99
451938
163021
99
99
99
99
99
99
9666
16267
3724
99
99
113022
99
99
99
100214
99
1505
99
153370
99
99
99
99
31749
154428
99
82551
199672
138024
99
99
99
450784
11889
66056
137820
99
417101
99
377190
113046
75328
2950
99
10679
99
161519
85960
239871
99
99
188329
43745
99
28044
257498
99
99
53150
99
110927
99
99
99
121161
99
192941
99
99
98
352266
482
233256
52421
99
99
99
214297
269556
99
11800
2850
99
5784
140174
99
27800
114582
220807
146783
99
99
288735
64221
22930
120153
99
99
289660
99
244919
27572
5772
98
529484
4274
340111
267816
98509
145206
527007
342193
309798
99
98
99
99
212673
99
99
5488
99
99
99
99
99
99
11886
99
35314
99
99
9076
99
99
49844
368683
99
99
99
153071
295084
99
99
99
99
99
99
83313
117538
51721
99
99
61066
99
262312
169504
99
3796
6211
99
99
98
366879
99
283295
89212
175134
99
99
99
146375
125618
99
179211
99
99
76381
99
99
99
251960
24566
99
99
99
99
16427
99049
198166
155465
99
2393
99
99
432379
241520
99
99
268449
99
99
99
99
99
99
99
7114
219218
242619
124713
75525
166902
313100
99
99
153927
3847
99
99
99
99
99
99
326439
99
99
99
55120
99
99
53679
405372
99
231271
143867
20029
99
99
244795
99
99
99
49304
130963
99
99
6764
35905
99
99
99
178501
199225
99
39651
54210
99
17605
58053
99
99
99
49211
99
99
261244
459255
99
99
541832
94178
99
231762
99
99
99
99
135502
99
99
7916
99
188103
271157
180106
99
158099
199519
99
144649
187512
99
8826
99
93659
130305
99
99
233605
308719
99
99
99
99
99
201306
202768
41484
298882
184164
99
99
99
18138
99
98882
469735
99
99
99
47432
62839
99
19462
99
99
99
117466
108425
99
434666
99
99
99
99
132488
99
99
526018
173564
113135
88450
99
99
5407
23288
53924
99
97
99
99
56024
183451
99
101123
149344
366649
249494
92444
49769
99
99
99
3604
335280
59079
99
99
99
41891
67795
203269
99
99
99561
389471
598248
99
175964
99
296194
99
215277
29305
121422
99
60029
426009
238329
52065
99
98096
19357
249714
147143
99
99
10523
99
27801
98
99
105516
408246
318401
129887
31521
99
99
50485
99
99
150498
208518
99
65578
25287
99
99
99
17882
99
99
187341
247738
363243
107485
252864
8295
99
493888
99
99
231296
579489
99
99
99
99
179174
7055
99
365631
43435
38547
99
99
11860
314579
99
120854
84782
244954
99
99
99
276602
99
292506
270653
99
57213
99
99
174884
99
414662
408702
99
99
99
84595
99
126531
99
99
113945
9832
12506
99
99
80802
17580
7082
349391
349682
99
7911
361077
16076
99
152037
99
149330
321187
99245
204053
291255
159560
32818
99
366550
99
244974
254461
58272
99
99
99
7928
329612
99
99
99
99
99
99
386041
98
99
363529
37117
99
27554
99
99
202475
99
99
83860
99
16864
98
72263
80
85283
1607
147584
152592
98
99
99
145635
265972
99
99
99
225088
38205
258260
481253
4691
99
99
99
99
351177
99
99
99
31805
224353
99
99
99
99
99
99
150258
429061
99
99
196160
99
252795
99
99
25893
44634
99
265616
115803
47467
131229
363326
10538
38258
99
288554
99
99
72522
143762
186202
99
99
99
491516
98
53523
500652
99
220594
99
12316
99
64438
164233
99
99
99
43671
69639
288081
99
83139
218266
188482
99
137281
46705
114221
99
265725
99
282663
99
99
358359
29345
8745
99
99
99
99
99
99
99
99
99
3870
142920
329165
99
99
132829
146559
9514
160951
323932
142114
99
99
96064
87098
99
3087
99
27663
309765
99
99
99
99
99
99
99
99
99
99
99
99
276707
99
189056
99
99
21879
373600
238227
99
108147
99
82947
99
99
37704
389479
96
13240
129642
99
99
2117
99
105620
99
99
99
99
372607
242969
99
145374
99
98
234259
190836
65617
23795
27111
99
99
3668
99
40572
99
99
99
157900
279492
218668
4947
275593
31598
99
99
99
99
99
99
99
99
99
131114
11221
99
99
99
99
151154
99
99
99
99
99
99
99
103784
200954
99
99
99
99
99
71949
99
178748
129081
60976
99
7990
99
99
99
144736
188803
99
99
99
212458
99
99
99
65313
159691
99
99
58037
29152
95727
99
275755
99
128757
99
99
134285
16599
86511
1634
2915
449621
323989
99
98
99
99
22960
99
2092
99
33376
210178
99
313608
99
99
6206
99
99540
99
99
99
6307
54063
99
58076
99
99
74432
385969
555291
96032
229934
99
9784
53653
120780
99
399941
143248
99
318121
99
486106
176363
99
318545
99
488556
51603
36207
99
99
99
207087
128588
123655
96172
37
633
118402
99
227047
99
99
99
33282
99
216397
99
211007
65196
124922
99
385712
223
99
131147
99
26508
459373
126859
99
99
80813
1376
99
72947
255789
99
99
181436
345757
99
107396
99
99
1304
99
281645
410140
99
6674
76917
99
61975
21044
188064
25678
99
57015
99
527196
33560
189461
75503
99
99
50574
87729
105419
234002
19371
17997
99
207598
164128
370135
48060
168982
99
99
532957
23816
34177
99
46642
67645
14661
99
98
284181
99
20431
212211
99
25022
99
376419
99
28916
99
283804
109260
132488
99
99
33421
115759
8618
96
58883
400752
24533
98
99
99
238959
99
99
571449
99
99
98
126044
99
99
85998
20641
99
113412
474213
99
99
99
6988
178807
99
83483
99
36019
99785
99
681
6440
99
99
99
295032
99
99
101211
99
346075
99
99
99
44516
98
146908
96657
46375
99
134609
226812
368740
99
293279
99
99
32846
183863
99
99
206979
3108
99
99
98
99
77359
99
99
99
66212
37785
99
99
99
99
99
99
65374
368469
97
282061
378701
43493
27839
7698
13848
167668
535318
99
99
173900
153948
99
139240
99
144140
99
99
238478
99
15098
99
132050
99
241239
72766
124546
99
99
156548
99
99
99
77878
99
99
120137
410962
99
99
160229
99
6602
99
334225
17507
39304
99
24596
22645
99
99
99
52869
33224
178867
158374
99
293168
99
99
99
493593
99
220
99
99
99
35537
99
99
99
102444
38027
356700
304283
377260
99
99
99
30987
475495
209246
99
9291
110602
99
99
99
99
99
299460
231029
99
106181
79908
99
348125
99
99
96
221389
99
11209
500355
59027
99
99
99
56659
105192
99
226400
99
99
99
83191
99
82520
232941
3160
290949
99
99
99
2341
99
126913
17450
336688
99
99
126804
153233
99
130705
448303
99
115467
151817
99
99
99
218342
99
93
99
99
239613
35851
99
99
99244
99
99
99
99
416225
99
99
99
99
88120
99
261589
344242
172532
22061
154552
367
14437
99
99
99
99
104723
99
91716
99
16699
156987
99
99
99
99
99
99
99
99
305399
269380
13527
27345
7795
99
91777
99
10629
78139
183712
99
326137
98
99
291358
1302
