77796
99
99
99
12714
91500
89
99
13242
312275
99
99
99
99
99
404978
99
66895
88
99
99
243475
18884
97
99
98
99
99
99
79780
228295
336012
227055
94
556
185124
211116
311758
99
99
198128
18697
194577
67503
21615
99
288639
87360
98
99
99
99
99
132891
99
99
298528
99
42982
297031
74241
99
99
303088
135841
99
35538
99
56466
99
99
246135
139127
99
99
99
176418
218659
164969
99
99
125884
98
99
99
99
99
216765
99
99
53374
99
99
46335
99
99
99
123499
99
99
99
99
99
99
99
99
165727
99
15155
99
99
349339
99
99
99
99
99
97
99
89435
99
39813
99
99
79631
99
99
58303
165150
5100
99
99
106298
99
99
99
99
94
60428
199863
115546
99
99
273284
99716
99
425248
8323
99
39063
99
99
28311
98
99
60467
163931
175805
202188
99
99
184923
97
132362
99
99
99
99
85178
99
22932
231613
17482
170035
11291
99
88874
62001
185193
189696
65008
99
89
22
99
20327
67928
99
54781
99
99
273114
99
126279
99
9002
99
17032
143324
334852
16029
2476
18956
99
99
476776
52886
346180
224032
71142
185857
90246
99
99
99
346826
238501
99
67409
99
364160
259002
287500
87625
188486
99
99
99
99
99
61619
99
99
99
99
99
99
290468
99
7801
11036
99
297773
23825
22952
99
99
99
28840
99
99
11852
99
99
159570
53838
14705
220683
221502
99
99
99
99
99
99
99
99
151081
324909
22359
184793
99
99
226570
99
99
320177
591329
224118
99
99
99
102160
99
99
99
99
99
26635
99
99
7500
130448
99
99
99
163821
23983
99
108884
243570
99
73
273822
99
71008
77040
99
3474
59104
245349
10187
62178
96160
28661
40944
35131
99
253490
131131
220074
99
158754
99
99
99
99
99
99
99
99
96935
99
192176
99
43752
99
99
25921
255156
99
99
99
264793
62092
99
99
89539
99
99
120317
99
99
99
99
264794
90178
16875
144617
38578
105675
99
99
836
99
99
128935
99
126078
419173
78404
135997
99
215327
99
99
241918
195543
99
295294
41991
99
225520
99
99
99
177025
99
99
67725
99
99
284342
99
86988
41727
99
99
15628
99
99
190170
5682
99
99
229910
99
99
31259
99
99
124883
99
99
99
99
186285
307751
99
70989
351770
99
191204
16187
380869
70127
99
435485
99
18333
99
226139
99
99
45417
14331
1000
100309
113171
244150
99
99506
99
99
353647
99
248083
99
58784
99
99
99
405757
461362
99
207563
99
99
99
99
367712
99
99
99
99
99
13842
9645
99
99
73112
99
99
13889
99
87977
99
99
99
99
280273
99
316978
525379
127027
99
99
87429
243578
22411
500549
99
99
99
99
99
105652
99
99
99
24844
99
98
35778
235029
107344
99
442991
98
99
99
99
33253
99
139716
99
4155
341884
99
255944
253052
99
99
59332
179774
99
145591
99
99
7421
99
11573
267589
211786
21705
99
99
99
133678
99
99
99
99
14244
99
99
99
78212
276228
65473
99
487268
99
99
99
99
979
100712
99
99
99
99
99
157744
174698
178961
99
165378
46474
352127
12760
99
99
99
176547
76770
99
388990
294216
99
99
99
76206
387617
99
99
335733
99
99
488811
202881
43986
99
99
99
99
2606
9313
99
99
412840
62575
99
73485
1860
342494
99
99
48369
99
22804
147386
99
99
98
99
99
99
99
99
99
63158
99
99
63154
99
99
99
99
13401
71240
99
99
194762
178161
99
99
99
99
99
195910
5362
150887
99
99
99
2311
127321
99
37170
99
181669
97952
99
199145
90908
16534
99
99
99
74886
42076
99
182256
75073
13216
99
111838
99
300852
99
67049
61367
151521
1868
99
94
359086
470147
99
99
99
99
99
99
99
99
59135
194606
455562
99
15783
97932
46614
262259
99
99
38915
97
99
344075
14162
91496
3210
99
99
99
99
99
239919
99
99
99
99
99
175973
1047
99
243823
121810
99
312521
99
132594
99
22173
99
239804
270051
98
99
99
99
99
398120
99
36064
99
99
138639
84362
99
99
99
119783
364251
125897
147441
76027
7674
254611
228668
99
99
99
99
99
99
20439
150025
3045
99
99
99
99
99
99
99
201799
99
99
99
28982
99
112158
130552
99
99
427940
3020
97
99
99
99
99
99
99
99
99
99
92845
60358
396152
99
99
10921
95
99
179727
150769
99
516372
97
99
99
68577
45570
99
4700
23155
99
98
310754
120144
99
4226
99
99
99
99
226182
146197
87258
99
99
99
99
99
99
99
99
99
458012
99
99
99
99
99
99746
28535
99
369945
99
104361
99
95514
99
99
99
99
386075
127660
99
163207
99
163264
99
491329
99
99
99
12602
384777
99
56330
11444
99
99
98
99
99
99
194815
99
99
99
99
99
195760
169895
199391
99
415638
99
8714
99
99
158427
24155
79396
99
99
192430
56564
99
50172
99
58573
262747
99
197474
99
99
131205
99
99
99
99
61744
99
116740
245867
98
78118
213856
116157
12434
99
99
299232
99
414961
396208
23421
99
99
99
124733
300202
307107
99
99
119660
70913
99
602260
185123
131117
4609
99
85049
289674
436451
99
155823
99
39838
99
154891
99
6284
38970
891
99
16425
168425
72246
99
99
99
98
99
76688
128632
99
99
166778
471008
99
99
264377
113754
99
99
99
99
99
378659
242950
99
206078
533726
252771
12886
99
99
39651
99
8597
99
99
21455
99
138745
99
328792
99
127733
89777
92387
194299
99
478705
99
48696
66387
99
99
25320
99
165836
90004
99
245553
99
229293
99
346281
99
99
184588
99
396548
99
99
266378
196825
122038
99
7571
99
99
257852
22043
99
99
117236
99
99
112093
99
154857
73479
181552
242905
75464
99
99
57820
128123
99
150141
146548
82
99
99
553741
99
99
23133
151094
99
229546
99
99
8173
99
99
247433
86780
441
99
92407
282410
14093
170393
99
99
99
99
99
326675
99
99
126417
99
114040
401124
99
99
99
205988
95311
99
99
514794
232952
99
6315
208196
191571
99
30646
359523
99
27938
99
99
71487
99
3667
99
99
99
99
52646
99
99
99
99
133453
99
99
92188
99
99
99
227675
90436
220775
99
73960
99
251176
99
292250
85371
99
99
3067
206011
36945
99
172539
99
66259
52130
112544
98
80628
98325
29615
318483
16252
99
99
99
99
37396
99
321349
99
99
144445
336560
66822
38729
66727
273588
176814
9206
321228
99
113297
109965
510642
173793
99
98003
99
243577
99
198132
99
99
99
99
67539
10068
99
82602
914
144902
178329
99
99
99
99
99
15551
99
544647
10025
99
99
99
99
210915
131684
98965
48194
99
124259
16480
346723
99
317636
62788
99
244707
99
228678
15112
99
21551
414015
99
99
24837
99
99
99
99
99
99
99
41690
99
99
99
210373
27339
54519
49593
99
518516
99
216107
99
63327
261621
99
493770
195
265502
603866
233940
206705
99
99
99
99
99
99
161129
94750
732
75599
106337
177012
29809
99
99
99
110279
173831
99
345929
182631
99
126357
208575
103079
98
99
146097
99
185892
99
99
99
79842
99
99
99
99
60032
63850
99
99
31697
99
12697
34164
257629
369979
288549
350028
173756
99
99
67295
99
99
99
95558
99
99
99
99
12085
26063
99
163021
370011
99
99
395536
27158
159947
99
45745
381
99
99
99
99
98
59167
28128
29348
276273
99
212773
139967
99
99
381657
186571
41136
99
99
99
99
99
257510
99
208713
99
99
303743
526753
99
231031
68959
99
11031
38114
99
2718
69554
400625
99
99
90499
99
99
99
27707
10772
99
99
161101
99
99
36703
99
99
170046
38438
99
6869
99
70289
264771
246044
99
60385
94286
99
50970
5974
99
99
168484
175855
149418
63657
99
172503
438138
27231
431954
99
99
3598
147497
99
99
81997
279249
91032
157694
130660
387828
96526
16682
159807
99
99
99
99
99
294093
99
238604
99
99
96
99
99
271544
99
99
99
99
27483
99
99
99
122926
31673
99
99
264759
31192
9313
99
99
178136
13487
53993
97
99
277647
99
7630
92
99
1784
261577
569137
241474
99
99
183992
99
99
225993
99
49843
272621
9210
192841
5203
386284
173174
20515
147398
369935
99
184387
99
99
99
99
99
99
99
115196
99
544429
19942
99
147089
99
28716
167252
437321
99
15669
430540
50775
99
162902
99
475100
99
99
52049
99
99
99
296729
479931
76723
230003
99
94744
95143
99
344169
198183
202257
99
49281
99
99
99
99
99
99
99
99
99
99
99
99
88289
30005
23840
19612
16248
360752
782
80205
82004
121934
86029
123156
5580
99
60597
99
99
193583
105763
529555
80367
17772
99
403608
99
469041
226386
99
129365
99
99
99
193165
75223
99
99
99
99
99
99
36612
165690
222715
264767
111365
99
121068
154760
92533
21835
99
32506
103085
108523
99
36497
99
3549
99
221238
99
99
72064
300421
33486
99
34998
99
99
99
99
99
242876
99
66951
99
195883
23069
7093
142371
221613
81635
99
157003
31973
335034
70058
191499
142298
10570
99
6453
99
259759
145462
99
99
99
70042
405691
99
99
99
124364
17656
99
99
99
99
99
7853
99
99
99
49467
99
99
99
131192
30182
99
99
158272
175914
99
326
99
33850
182060
99
115360
145079
99
98
274301
4615
99
99
99
12075
64613
99
117061
99
99
99
82648
99
172802
10449
99
364771
99
99
99
99
99
515845
149354
99
99
72829
99
94804
20560
7341
61103
73932
1011
1216
67161
313525
9227
150212
296269
266995
99
99
81798
32519
342344
18069
168133
184393
210208
99
99
99
132527
312804
50871
99
99
93088
70427
99
99
322685
66214
99
61243
99
98
99
99
99
260907
99
308185
11269
99
497612
168426
99
40624
249443
99
138356
99
99
30764
269267
99
39921
73572
99004
99
99
199314
170179
99
99
43171
402746
99
5197
303741
99
99
99
15750
99
65826
202090
325274
99
128015
99
99
141048
81462
210978
99
304277
25526
39682
361321
99
99
139360
195459
115012
99
99
34992
361967
22434
13350
131151
111308
92803
99
227607
99
479498
99
99
226211
99
99
99
99
99
99
99
22964
294158
60727
99
99
159108
175412
99
79320
99
99
99
282238
7992
99
321349
34762
337000
573939
136226
99
75786
104554
343252
99
98
115718
77760
48294
341175
99
99
110253
99
472606
99
66858
99
99
344161
513017
98
338665
184800
144484
241386
19704
99
99
99
96
29965
159234
182803
99
99
17546
99
450960
99
99
99
282658
158581
33516
169534
221262
99
99
99
136950
2415
258140
72388
99
15103
45613
99
205489
99
94967
162525
99
46621
55812
85465
29981
206374
99
99
8044
482828
99
99
340110
77329
99
99
99
99
292805
109991
99
99
258116
267589
197496
99
86
281384
203947
99
99
398636
42022
99
9649
210165
99
241238
11178
506007
99
99
99
114264
14711
28667
99
322777
99
71213
99
186510
124668
99
102249
99
99
99
99
7379
165578
216879
6203
208250
99
99
99
99
71046
99
104366
41130
99
99
296201
99
504636
389122
208877
99
99
61634
102188
192770
48596
52282
99
353147
30314
188392
321024
99
151620
99
99
99
260278
99
24072
54416
418145
145139
99
16354
42184
361374
99
27471
99
99
398768
99
99
99
99
99
37516
99
99
99
122448
99
289876
35946
99
23894
99
99
214003
3737
553569
99
99
99
99
99
284188
99
99
124041
256393
175758
99
99
439773
46096
99
99
272269
99
99
44220
67568
56081
327391
38563
6604
68289
99
20895
99
414343
86
99
2302
4282
99
99
77360
77641
62222
99
382513
49393
99
482650
378730
98
524421
99
99
99
8610
99
132489
347492
79754
99
99
99
97
250393
99
99
449382
67721
261088
98
94891
597550
99
99
297106
99
57826
99
144109
99
585938
99
69961
9801
99
133858
142642
99
99
99
13117
503523
99
195734
297366
58534
100990
99
114571
20211
237598
99
121408
91117
189196
99
99
435452
343068
99
99
47078
99
99
44075
374368
99
268094
99
99
99
226807
99
99
99
49792
99
132612
332946
99
99
99
101280
77376
99
116861
138280
99
214769
99
99
99
6195
99
331026
99
89083
99
99
99
134142
99
24580
483297
109635
266729
81600
99
99
298016
99
302771
99
99
99
99
99
574403
41993
99
219948
8544
99
444725
558177
99
99
99
405877
231735
109540
99
99
191241
99
99
99
15248
99
99
98583
1078
99
99
109949
3800
99
262690
6617
91079
37243
99
229298
99
99
193881
99
99
506996
170841
466994
99
99
26775
99
99
99
99
99
8025
99
99
99
99
89632
13143
99
29971
530107
34119
99
99
99
97
164058
88183
193629
69594
99
99
99
99
99
99
99
99
20417
95318
97
69505
99
99
67001
30696
99
99
65608
99
293557
184852
48326
15096
99
322668
99
311090
167048
99
67422
99
99
99
7297
99
99
99
43943
99
38881
99
8174
117290
98
99
99
96
99
17487
126181
145432
99
99
395143
114844
167178
99
99
99
78853
99
186160
99
155546
165309
99
99
99
99
2301
99
99
34773
99
96238
99
263147
660
328241
99
13457
540534
99
99
99
468624
449715
32489
266706
75
99
99
99
1754
99
99
36413
99
99
99
99
99
99
99
99
121193
44900
532288
522738
99
99
99
21857
99
99
99
99
134783
99
99
99
74842
99
99
99
99
298827
152216
99
128312
99
330513
10403
99
337027
237714
47584
99
136242
99
344959
99
3934
99
41353
19199
99
91722
7771
99
99
5648
166113
99
99
99
99
99
99
99
122473
54676
127867
99
99
99
99
99
351442
99
214655
99
99
99
99
130251
540045
99
23739
92416
99
146956
406969
101689
82262
120660
35644
99
125822
238518
99
99
99
99
99
99
28263
37702
93
7430
31485
99
99
13939
16590
95
99
60563
99
99
99
480596
97
99
99
469606
99
123263
505390
22294
98
99
207142
287415
99
252759
371450
137488
97
249532
99
378922
2623
99
356003
258294
226076
99
176717
326538
318156
5302
22746
376931
41725
99
99
99
8011
99
99
99
99
234164
99
48834
36609
99
89211
142478
99
44497
10860
269114
147745
99
25522
99
94941
97
796
99
160806
230036
99
99
342259
99
248618
106917
95698
17973
99
99
8759
339036
154590
99
99
99
357859
75101
97
99
134976
99
3076
99
99
99
56209
63523
320319
155367
99
99
234562
268359
99
268149
99
99
69688
14909
430216
24755
99
148198
99
401863
206161
99
99
99
99
99
162878
56237
237513
47630
99
99
13644
99
210121
921
190675
179443
443297
98
450114
99
252971
17925
99
99
88767
195583
113053
99
418388
99
328022
433310
99
99
99
99
99
30291
99
224723
542953
4430
475499
225844
99
99
238254
214618
202854
99
99
99
32790
99
99
153940
99
99
99
99
23572
1531
99
160537
99
99
99
99
17027
218859
73665
15140
99
79010
99
99
99
99
98
191991
309339
280008
99
32894
99
99
97
111259
305880
99
110336
118936
99
99
99
5894
8132
99
255170
99
99
103294
156795
99
99
99
99
177887
348890
19821
99
38605
99
225002
3816
15728
39748
99
99
6610
99
99
377922
314339
99
99
99
99
257242
99
298632
20704
99
187
14426
99
99
99
595620
99
99
99
136471
448556
50771
515645
343248
99
292621
266881
112451
99
332951
99
30444
22621
99
99
99
99
99
3371
99
91325
99
99
181300
130748
58
99
4187
222857
138165
16608
114382
99
336128
99
99
99
131825
241704
293501
99
99
99
293347
99
455071
99
321678
89274
99
299889
72136
99
98
86919
99
99
13693
208966
17407
228837
99
99
147495
23295
99
99
142798
402637
99
240906
79612
99
20506
59091
27476
99
324804
99
99
7585
86478
99
99
99
99
249677
60373
99
215074
43808
99
138148
44632
269257
317768
1463
58112
99
99
92
25588
99
99
64755
43483
99
99
281
48056
94
6901
99
99
99
99
36869
99
99
99
99
99
99
99
506647
8773
99
394118
99
109823
48
282083
99
99
178413
188177
99
99
249195
313575
285446
238565
99
134901
99
416349
293664
99
33444
257328
239901
99
363753
163921
99
101207
117633
99
99
54161
40779
30298
387502
99
99
154017
52686
99
99
99
97
352100
39341
32877
184822
308719
99
99
85662
131505
373914
99
124580
99
165786
99
134963
99
111026
1218
50081
103854
99
14107
99
99
9706
38473
99
227135
98
99
341391
51272
99
99
38016
99
133201
71712
197918
123402
99
16698
99
99
99
233895
285945
99
99
396162
99
187916
292709
246398
7389
40770
99
79012
198136
122657
99
99
99
170484
154564
99
99
5809
99
217463
103441
99
99
102597
5163
115233
99
263811
99
99
99
479151
59016
27798
99
99
99
99
99
99
99
272009
222492
99
27527
99
10663
461277
99
54703
99
26195
99
99
275711
296673
99
29291
99
99
12674
365009
99
29445
50691
99
99
99
195064
99
99
99
99
260460
99
308109
294257
99
95142
124465
427960
99
17092
149108
99
99
99905
195742
99
99
99
384337
38581
62438
99
99
99
280361
99
145068
99
191959
3225
216648
99
28951
260292
44643
99
99
98
52130
99
99
99
285253
99
6884
99
49528
73176
414312
99
70852
99
99
99
2719
99
99
99
99
99
49171
395423
99
99
99
33038
99
98
317450
332797
99
99
141379
99
99
99
99
50897
99
100013
99
99
291988
62161
99
99
241264
195594
99
99
99
99
67677
82602
29007
99
303675
99
29845
99
111385
263578
99
259353
99
99
99
414907
99
28234
249633
99
99
29247
99
443464
99
267660
99
99
99
99
666
424850
99
99
99
7774
99
99
99
119654
99
99
99
19324
99
99
65345
96552
117124
161662
98616
99
99
431803
99
99
154226
99
115774
99
220339
73552
99
99
107419
98
7669
99
99
102081
98
37095
99
99
149769
99
99
31038
99
11324
99
99
442965
99
99
75833
99
99
109889
21361
286806
99
197652
99
183047
99
211149
363806
168659
92775
99
57282
99
99
99
164452
99
99
366613
14087
99
76262
213861
32411
99
99
99
84
99
28615
105090
45493
99
99
147899
99
99
242596
286758
99
301222
99
99
2338
99
99
99
115970
99
99
99
99
132364
311944
99
99
99
99
99
25706
99
99
22828
235592
317361
99
99
275963
38719
99
32142
55362
308722
99
151204
99
99
18406
500402
99
389332
99
136720
367203
177844
538051
99
26242
290718
295515
324989
99
99
99
99
99
99
382262
99
99
99
99
288032
99
133009
99
103981
99
22061
31493
121626
99
159747
33853
270556
39694
99
93
70306
200891
99
75753
186461
10819
99
98
99
41342
99
99
4762
99
668
99
5050
312665
99
99
105590
99
306405
99
99
13992
95621
99
99
99
99
21207
99
99
99
275532
99
99
303252
50026
99
3805
76690
64261
301977
99
324992
96
545387
294108
24525
99
14347
99
99
26745
99
43524
411598
99
99
172891
99
99
396145
31038
99
586530
92570
159366
209000
99
83396
279856
98
151716
99
2081
145731
99
28511
59675
99
16410
231862
99
99
99
99
99
99
349893
99
99
99
99
99
34468
250121
99
13668
13486
99
520858
367123
99
99
99
99
34095
99
78656
229305
8528
99
124466
105019
98
146617
99
346818
23841
99
62419
351921
99
99
343649
99
99
97
557982
473251
516778
247023
99
512361
436737
21008
99
173485
72428
99
99
371616
159763
99
54635
99
311300
99
99
53213
12847
12504
15913
99
358261
99
99
99
99
54468
356806
83494
99
3209
99
99
287010
360967
99
370127
99
99
159709
99
583170
99
95
287256
120282
99
99
99
99
99
11044
99
56969
287517
99
416386
95803
99
491043
104842
272348
99
99
99
78184
99
317669
383670
203689
23258
3588
231743
99
99
116355
99
38885
99
330315
99
32094
112346
99
89627
99
395546
372008
128071
104772
99
99
155297
288074
99
99
463526
21700
112168
95455
177362
99
99
53368
17705
99
99
235590
99
99
99
99
109541
99
157940
99
99
99
164343
317
99
249118
224495
300828
396944
97
326153
240857
99
99
108617
354092
99
99
99
99
202675
85685
99
120879
99356
411088
99
233359
99
99
99
99
290820
99
101304
99
99
99
99
99
99
68057
32127
18968
99
99
56642
165272
17433
270176
87
209727
99
73234
18682
333030
135013
99
99
20281
99
93753
99
218031
99
99
99
186737
99
199996
99
6146
99
99
99
99
99
99
282845
99
99
35828
99
99
235533
64589
99
99
99
99
99
99
99
93063
141792
201940
28939
199366
239354
99
99
121753
99
99
37135
58051
99
99
99
87250
119452
99
499492
358370
99
99
176801
74222
263510
99
99
99
99
99
81793
227192
99
226828
99
156357
64474
89
72025
19316
99
174847
99
99
183311
61185
99
283507
364874
4592
396838
99
99
99
131467
99
99
18768
99
111659
180568
99
226637
236420
99
99
284205
59146
209056
79296
335391
180877
99
36154
158047
160065
99
99
93
47475
36330
99
99
99
10644
99
100942
60670
91073
59054
610429
99
278915
99
295784
3831
340553
99
99
182255
99
99
99
81472
98
99
99
134297
141852
99
667
67593
99
53853
99
99
192793
54907
99
99
165511
99
277955
806
99
99
181567
99
99
214635
10769
125586
112361
211641
263832
468689
99
120730
105036
99
99
99
99
99787
96858
99
25173
99
99
99
99
99
26606
271153
99
193871
99
99
99
180920
112354
196
99
137561
40915
99
99
99
495838
418734
185188
99
17094
99
99
99
155395
99
9349
21382
105982
56
99
99
80
267284
99
99
136671
515281
99
99
99
98
93
99
99
3939
99
101313
348998
99
162585
169392
170477
8087
99
99
99
99
13426
99
106957
99
293206
99
99
15408
11279
99
139721
5237
99
99
63588
58947
99
99
283223
148419
99
99
23450
99
204924
99
99
116768
181683
180083
99
99
685
99
126909
99
2662
99
342998
99
19328
99
153737
21708
4017
99
123957
79481
99
133868
121081
297391
30833
24263
154828
103186
99
554
242103
5071
12534
99
22349
2309
99
369577
99
440941
99
99
99
339757
49681
99
257210
7384
99
218390
99
99
139055
187344
99
480455
99
99
99
199495
99
10627
99
115647
178209
99
99
99
189124
99
43611
99
504679
99
99
99
99
340359
203421
99
138716
177987
44260
99
369675
265589
99
97
99
99
519060
204847
99
99
99
99
138090
99
53891
99
31124
99
99
99
30188
166095
99
99
99
99
23466
99
99
86
192774
503226
266137
77315
99
2529
99
99
17726
179006
330949
186901
180386
99
13514
99
99
99
67876
99
136275
99
99
99
533
3747
207704
99
98925
93907
232714
99
99
99
99
296063
99
43453
215951
50142
340814
99
98
28215
56847
99
72170
99
196147
99
430597
91661
99
90715
2557
99
17839
295286
99
102027
99
99
99
459583
257304
99
127095
157527
99
174732
99
128628
99
462198
32335
99
136486
99
99
89
99
155822
461034
99
347018
99
99
99
99
23145
130435
418034
24264
1468
40680
99
144433
594918
99
99
99
461069
76259
150591
99
99
99
202189
99
99
99
82369
133357
12923
135027
99
99
54132
99
18
133080
336188
99
99
99
99
99
56
99
99
237550
99
141639
154306
99
99
384465
321559
99
92169
99
401220
180060
270453
520594
243152
99
222692
99
2919
103847
99
189029
2615
466721
4611
99
33749
164895
99
99
21472
99
504427
169332
99
486851
37923
84465
99
37645
99
555247
188022
99
51185
109884
56615
419756
373309
44799
99
211748
192981
99
99
86
85204
438971
99
99
90295
99
99
99
178583
99
55972
99
99
99
281874
99
99
148240
51390
99
99
14622
4054
99
418273
99
323808
99
99
93857
99
99
99
6770
99
327516
55956
99
99
99
103743
99
99
36783
28118
39374
78587
99
99
560660
99
99
99
99
99
99
99
5970
27871
434218
99
26611
99
99
99
450790
234093
99
99
544677
99
99
99
122204
99
23180
99
99
99
6025
98
50514
99
8400
34486
51140
99
12416
99
99
99
99
850
171995
203797
99
396660
5099
272258
251942
99
99
99
12927
99
99
99
312711
37537
307200
99
99
99
12636
63620
411619
112839
65947
99
96
103867
99
99
534416
99
99
42190
99
99
99
5341
99
99
99
123294
32483
18689
164851
99
99
112173
172784
34554
99
99
88
226774
99
99
16576
99
99
97
99
99
1535
12647
123910
99
16890
99
99
352549
111740
99
45601
99
41361
200088
52036
2730
123602
99
99
26420
99
57883
99
46743
50610
99
15907
392606
101062
99
99
99
546380
342843
99
99
60585
99
20377
68923
93974
99
296934
99
99
3141
138464
99
99
9910
99
99
99
121463
107270
151086
99
99
99
202243
99
43616
10337
109505
143175
99451
62391
167926
99
99
48810
252907
372827
99
108598
99
153723
99
97
11489
99
18021
137973
9908
99
99
22105
35294
99
99
99
88312
99
356130
150233
265
10740
375511
173756
384160
385692
99
99
24831
99
310689
99
99
130982
99
111
99
93
26177
99
99
99
281311
91701
99
356485
99
22067
99
99
99
99
99
99
99
99
246815
99
95486
388212
99
99
99
154158
99
1895
458739
1464
99
99
99
99
70066
239349
50959
99
99
99
176835
93736
99
198159
23669
99
46846
64169
64043
99
98
289358
99
54259
99
114489
347696
158988
99
26339
286686
99
307088
311867
99
99
177545
284442
99
414464
262177
99
99
97264
99
99
335908
26260
99
99
99
99
99
99
99
7597
99
99
88423
99
99
99
99
99
99
364775
99
325269
104085
99
3103
245220
6403
39970
71349
99
99
512446
99
99
95518
99
62684
99
99
86586
99
130501
7248
92070
29933
99
254515
281152
99
99
99
120218
281692
123643
99
99
99
99
366960
435367
420954
36353
171639
166616
99
216750
99
264552
108661
111751
86578
295168
99
126946
296348
214407
118582
33556
99
99
99
99
310735
587901
99
168977
99
27921
99
18896
99
381588
21214
306464
99
1393
269012
99
333547
99
99
280821
99
34141
99
170249
316700
394648
99
143880
248806
223459
97
99
17450
99
4696
99
99
99
99
99
99
10143
99
99
48749
99
167691
99
99
99
99
7713
65318
99
206007
6861
99
99
226330
99
181540
253119
18906
5006
257955
99
6023
99
66867
131930
249513
99
157932
99
99
99
99
99
2975
99
28943
99
40984
99
4725
99
92366
111471
99
99
136311
227692
1541
323037
4388
396066
69596
23442
99
99
99
191429
99
99
99
99
40975
99
99
99
89178
160590
99
302200
99
99
99
89
25189
99
99
99
67438
271308
99
99
99
22935
99
64744
273375
263676
1725
99
248244
267189
301985
422948
99
31716
77046
99
99
63895
99
99
86
99
2634
99
194698
252801
98
232681
102554
99
99
107422
189754
99
80922
319571
99
199978
168512
216390
99
90533
71110
99
99
99
245881
99
289869
309527
39814
99
99
256402
65187
99
99
99
99
355046
99
99
99
22308
13865
99
99
116004
99
99
109717
217091
99
8002
99
39058
329686
99
95879
187422
314784
435752
99
99
161195
69286
99
217391
118593
99
99
9073
425765
108480
1664
99
99
99
755
99
99
196648
102770
99
99
52731
99
99
393569
99
163034
71220
99
187052
99
99
99
6311
189024
98
250535
130214
99
99
3113
99
99
180943
99
94650
99
99
380270
99
225503
99
99
61738
37503
228622
42622
141501
371031
99
47789
496202
99
97
356049
99
271029
99
99
99
99
99
506864
99
78537
275443
99
98
78508
300334
99
282687
99
390455
449169
99
505449
99
57860
71581
99
138360
99
116402
99
99
18481
99
73216
99
99
366932
22477
99
99
99
204102
99
99
99
99
422673
99
99
99
99
99
1251
456006
85583
99
99
99
99
108475
17721
99
99
99
97210
13012
8928
99
169990
99
433129
9789
99
15386
432985
582688
390867
62394
99
99
99
6603
86
258130
303811
212852
99
222991
99
570410
388192
99
99
250061
99
63597
41676
99
99
36026
236640
198756
61248
117755
99
245754
76809
99
33515
389978
385488
18844
99
99
126416
178783
99
23766
99
92
99
352470
99
99
99
99
99
32503
263077
99
60555
99
99
69534
288697
218863
134380
99
99
30608
42402
51355
99
99
102502
98
207958
311891
30113
269345
99
99
99
230030
99
99
99
99
31222
99
336334
99
98935
99
521287
34817
351549
182407
99
496120
79776
45311
125915
382119
23370
373340
196112
323896
224469
1172
241045
99
99
27452
266671
99
53023
1728
14191
99
99
99
99
64598
99
99
44156
60311
154569
99
99
143953
132877
99
99
99
99
151242
99
99
99
99
99
188724
99
99
99
242153
203077
577153
99
99
99
172997
99
55355
99
99
243576
99
16931
99
99
99
99
99
63207
99
99
60
44974
99
99
7447
327570
3729
3676
112535
241118
99
38326
241298
99
222035
97
169586
99
227322
99
99
218086
91508
71625
285960
128163
19297
99
34397
104794
97
99
99
99
507460
99
216449
86363
99
99
2595
108277
8431
99
50409
99
99
99
99
56743
99
271222
99
99
91
99
117921
99
99
378812
357724
99
222904
148886
79847
47631
1054
22996
517985
41758
99
317089
20351
206380
367372
99
99
124412
99
99
99705
99
185561
99
139924
99
99
195781
74004
64057
25639
393526
34922
20329
351795
99306
207746
9210
99
67589
16672
147432
97452
189357
99
99
73063
99
3245
99
99
99
99
321255
99
288616
99
99
99
99
99
41410
99
262302
99
152627
99
210639
29511
260231
94677
168032
409622
99
20750
2426
99
485658
80662
99
9013
60466
197754
99
99
99
11514
99
236163
238577
99
99
99
212088
99
99
99
99
133537
14485
99
99
11498
326690
58591
99
540702
99
105715
99
126069
99
542525
99
190305
282544
99
99
98
180706
99
99
99
11311
39476
18802
99
99
501962
99
11821
99
99
99
99
261646
243241
99
137541
45112
370091
99
323713
99
99
99
71869
99
146239
99
99
99
99
99
380362
99
286928
154033
441860
159628
99
55216
1673
99
99
44008
99
415717
134772
99
350582
227396
232572
99
365955
99
529095
266901
54449
118462
106174
99
99
57610
99
77813
66811
99
68745
32781
99
99
99
99
99
99
90161
99
99
99
99
354233
94761
29062
99
99
99
99
13849
99
50524
23188
99
99
61333
99
100384
99
28895
455972
99
184238
182119
406896
71734
99
73416
99
99
99
287777
109252
81970
99
319075
99
35859
490986
99
295653
368
99
110551
99
32840
101413
99
55675
219891
99
69147
554843
167117
99
361671
398
99
103075
197764
57365
99
99
469669
89
99
99
99
80640
99
292530
23901
99
318718
137161
99
255103
99
203441
99
19709
433310
99
7011
208219
99
99
99
274889
99
7803
99
99
99
99
160789
31865
108593
34458
99
228532
99
59959
34866
99
99
99
99
99
99
47370
304626
98
153111
92432
99
32513
99
60731
99
311807
158059
99
99
22263
99
98
99
305457
99
97735
99
411311
99
145006
99
44852
127880
176192
99
16585
41733
521636
99
36646
10297
268137
99
58324
99
99
142438
3571
99
30605
81638
59341
6459
98
99
99
36493
99
99
120708
99
89
55402
123638
99
135639
99
99
99
387879
99
99
12387
99
99
78708
91
55885
4660
5403
99
33101
85695
99
99
99
99
99
99
425869
96
123192
99
99
23283
99
28015
147206
6696
99
99
99
99
87548
99
152287
73992
187757
94159
179427
439789
99
278218
99
84324
94609
165314
189406
48907
94097
99
68554
385908
263635
99
253572
48248
99
99
99
99
99
99
99
99
132485
99
99
96609
99
99
7939
17072
114689
86
99
198147
24819
99
121213
1446
168560
337603
7984
99
99
391783
99
99
99
291781
99
387605
98
256791
99
99
99
99
34904
99
99
99
99
91867
99
10784
26059
99
99
44954
415136
89
99
54944
99
99
99
99
99
228045
125331
99
37216
58985
159521
96
305739
99
86
376274
99
168444
99
66094
89036
19331
99
99
99
141400
156924
99
99
3204
284516
10013
16119
99
78778
99
99
99
469120
99
99
81
99
99
41902
99
99
99
99
99
99
294568
99
198753
119176
133047
270435
99
74884
99
99
99
99
99
99
99
99
363517
41644
99
450089
99
206366
291369
411958
12363
98
278285
197801
99
99
99
61396
353028
390667
2284
99
60496
99
99
166821
99
81039
99
99
99
23139
121788
99
99
99
1012
99
99
99
99
48738
99
169926
99
26933
102836
336666
419388
470803
195715
27027
488739
61420
59657
18824
334214
99
88
2266
81270
2712
99
99
99
6173
99
117296
36565
161095
265658
99
66714
99
2168
99
28768
99
153660
99
99
33285
99
25474
99
99
11987
99
99
198072
376720
99
99
99
99
186833
88836
99
99
181119
99
99
99
99
99
99
99
99
99
99
99
232438
99
78238
99
99
320061
4685
99
99
94
16294
212167
99
99
18228
99
311572
99
99
99
99
98
99
729
25860
44582
196476
24668
241379
99
99
99
99
99
99
190270
46101
99
99
460514
99
99
137553
20964
219192
128726
99
23046
99
99
99
99
99
294403
81882
138460
99
29234
99
278589
57935
235346
8742
47812
77563
142362
99
261620
17758
21822
99
99
99
99
212501
99
58664
99
40453
30806
99
99
107495
93
44474
99
99
99
99
82196
322726
19240
583449
461582
99
99
99
99
99
25028
99
314684
54250
99
99
95790
99
410720
99
99
98
272116
99
38874
99
131907
129
98
406844
85423
99
99
75856
31354
99
99
99
74048
128591
99
89
18630
225017
99
233558
350123
99
99
210531
99
99
99
99
99
176659
99
99
71829
99
99
25280
99
18148
99
18846
99
336024
24761
99
4188
28601
99
31543
99
337364
99
99
99
40113
201702
99
99
99
123468
99
136046
99
99
11177
99
91118
98073
99
40390
50079
99
99
99
99
91474
35505
99
99
159559
97
41302
99
532253
106708
611144
99
99
99
99
34032
359668
99
222746
19836
466974
22046
82903
99
99
202986
152167
61059
403379
98
317708
99
98
99
55295
79857
21842
16029
99
546960
99
228466
225109
28954
267550
99
14172
255654
99
126037
99
99
99743
99
99
366293
6898
75757
1687
146327
157366
12293
348272
2942
225659
99
99
315587
163787
27341
99
101735
99
99
99
99
4199
23359
205336
99
99
99
99
205276
145902
99
99
99
99
61438
99
42488
236883
99
99
111715
10569
135073
99
230691
98744
99
425412
71556
99
17200
48481
161787
99
99
99
99
99
33109
99
99
29798
99
282155
99
99
99
99
99
118406
68209
99
110702
94
99
99
279459
330441
99
106178
99
99
331764
395046
53676
215613
417559
144477
22598
99
269262
99
78854
99
40947
56637
97299
99
99
169218
441819
93
99
498887
227294
99
48163
99
99
99
99
99
69013
99
61616
290143
99
243987
99
27
99
99
99
425271
99
99
227800
186186
566712
38610
319241
29570
99
99
99
8491
486069
99
79817
99
122176
25569
99
134751
528085
99
98
129660
184697
99
99
40658
67617
77377
48672
142478
67942
227541
99
99
99
99
99
99
99
99
162648
183551
15347
24934
99
99
99
99
99
18139
99
4557
18
99
175641
99
228994
99
169316
145251
172741
234419
99
88521
230880
99
99
301652
436197
111464
99
99
179770
211920
99
91035
99
99
94218
408244
99
213595
99
99
221280
99
104649
327174
249427
99
99
13737
99
170167
99
35409
8923
99
99
99
99
99
99
99
19165
44123
177833
112022
99
150131
209698
99
14867
135652
99
256253
99
99
91781
99
278123
183275
99
99
353599
99
99
93
99
98
19594
98
99
8760
99
99
99
500722
104991
99
185107
99
119217
5196
99
149672
99
99
99
99
1496
419105
22708
127667
55748
99
72754
99
51691
519609
99
99
99
99
99
99
99
99
99
460825
99
64966
435286
89517
18718
215990
99
99
437245
24124
179418
6322
222827
99
1222
99
99
137742
99
99
99
305389
206984
260434
99
181774
98
132061
99
99
99
38844
240301
3396
99
10649
7599
94
159883
98
99
89894
53440
454990
85914
99
99
241987
99
99
97793
99
99
98
99
113699
426397
13530
99
7261
97
20478
99
14413
99
222895
99
99
99
99
99
99
99
97
13441
99
99
98
131649
524774
72017
303117
189550
201092
2033
99
99
345709
99
99
156044
99
99
99
99
99
25555
213775
440766
98
137505
99
99
99
313331
99
99
224755
270801
99
99
99
99
173389
429842
99
136869
99
219488
61316
42422
37275
99
68213
99
64883
99
99
99
64149
1167
99
537140
99
99
126637
99
99
48071
352247
131894
385781
218267
99
99
127417
99
23155
437964
11229
5803
161559
115657
5147
99
56736
99
443235
99
41222
341053
59404
99
13791
99
246263
359464
99
165126
99
99
99
204700
440673
156741
99
99
83779
6912
45063
487076
170974
10284
348954
99
51906
99
77879
445464
99
10198
150841
50594
99
90
