99857
274960
395276
99
99
99
99
99
99
99
99
99
106899
43673
99
99
99
99
99
99
95
239674
99
80626
498520
99
99
67486
99
99
99
99
38719
99
59567
99
543078
17802
99
97
99
96
99
312997
13577
99
272526
99
39560
99
57775
99
99
2259
99
99
3704
15296
136558
307162
18998
90775
98
99
63418
99
99
93
99
214820
98
103284
3526
99
76740
222136
99
99
251268
180352
99
194114
99
50494
118806
99
99
1587
83245
99
99
99
217481
120944
5471
111851
127085
66928
212234
140740
99
549
99
99
99
66214
50342
99
99
99
22741
99
99
112687
99
98
99
37148
133314
76342
359276
99
445362
99
99
99
75215
25177
20430
284358
99
406752
99
342908
54523
187262
99
472178
99
99
99
99
99
99
239836
99
482144
99
168991
504536
89403
59100
209944
99
99
91049
223397
99
99
386575
112780
99
17993
99
99
1388
48248
133010
298314
99
99
99
99
208774
381010
149702
266366
99
99
99
58633
2383
99
387130
99
28825
99
97
99
139868
99
94206
131097
113522
99
11530
99
74741
70430
99
99
99
98
175879
99
99
308186
99
99
149104
99
66646
257395
99
307024
99
99
96
99
97702
99
235670
99
125596
155312
99
99
37232
87989
99
416589
99
99
99
270364
99
99
28817
121353
296871
26912
135664
99
99
122484
414590
2694
99
120972
54733
11795
99
220243
99
178468
99
42132
99
86342
99
223898
99
60024
44843
99
99
99
25020
65332
51272
61053
51911
99
99
99
244499
99
206090
89587
92
12096
86333
99
99
450
44975
103765
131972
99
194512
160578
99
208331
18980
176240
289098
99
99
13644
64044
15545
98
2553
255228
266495
99
99
99
30302
99
151506
104631
119121
99
559966
15073
45442
99
148682
253586
99
240339
1266
323675
99
211134
99
99
99
99
48928
239721
187049
99
402323
99
297662
99
99
77219
99
73337
99
99
65920
99
411741
25203
96200
99
195985
99
6459
99
99
502022
148619
99
3505
407539
99
99
99
99
495728
99
138125
99
99
99
531715
91047
509830
99
99
99
99
99
11047
99
99
156145
99
165974
99
32986
99
99
99
99
316384
311017
546260
99
154611
249641
129074
99
410878
99
99
99
99
244342
7277
49848
178130
13560
345789
99
613392
98
178592
233177
60559
101538
99
48217
198732
14281
431567
231220
18584
304017
99
230402
99
165008
8922
99
99
254752
99
474875
377567
14321
95609
99
70475
108969
99
99
99
246738
99
171814
43672
301
99
43854
99
99
312186
98
99
12578
91792
99
99
276397
99
85227
3257
99
99
135454
271462
296344
99
326829
98
99
195382
99
99
13649
99
99
99
99
262297
168727
99
465859
99
99
93833
99
100194
99
117459
99
99
98
205017
99
99
99
99
99
53761
99
99
157696
36976
99
525129
99
99
99
107023
90713
99
108538
18413
206770
99
99
99
178794
99
99
275878
127795
526062
99
109083
99
76575
99
99
225846
99
99
99
99
99
708
99
99
99
279963
99
136327
283154
254158
99
293302
97
98
99
99
99
420414
98
99
57435
99
71603
24036
99
99
99
99
99
99
135242
99
30033
341553
163113
99
99
99
99
98
99
99
8247
99
263224
77268
71802
34012
99
99
221
237103
99
240117
99
99
4923
125438
99
37379
10283
99
99
257329
67977
221681
99
36808
175945
22851
237671
99
99
99
25629
99
99
99
85808
99
239368
98
300156
23493
99
99
99
8122
16803
99
99
279289
182926
99
99
35812
99
362020
171919
78110
99
99
99
430536
251746
6229
99
99
99
99
9651
278984
60776
99
99
105753
99
99
99
98
54911
39940
301463
57827
551658
381080
99
99
99
99
99
99
99
53346
99
99
99
155759
99
202425
99
19148
99
56899
99
38595
71825
105795
261323
66359
264958
99
266731
99
90196
109209
99
99
94
99
99
18698
127178
49270
99
99
99
26938
99
280040
99
34895
99
73920
301747
99
99
233802
378587
262180
99
529739
35060
37118
99
99
99
99
315751
99
99
53814
277037
99
571113
210492
99
99
99
359778
18908
86390
99
99
76595
49295
99
99
99
96
99
25228
99
96542
145399
202280
35871
21194
99
317173
351510
99
373612
99
77645
99
507346
355286
171896
99
99
15462
4945
188828
137848
99
10133
308788
88313
99
99
99
99
99
99
99
406743
340137
109150
99
211193
99
83309
99
99
111717
99
41667
1895
107475
169615
99
117143
99
99
88799
383653
99
162599
99
99
2839
99
99
15590
99
504600
99
13148
29669
99
99
99
486975
164004
99
10472
1875
84482
99
99
195840
99
99
99
99
90826
99
99
99
74688
99
99
239717
14371
190534
229088
137523
99
99
71753
24953
99
153730
242022
99
213479
532147
64196
154476
33560
59653
99
99
99
99
27850
99
99
30251
175993
99
303892
435133
525255
118746
99
99
12084
42761
99
99
281405
128066
39273
119878
99
349267
315092
99
99
99
99
29659
127516
26645
501782
61552
53301
99
99
99
99
104659
29055
199783
99
1252
99
100182
99
99
99
99
99
99
193306
99
311879
99
101881
99
99
405762
131242
323208
99
114166
99
99
97
99
45096
334723
99
91383
99
99
99
69748
99
99
111836
1330
3484
73524
99
189958
99
1182
99
99
13195
99
99
99
99
99
99
179156
148043
99
47642
46639
99
99
99
99
119836
99
99
99
65812
310970
99
99
99
99
166114
197995
11000
243520
257592
99
99
99
99
113105
26499
99
99
405896
99
270461
76158
99
118759
423449
143809
258810
16459
99
4507
99
94
99
91551
99
72617
99
99
163967
99
99
99
99
99
226357
99
324267
99
99
99
358742
99
99
242227
99
99
99
37791
99
99
49778
99
196678
99
99
99
79461
99
37648
99
117004
303593
99
99
99
99
313993
44027
99
443759
64696
99
143138
99
99
40142
99
119345
99
247292
99
99
166455
99
230603
126801
99
83720
203813
200391
548204
99
99
404590
293681
464740
99
298981
29459
99
99
39513
99
99
46026
39365
99
66140
99
65954
99
362625
172626
104452
99
99
17444
99
99
99
120559
85702
99
341518
32541
99
144140
99
243885
507224
226786
32053
95750
95
137732
99
99
43978
99
99
99
99
99
99
99
52891
8797
50170
99
99
8426
279354
99
23770
204182
99
99
99
13226
182431
99
99
373223
99
99
99
81611
207648
17301
99
99
216128
99
35042
184822
99
364063
99
264258
98
99
99
99
94
83467
99
143138
99
99
376480
18967
99
99
259359
99
99
252047
2998
372981
20306
64320
99
53510
99
99
99
301396
33460
48193
565286
99
99
99
99
99
82
99
99
8981
3131
10370
75832
64640
99
99
99
150168
107604
99
99
99
99
99
99
182111
430956
2826
203185
99
29120
99
150068
99
99
11858
445987
99
76444
99
137180
99
44100
99
134486
191397
99
166743
99
99
99
72390
99
1924
1518
99
14155
53951
99
22015
99
99
99
99
99
193541
393423
120291
99
105780
99
196100
99
241045
99
156491
35128
99
139218
99
99
99
64504
447367
104350
73586
213972
283137
99
38817
183527
491195
99
99
99
99
99
431668
99
418875
35539
63564
99
49261
156449
76125
99
99
99
41925
99
99
70767
98
99
99
99
37328
99
99
171739
99
118774
128237
99
576414
230028
99
338720
113595
253504
97667
99
165
99
217729
3003
99
14834
91745
99
18944
99
374406
216432
131980
485795
99
99
99
10148
98
99
99
99
99
88
9586
99
189360
280036
288402
241694
99
243813
164213
99
556116
99
99
48461
144767
99
25225
99
100869
99
355061
99
94
99
373349
157329
99
99
99
366903
99
226081
188267
99
209673
169564
99
99
99
111814
99
39
113943
1253
99
129013
423333
99
99
244010
10468
99
106389
105314
99
337679
97
281843
99
11047
99
454685
99
99
214103
5364
99
479008
99
125955
188184
305975
184416
7491
19394
25823
99
99
198293
368828
146508
99
99
99
161670
11390
99
99
296449
99
1485
237180
178593
99
26137
74035
342305
318
111605
99
99
36122
42648
99
99
44818
99
99
352589
239514
99
99
401957
4210
99
99
99
224607
54783
99
258558
105371
99
104721
99
99
120654
147511
46413
14766
99
99
20523
99
429885
372222
99
21744
99
99
99
14451
234998
99
299463
337935
99
99
90657
99
2880
99
99
99
893
99
526287
99
99
65739
99
99
99
99
99
331415
99
148748
99
99
61620
94116
99
99
99
1287
99
99
99
350178
188335
7632
99
99
100655
99
534646
99
99
99
1483
99
167428
99
99
5717
149
18689
99
99
99
248915
239974
128313
99
21702
99
29542
99
57541
99
142358
99
323217
88668
92632
8989
92
439743
99
32642
99
65023
363172
99
99
13832
99
325222
18074
99
99
99
99
99
99
407048
99
350753
99
214541
178258
242096
125
65980
325554
124869
40158
208128
22518
72556
99
452090
402924
3022
99
99
34791
99
201
97586
99
99
1951
28569
238112
63746
99
99
99
99
3345
137851
99
455555
415575
96360
83960
2589
259626
99
354656
254150
99
425981
99
14102
99
99
99
259315
73736
6231
99
92607
99
256174
63142
99
99
27393
189410
99
59872
99
169510
139101
206209
324410
161630
99
546968
224068
99
99
99
99
457951
167142
211683
1796
99
99
68171
99
99
166928
378437
115910
78166
98
274002
99
424619
40009
99
99
3256
99
12835
99
196490
3474
282088
99
99
99
105176
183084
63778
81501
99
99
43074
99
165071
99
62618
99
99
268531
99
111823
438365
99
257362
125842
99
505772
465835
99
24545
99
36373
99
99
99
99
99
281301
99
418407
98
75894
99
380693
23935
99
36704
38073
82616
99
397078
73621
99
99
3318
55
99
99
99
101793
38919
81792
99
99
99
268341
131601
99
99
99
26723
81603
99
99
99
219350
98
99
107187
99
363339
99
148958
22000
24
99
8909
82496
98932
48902
226562
99
99
22349
99
96638
99
99
99
99
260680
99
99
5411
99
99
99
194021
99
99
99
1968
99
198265
99
230408
60327
99
111289
357781
109210
18244
99
99
227727
99
335479
305804
99
97
99
99
517859
9770
99
99
45586
99
271541
99
99
99
283814
76806
414374
293468
355288
98
99
312588
99
73626
99
76106
99
6749
393958
38674
99
61323
192223
99
99
99
335005
99
99
26590
347633
99
97351
99
99
99
18719
93672
99
99
303375
99
99
74254
98
162994
34466
192754
99
99
99
267425
99
361929
99
70
195925
43197
16770
99
99
99
99
583
99
99
87664
99
56283
99
99
99
401745
98
96608
99
99
91798
99
99
99
100869
99876
99
99
19660
59497
412129
223850
99
154295
99
172796
8116
266924
91269
530601
178508
99
99
186481
99
38097
99
99
99
290046
104047
30219
99
401538
99
99
99
99
223975
333429
99
99
291927
75529
99
167321
280322
140953
51619
99
549491
99
22213
6548
21485
141480
99
170414
7550
31596
99
99
99
62844
99
7192
99
99
243745
99
114814
48992
99
98
319
205276
328600
390696
206681
17307
99
99
204444
99
236077
18331
127636
99
99
176261
99
337276
18982
5546
99
99
99
99
99
99
99
46334
99
99
223619
10668
99
46324
135375
99
12416
99
99
99
29394
136293
32708
34607
99
10119
191112
99
50973
99
24970
41
8706
5615
99
99
11671
1400
99
99
99
99
99
128844
99
448766
99
99
99
350180
512124
99
440701
302328
54240
19561
99
99
578551
172375
99
99
99
99
167066
51705
275475
62161
30698
99
301413
403189
224957
99
99
99
99
99
99
68145
108886
2603
99
297903
99
99
182664
99
224531
99
99
99
98
185230
40993
99
99
137000
99
99
99
99
99
99
299161
95
99
23662
99
99
99
99
217374
99
458983
55250
13958
129050
379205
99
38176
99
182473
99
40565
98
98641
184306
99
428228
99
459935
187241
99
7858
183145
99
29601
146868
305391
60
407413
99
207556
20000
17489
99
86715
99
99
182164
256484
11449
99
99
19452
30325
99
346769
98
10444
25105
99
99
99
99
99
384469
99
99
99
99
99
298308
99
118635
99
99
53324
99
99
27326
99
99
99
99
505447
101383
99
187723
17824
99
99
99
99
99
12649
99
21835
161105
99
666
99
8644
88324
267330
287375
99
96
99
99
99
99
99
99
99
339882
99
99
7361
27818
99
99
54580
99
10387
99
99
99
99
99
99
99
98762
139414
99
94
99
351136
374293
99
163928
99
99
99
99
99
99
260304
121514
182049
117804
99
99
99
99
99
99
99
99
89328
209572
139521
68158
22497
194273
99
38910
4528
630
170898
99
99
99
99
99
99
99
340854
99
93172
99
66519
99
99
157614
25189
191160
99
99
99
439980
7066
65328
99
99
99
99
99
99
99
99
99
181437
99
99
99
99
99
482709
99
99
99
99
99
52738
172245
99
98
99
99
99
246109
99
178528
99
99
99
71177
99
131889
252965
224926
160336
264387
99
222178
82335
99
99
75105
464366
35565
564498
99
18009
99
99
16896
172446
99
99
39153
30693
99
99
99
59429
99
26064
231589
61762
405583
308098
114059
99
99
99
98
10911
99
276035
75804
17811
421292
99
546209
409093
39791
99
99
99
14557
99
94
99
115079
400248
99
51993
264422
99
140395
64664
99
264990
99
377884
80656
82151
99
166631
99
26560
5583
99
113872
99
91
347266
21931
99
312423
99
99
114820
99
376857
99
99
195660
99
99
42021
99
373135
136397
59271
74025
99
46378
99
99
313335
99
25729
350726
99
99
99
539287
63183
121309
42857
99
80838
362285
131526
99
99
99
99
99
99
36475
99
99
182125
130554
99
18771
121405
99
99
99
99
37351
140136
410349
319909
99
177474
99
109604
151424
337723
99
99
45647
98
51472
99
242930
149837
47622
98
211601
2830
99
96211
99
505515
15415
14044
99
99
99
99
99
50830
99
220817
38136
20065
141988
2870
350740
72229
55915
385454
380052
18388
192025
9387
99
10847
99
290264
99
153972
99
99
248284
221149
99
32339
14130
99
99
46139
81304
23505
99
18739
99
99
215289
99
491268
142730
99
99
51962
165781
184764
99
525802
99
99
99
99
99
99
99
2983
99
99
99
99
99
99
44341
99
99
236711
99
99
7918
3587
99
216091
240582
99
99
2096
99
307620
99
283215
99
99
35746
79507
99
10685
99
99
99
236626
99
99
410031
155214
99
96961
99
265658
99
99
222525
163496
99
99
99
99
168651
73072
347848
19273
99
127193
99
99
99
99
479452
99
99
99
110640
89091
99
99
98
99
99
99
43702
99
99
99
97
279808
99
99
99
189532
99
99
99
99
99
92609
99
99
5383
39034
99
257187
180907
344539
94982
312584
434840
130750
99
99
99
99
30670
99
227361
11583
174063
181959
188007
99
99
99
99
99
99
99
99
30760
78158
99
99
258869
16405
99
131108
99
99
394527
99
99
99
3493
19889
99
290828
8550
37813
99
384939
160439
5873
99
360728
99
28793
160082
99
372709
99
99
47511
67476
99
243535
180864
36727
99
99
96
232289
99
436474
99
99
155153
40013
99
98
99
222327
124352
36603
209122
681
5691
99
99
99
99
95
99
99
99
171873
214216
99
99
99
99
264147
235165
99
9983
374451
19078
34046
293564
99
131747
1103
99
99
16245
99
99
99
99
251185
72955
39355
99
93112
297798
99
99
56404
27446
334476
160594
38329
99
99
344634
158929
99
50821
479316
92992
99
99
16994
99
331749
99
99
99
99
50374
99
99
457025
289800
99
99
235415
99
141485
99
45203
99
99
130158
99
70684
185642
198954
99
99
69786
72903
176622
99
99
182997
99
99
34993
99
99
99
99
180260
122379
226233
282185
465824
99
99
75922
99
99
99
74242
21847
148980
41537
99
99
99
362212
393972
65948
99
167911
355227
224678
106002
63788
8626
25968
99
150356
11124
286817
294690
251764
99
385700
247221
37963
323963
121323
99
99
65482
99
99
67193
59555
125793
35569
65631
306512
52043
99
99
99
99
1349
99
257441
99
99
201386
46805
169456
9288
42106
365726
521826
142604
75249
226900
99
153773
99
48955
35692
510883
102242
31434
77
208540
22075
269006
550520
99
91539
99
99
99
438448
181700
297541
246499
99
413841
99
498562
99
30450
26565
99
99
108202
99
186174
99
99
99
513665
99
227656
99
99
31342
101890
66615
251657
99
151588
9704
155689
99
162128
52416
99
99
99
34010
99
106525
27257
99
114606
132453
99
99
119552
56232
99
205372
511441
99
82507
83725
97
99
199248
98779
99
123799
99
156641
162536
99
205604
19153
99
114545
472318
99
99
99
99
99
99
99
99
187713
260953
146501
43098
13412
325583
282634
99
99
43
99
129296
99
99
333976
99
99
99
98
4903
99
32172
65347
99
99
318537
99
99
536083
121525
99
99
99
11547
2744
92388
113719
12104
99
99
99
99
49484
99
99
51171
99
99
99
99
99
99
99
99
99
97415
141215
369089
99
99
99
510522
8383
310075
418168
99
99
99
252141
368624
25974
366268
99
99
99
99
25169
188868
99
99
328132
99
99
99
99
6886
36061
99
472098
99
330904
99
99
14973
99
440257
16414
99
5145
98
99
54918
99
91332
70430
9842
29979
382412
90805
193263
99
99
162213
152282
99
99
208422
145670
99
99
114223
183342
40639
99
91646
99
28052
6847
99
99
99
341373
465862
119383
99
99
98
99
99
99
99
99
99
70359
127792
132096
99
98
99
137812
99
99
308493
71659
52452
99
99
99
246593
99
114387
99
102093
99
99
198350
99
85923
14505
69024
99
235907
528944
45341
57912
99
99
409584
99
112876
99
99
167525
49882
108365
99
99
99
99
99
99
1178
99
63779
139257
99
29079
125099
137079
99
99
99
6339
99
76333
99270
80077
189196
99
2261
21564
99
33533
75683
99
111576
99
39444
31981
99
85055
99
99
158005
69986
99
99
99
99
99
4585
38494
99
99
359201
19286
19572
46992
99
39466
99
126299
60281
99
229518
99
99
99
86784
99
99
99
62135
163294
405665
99
99
89452
99
68639
99
99
99
296223
99
99
99
427843
3337
154460
99
99
99
143715
116750
99
23427
99
31978
94
99
99
99
106399
99
158868
99
445854
107840
99
99
98
99
150419
99
99
364676
11436
99
72028
99
99
26494
41591
101154
99
99
13342
178079
41895
99
99
7111
99
99
99
99
105176
87603
77626
99
99
99
99
99
346402
84
142289
99
99
167823
99
263940
110493
99
99
61687
79482
418660
282135
99
186918
99
99
99
99
99
99
99
99
99
102349
99
99
99
33237
99
315460
99
99
548768
1036
99
90
99
99
63623
138309
99
99
99
99
99
164437
57536
99
99
99
76657
99
99
99
99
99
234787
99
1005
191416
99
99
99
15037
472746
326194
241623
99
99
99
183612
99
449879
75078
99
99
61641
284894
17660
99
49744
5619
99
168319
99
98
247536
509647
99
99
196956
99
37249
3218
99
117495
412202
4349
6758
129129
94
99
99
343629
88224
10013
99
99
484256
99
99
99
99
99
388661
46874
99
99
515279
17734
262965
99
99
90848
98
99
99
99
99
123249
99
274739
99
99
99
236768
60578
242027
21200
99
99
69754
295127
99
168976
99
99
25486
98
301705
80325
99
99
270719
102591
99
143937
99
89884
6701
99
13720
242154
99
76016
99
99
491973
99
406466
98818
272245
99
258228
99
318232
208104
431445
44511
99
99
99
99
16497
39097
94
208819
99
99
115641
99
407375
297247
99
389389
52856
110951
99
99
98
163096
99
226246
99
443188
113174
131052
116685
99
99
98
99
99
241266
140860
27052
199121
99
99
238318
99
216266
185540
109791
31654
99
32716
253987
99
99
40959
99
93
315397
123248
99
210826
99
327286
175273
23487
99
99
545127
59628
99
99
99
2169
99
99
54336
99
244970
468131
99
99
50370
6652
99
99
99
99
99
99
99
99
99
107577
541382
99
99
47095
99
121918
99
123047
36917
152443
98
99
272433
99
185613
99
429237
41621
94807
217769
99
84244
99
93427
27243
99
441230
99
91068
261743
18965
156068
95629
237501
2126
99
194408
99
98
99
34195
96
41880
99
99
270880
9380
377999
99
99
99
99
8439
38218
99
99
21939
99
98
99
273830
570317
99
99
97
156814
99
99
217520
99
43115
155567
159104
99
99
259282
99
99
99
99
379790
28425
99
169882
99
129813
99
99
11579
99
99
10078
99
99
543211
251913
99
99
45186
23298
93
51513
99
99
417028
423190
21307
27196
64907
265966
99
362980
99
21599
8342
23332
491475
99
29598
98
29424
28279
99
158683
99
99
99
99
99
454089
369808
8931
335945
58396
4500
17343
38908
21149
99
294829
46672
99
99
432011
110646
95
99
364507
194464
43354
99
99
97584
159992
99
99
258422
99
99
98
99
179293
99
98
283353
99
99
62578
99
99
96
199172
99
99
99
99
14516
14697
99
30009
150042
225381
282867
533012
33111
10262
238269
52615
99
32259
99
99
61710
99
99
25333
99
98666
19851
12121
99
186562
99
337163
99
99
99
96234
339705
99
99
99
530612
99
99
455373
99
393456
99
99
99
20195
99
99
99
90767
99
61944
5395
373725
99
272540
99
92155
208432
99
99
99
99
265327
7937
32061
99
99
110808
5090
99
97
43676
68082
99
99
99
427721
409593
99
166582
99
305824
41391
99
28735
99
97
99
99
99
99
99
99
99
294301
78304
99
99
5303
8820
99
99
99
75648
99
25612
99
87606
99
37743
99
99
1806
281628
99
57659
296977
99
328946
2377
312120
139707
98
99
349
99
117057
222180
99
71116
373809
181864
75180
21157
145529
99
5584
385801
99
99
99
205512
99
4652
7382
99
174239
242521
6242
99
155147
7751
3811
245294
21781
99
99
98
3242
99
92797
99
99
98
99
52250
69087
352109
99
99
521931
99
99
31375
275035
34197
20890
99
91815
99
100557
93982
160744
99
99
223480
99
99
99
99
19825
110237
99
117080
356547
7110
227161
99
35727
99
79348
99
99
118729
99
99
99
154722
318126
99
140744
99
99
3782
99
99
99
28841
307405
30819
406547
414194
99
470310
99
27744
99
95
99
356781
20036
99
61117
131092
30372
99
25721
103858
213697
99
192512
50600
9104
99
99
80360
99
99
105905
99
99
211762
5132
204856
99
238795
421734
99
302661
30538
47821
99
55063
108520
501984
188439
99
331357
99
99
99
99
29864
99
99
99
99
99
136470
58219
99
99
99
99
49325
314839
170910
338877
172628
99
131331
99
188348
125291
261432
99
382430
98193
99
99
247756
99
99
14909
269983
99
160733
99
99
100059
99
128245
99
110114
99
83762
158977
99
98
79892
24032
99
103235
33185
99
99
229739
99
230521
99
99
99
225553
99
121939
433811
99
86642
85537
99
99
99
99
99
325153
58026
271586
99
42109
98
99
99
99
99
109327
99
210547
99
99
43617
39034
99
80268
472787
42516
99
19797
99
99
99
99
99
99
101304
99
240007
22282
99
99
99
490256
81127
99
521847
99
226221
217775
98
99
1788
99
99
99
280460
185682
161917
22292
196472
99
21414
225444
99
19264
117194
91907
99
225507
140380
99
116527
99
175809
99
171249
99
55159
427864
99
91382
99
327578
99
99
3338
10541
99
99
257173
99
99
99
99
99
222055
417004
99
127315
99
54544
11355
99
168875
99
99
447088
5875
99
99
240014
258787
99
67438
99
38679
99
99
18802
99
244362
99
99
99
99
99
99
99
32863
99
99
23637
99
575798
22440
72371
99
99
99
99
99
99
99
10311
564877
90466
99
505872
99
99
99
99
99
82944
99
95
99
99
215906
285221
430561
123182
99
99
99
15999
61378
415826
1426
99
99
99
99
61542
415814
99
219469
99
113189
99
612719
99
72537
99
46101
414431
146171
272359
99
25944
99
122701
99
210187
511589
8601
300456
95789
99
99
96447
99
214571
99
354093
280290
571
99
166376
199881
99
99
99
99
99
99
11180
7280
99
99
72986
99
48354
99
99
236246
99
131
149840
99
99
234548
99
99
99
97
174268
99
25978
148894
40852
99
20321
99
99
382154
99
212987
99
99
28783
99
99
99
41651
109558
1334
99
102735
17328
8622
67520
99
1779
380759
99
99
162669
83855
99
99
99
67853
99
42550
161818
99
99
99
281690
99
147873
99
410279
98
16884
99
13071
85034
96961
331253
52233
110616
98
214245
67198
99
98
41412
88098
32178
84125
338582
12653
10207
273247
205
474095
99
99
99
99
99
99
99
99
99
65368
167115
98
99
443283
99
99
99
275982
99
99
368317
99
99
99
300112
99
99
99
99
99
99
99
48096
99
99
123517
495115
99
294114
99
99
99
211152
99
99
99
99
76517
99
9175
13528
99
91867
6290
99
99
99
58679
38410
99
99
125339
99
99
99
42454
40117
128913
334539
128672
99
99
179259
99
99
12064
96
99
99
130202
99
99
99
142481
99
81128
99
99
99
99
13812
99
65984
99
5379
4963
310737
17010
366805
232819
99
199853
237093
99
2842
38851
99
507974
99
9970
99
99
1173
78489
117694
162765
203970
304460
99
99
71035
8506
99
142952
99
99
242684
245040
123537
99
99
150087
99
99
99
58679
99
99
29557
186870
99
190015
99
99
99
99
99
99
99
99
8810
369118
99
99
99
42090
99
99
99
99
66381
360642
13385
99
455512
99
337537
290554
477040
98
99
99
77231
135639
99
2968
99
189440
99436
13342
99
99
99
99
102510
99
99
467217
70478
99
99
21687
99
468249
99
226060
99
383421
427771
29428
99
99
210291
99
99
238255
36877
305810
143785
15011
240159
99
86041
99
99
200512
134170
86438
99
310423
34505
51729
22095
213338
99
99
34847
59404
99
99
142543
99
99
99
394467
70652
99
33186
101240
514601
99
99
99
99
99
99
52646
51131
370457
115271
99
75036
99
246319
127323
99
99
99
99
102533
173561
99
99
99
50220
99
99
99
29592
99
100601
99
99
136732
94
498125
99
101204
99
99
99
99
156581
99
99
76983
68603
19457
52240
99
99
99
99
182193
148775
412131
72952
99
14119
268847
80025
99
6710
298550
39413
3857
30527
99
99
22750
99
61157
99
99
99
76911
100876
240811
184050
99
112737
8275
99
99
98
99
99
53961
166296
99
99
54161
12676
99
99
196798
98
99
411688
4034
99
524992
99
99
99
99
56824
99
282156
95908
18222
409547
81980
275809
99
27687
221630
25683
109171
157969
11236
21173
99
99
99
179187
99
17715
99
361136
99
203434
99
61376
272000
346274
59181
99
99
99
337129
449514
256995
99
401798
318208
99
139858
11352
99
25084
99
99
99
32481
99
101133
99
427053
14692
99
269679
19268
83379
99
99
21653
99
17325
99
5253
99
99
12028
99
99
1394
99
107186
99
364963
15759
370301
357754
177717
99
99
147790
16443
99
48572
99
99264
99
167265
99
99
87591
174635
7929
432020
392261
99
99
99
99
47773
99
99
98
7558
1556
87773
99
31463
332857
48875
90438
73827
99
99
132016
137214
99
99
3733
2849
99
32980
99
7254
99
42100
42386
360185
99
172945
429253
99
99
7831
99
27047
12727
29937
182654
165191
54230
99
99
99
99
99
99
99
99
144290
99
274144
99
99
115571
200015
39299
292699
99
99
7451
99
99
1276
99
1779
99
105672
99
199922
274833
99
99
99
99
100349
99
60192
99
99
99
52030
415766
190948
99
99
99
110727
108199
55648
197520
99
266024
200594
99
19825
32789
99
4397
91848
165272
99
44743
442310
99
99
91
99
25808
99
139254
99
20275
99
108435
99
99
99
68992
94620
99
99
99
277833
168438
40533
99
99
99
180557
99
130763
99
87986
99
99
110318
4581
99
84
99
153876
444231
216699
45358
114769
385827
98
99
99
3129
99
99
81610
114509
315970
98
99
99
99
13975
341747
493524
99
22797
33395
120692
99
99
185437
99
231062
99
99
99
145752
437042
98
99
99
99
98646
99
183813
99
366211
204564
432033
58607
44939
2912
472392
139078
99
251020
288131
43159
79547
99
116326
99
586199
1249
99
99
112758
99
533428
30887
99
251487
12916
99
99
90778
4036
92601
99
7923
99
99
342000
99
87
284862
132294
127754
99
13724
186094
107531
99
375878
99
169420
134545
105615
443686
184236
99
99
99
99
503863
46807
99
6869
351227
16113
7170
99
99
12755
99
99
99
53931
99
99
99
281420
336359
10383
99
99
99
281998
99
45531
64804
105833
49709
99108
307840
99
99
5517
99
36249
99
99
99
99
123923
99
96
222940
294136
99
20309
99
387816
171385
99
244482
356784
99
89252
99
99
99
99
98
99
176462
384646
99
99
105125
29136
97434
99
34272
106179
99
99
99
44622
99
99
6505
18221
99
99
99
99
5951
99
90898
99
99
99
99
59085
162573
99
98
198012
99
99
99
525997
99
58753
4097
99185
174571
77027
300871
71766
99
160581
208512
76990
152449
99
99
162640
99
99
439029
99
99
99
85487
236170
82658
99
99
99
99
99
155483
54663
99
99
217529
99
209822
120336
126724
99
98
99
25851
502
214043
47146
141614
99
50656
99
99
99
99
9437
99995
251267
99
99
99
70246
99
107513
19597
84571
32980
99
374223
222442
99
99
99
410185
53707
39305
99
99
12622
74261
99
514330
280575
211277
14328
439921
99
99
99
99
84495
99
99
99
99
99
77120
205455
189590
141571
87595
238695
99
315231
10321
125945
264304
99
99
99
99
108351
3068
406808
248499
12565
381577
206797
99
405988
79778
45818
99
99
189277
69899
99
32884
59209
99
99
312493
99
98
252000
12947
99
38748
107205
94027
174797
99
222858
409942
508017
99
99
99
219937
21742
99
99
99
99
173664
99
99
111948
99
99
99
311082
99
99
47439
132458
99
32749
99
125478
53738
99
4182
11002
99
37030
248297
231992
63423
99
99
99
93
99
285213
65099
99
2849
99
192364
99
27851
111359
14367
148464
6537
99
99
99
52071
99
124336
99
86067
42461
75156
9397
206714
342289
106299
177408
141159
95302
99
99
330999
38956
80844
125730
176877
416762
110354
99
99
70920
43621
99
213031
61981
99
553408
99
99
99
99
99
115654
60620
99
154625
225618
86599
99
437618
3938
99
99
99
502179
99
254936
23905
212695
99
99
99
67323
71561
203462
53839
254616
482
99
99
99
99
99
173390
148055
99
15120
5910
99
99
73084
99
99
2567
99
99
99
99
99
99
99
99
95
298289
249115
236865
99
7671
99
26615
99
99
405878
374532
157081
31205
302712
73344
162080
99
122549
304675
99
99
99
53529
118462
12022
324164
392062
99
71395
99
194792
99
99
99
99
299127
99
99
87376
25685
99
99
12331
589388
99
46489
97
99
236393
90
8907
99
99
99
99
41356
86865
570017
14751
148909
283864
17539
504583
392623
40931
280556
150821
282746
36330
104094
99
332031
15693
157665
99
99
27230
99
99
85292
99
314798
19837
520706
99
129722
99
99
99
99
97910
167571
32281
99
217010
99
20436
99
46656
99
23699
6871
19364
42439
195415
58582
99
99
99
149678
99
91640
376151
533538
99
99
2774
99
84
155306
17143
137922
99
99
58927
39
99
115312
118021
15980
220956
99
194986
37009
99
99
99
163100
181277
99
65737
413081
327886
74228
99
91135
99
512
452384
99
188892
244237
23310
63283
34423
99
19926
99
162594
99
131505
99
79926
99
54881
53430
41168
99
99
73294
99
157100
210178
84842
275499
99
99
22881
516075
99
99
99
99
150151
99
204356
191388
99
243874
99
54661
32504
99
148323
99
107033
99
216811
100042
99
98521
203561
99
99
103561
116808
100055
147960
499423
99
99
99
409802
411780
99
99
99
49821
99
129594
30270
99
99
70011
79912
99
99
166621
99
99
99
140396
99
99
99
99
99
99
99
99
99
223149
508265
99
99
445155
99
285201
190067
177395
99
45554
147985
99
158336
93171
83516
99
52425
764
290550
490215
267507
99
19318
99
127565
99
5435
99
184400
183416
17108
47379
99
99
99
99
189652
9924
99
99
99
99
248492
99
57216
217700
99
290526
203843
99
99
60025
285830
99
118218
111070
99
327
2845
114048
117403
13707
99
381854
99
99
99
99
241115
385247
418809
338510
80699
99
24248
138178
7189
99
124694
99
40733
99
359419
99
99
99
99
109913
26402
99
98
99
215420
99
305438
97084
99
99
20251
128353
99
16238
99
99
99
80006
99
99
79662
43459
88648
33651
99
99
299180
124271
16896
248517
202382
98
15461
99
136386
141483
99
81111
63386
99
99
115556
6667
124976
45901
99757
310978
99
99
77373
99
99
311889
293295
99
99
231531
15958
99
99
99
81636
82082
5130
99
99
99
242040
143842
99
210962
99
190889
45512
216414
99
217781
99
99
99
238240
186417
99
99
210972
99
160836
5131
99
99
163296
99
127398
99
225270
238388
99
142218
96
73836
178287
99
98
99
99
99
24039
99
136889
445791
99
15770
48271
99
99
99
99
339564
8287
25933
156363
99
99
533775
397248
99
225927
16827
16877
99
99
7418
99
99
455637
99
102490
238523
99
99
99
191564
200813
130116
425773
99
41189
9631
99
133498
99
288805
180151
99
99
99
214009
53653
99
86723
294094
138634
99
99
99
219881
99
99
285276
99
99
99
99
10848
99
80121
99
370834
99
99
82469
99
99
142797
28301
99
69885
22753
99
99
99
77088
99
571015
424931
187267
159551
99
99
556737
99
280426
83357
99
463972
99
115396
21123
99
39141
99
99
99
99
99
99
252555
33228
99
1742
99
99
72515
19688
99
30176
99
99
85198
99
192020
136499
99
99
99
99
99
99
54732
99
33512
99
99
99
99
99
52049
99
105947
99
157
289647
99
99
99
99
320633
183001
48743
99
385597
129911
8262
9329
99
96
99
99
99
424155
244986
343301
96522
99
94256
99
99
65737
35103
349378
374289
36948
99
288424
98
99
19361
99
99
185665
99
99
244445
353451
330224
237342
99
99
54258
99
99
99
67508
4918
99
210443
35909
99
99
400213
111880
178684
99
99
19011
139565
2197
12563
50143
83661
99
99
188464
99
99
45239
30325
99
202807
99
174293
17165
50326
190757
27017
134981
99
99
99
99
99
99
22124
84
4192
99
99
116291
204214
229780
264652
99
99
76776
99
99
99
6941
99
99
17345
62720
99
99
258652
137710
99
99
426023
485448
99
22354
220071
322217
99
99
99
99
13626
99
22850
453278
113706
99
145669
99
7179
99
27943
99
138847
60926
99
99
8810
535318
18096
99
132370
29792
64135
99
99
65526
410870
99
99
148154
4494
99
493814
99
320901
56861
121904
109282
111874
3190
221446
288113
447354
135723
69548
99
379101
24807
2649
250934
99
99
38857
99
145312
275466
866
95280
99
99
99
199723
99
61120
99
99
67760
201061
338542
96060
3417
99
201511
99
99
99
3567
99
99
113092
316168
180306
376920
99
99
99
170309
99
55568
99
92
193319
123858
99
483255
82136
99
66956
302248
99
99
93586
99
194644
143010
27910
99
99
99
99
98349
10455
42617
67704
99
10440
157006
53304
99
115052
99
234841
99
24785
99
99
99
99
99
99
20382
182494
99
99
99
99
99
99
99
99
99
294210
6554
99
99
54609
99
37204
275933
462415
141979
99
99
99
99
99
244655
99
99
93289
74132
99
99
138458
99
2250
99
99
99
99
8941
94172
3145
99
99
99
450379
99
135222
99
99
327629
99
98
12979
99
493692
7847
156675
3825
289220
99
105730
497032
38532
12061
137703
99
99
17621
16353
99
332258
42911
99
85731
3389
99
5273
99
99
135117
99
91282
131577
79088
99
99
99
99
98
1880
99
63
99
252601
5618
232174
99
99
99
206384
109978
99
99
334584
114357
169940
139109
247278
84306
2634
99
99
99
274266
99
99
99
99
140901
55299
99
99
123571
144682
99
99
99
99
99
99
99
99
99
340805
167466
74146
82455
82896
99
209113
79913
30072
188380
99
140267
99
94478
99
5867
99
99
51785
184378
99
554346
288453
99
99
187251
390076
47202
112820
116558
99
96
99
99
99
99
99
99
239987
35279
206257
16770
38157
90976
59328
99
71332
16578
99
99
99
68824
153841
99
21592
99
480648
97508
149548
317972
277045
99
30517
294528
285155
99
320526
99
54494
159851
120305
106497
10743
99
99
99
99
99
27735
99
99
78384
99
99
317082
1386
244582
99
99
99
99
521620
99
1045
99
98
99
208419
99
10040
3928
24595
99
132100
342305
99
244710
99
215242
99
94534
99
51590
26958
99
396324
99
277748
86119
99
99
99
180480
20755
226695
99
99
53091
188
4421
99
49831
99
86850
99
99
99
85463
99
153146
99
99
2285
18423
45557
99
99
393503
152778
7722
99
99
55423
99
99
99
15547
99
99
99
99
99
72978
99
155975
370032
546560
99
62518
83182
292190
99
99
99
99
113318
99
99
99
99
91026
99
487497
25709
72148
99
99
99
99
99
559345
98
75907
99
87261
99
99
385565
76469
99
248468
252452
33347
12466
314427
99
478678
99
99
28904
22969
413931
99
