99
96
11644
99
99
78841
159945
99
97
99
52227
23955
66672
99
99
99
99
99
99
231804
10556
99
99
98
38794
99
99
99
173396
10466
11750
99
99
99
115756
99
99
99
99
99
99
99
99
407491
99
99
210842
207033
232080
99
130093
20415
249346
29582
99
388134
60
5419
96722
99
99
263644
343639
215715
99
10078
63921
99
395246
99
99
99
211598
99
99
99
544225
74207
99
99
254658
534178
227758
99
139837
335893
99
99
33253
99
178917
59357
39355
99
99
60351
99
99
198038
113702
335486
96
99
99
73
99
99
205398
417429
22972
99
179991
204963
41513
99
99
99
99
99
99
99
175213
99
40842
10337
400870
99
38079
70812
115499
338103
303615
6058
8065
178782
130783
72620
99
99
99
99
99
31288
99
99
109625
263497
265672
99
116285
99
223395
99
125752
130308
99
99
99
124620
224043
255492
63595
31268
99
99
99
99
401024
99
99
99
102611
5071
99
99
99
99
125856
513602
99
46881
130876
99
99
99
99
355383
99
379879
83222
60545
99
85524
111485
99
99
99
99
99
99
270759
114533
20234
31145
80
99
99
29133
99
190693
99
74729
99
99
458647
99
284992
1814
46391
99
99
99
249482
95786
10540
99
99
304536
451599
99
35320
99
36625
431638
99
99
409844
77748
89334
206861
61453
99
115504
99
9452
99
263773
99
99
2378
99
77932
71956
150251
99
31192
554222
99
21560
99
99
99
99
141750
136981
310028
99
106245
93601
99
99
76588
118121
99
98
440703
99
99
92502
149337
178226
99
282696
211546
99
31160
22326
156208
99
252738
191378
253094
146416
124285
130763
99
99
99
43720
99
99
99
99
74068
99
116021
189509
264147
94769
429176
171426
226665
93
14510
99
99
99
99
99
186383
127398
108511
99
31689
99
205410
301500
86298
248635
479983
54514
96011
99
99
99
99
109788
282517
215696
99
99
336651
82551
33093
99
274234
506689
99
99
99
99
299250
99
99
99
569994
10200
99
183627
99
99
99
209292
200006
99
224037
99
402062
217204
99
99
99
99
99
31786
136983
99
144146
99
99
99
97
12189
729
97587
276621
1180
559947
556518
62631
99
99
99
99
221953
73501
99
252032
14009
99
240416
99
99
73329
220389
99
29831
99
41528
99
99
99
8789
99
99
311784
442018
23105
20673
99
99
84335
94700
44356
99
147527
99
99
305755
99
99
491686
263417
91602
99
99
99
99
280888
238709
99
203097
99
29921
49193
350273
99
99
99
415881
99
99
99
99
484
76
99
99
435781
99
99
99
99
99
97
15663
99
99
99
284966
45772
99
99
99
145190
59537
99
99
61806
99
98
356236
99
133685
271574
99
99
27381
99
16219
316379
28152
99
99
7008
99
51104
99
34740
99
99
13440
98459
99
99
141474
99
99
99
216818
206095
99
99
225331
99
51138
99
156463
696
99
99
99
99
325907
99
99
53210
136301
410166
99
359921
73071
99
429311
99
95
99
99
99
99
99
49906
206131
237237
384064
99
99
74870
99
3266
163732
29619
319072
148776
114632
216562
99
477995
176252
99
99
99
29066
72016
99
99
99
99
99
218918
99
99
99
99
166157
423365
93317
99
99
526110
180218
59954
187981
158216
99
302411
10660
63616
99
99
44145
47021
197931
57388
95736
99
99
381864
251442
99
99
99
165096
205898
96094
192785
99
99
88
30700
99
99
99
99
222452
99
99
94157
195067
27748
99
395830
99
99
99
99
156418
307052
99
72036
90450
99
136067
99
99
284820
20572
99
99
573379
147143
11657
147640
360822
99
99
99
99
107380
99
99
150816
382112
99
291234
52617
258430
99
205860
99
305147
99
99
4979
99
252530
99
288843
73770
73379
32785
99
273446
99
27570
61809
241575
99
373962
99
143075
1339
99
82859
187916
16207
411700
16629
99
220954
24286
98
99
99
99
383272
99
310745
99
191857
99
264200
313045
99
259937
128191
99
518091
140674
13020
99
17013
99
99
99
49681
99
104239
55814
194628
99
419019
99
99
99
557940
193118
99
99
75023
270158
99
72428
371982
376551
99
327923
339747
99
99
99
261460
394771
224974
99
99
99
99
99
125728
149064
99
5058
118791
99
261020
99
99
235875
99
99
457706
99
226519
474395
99
99
212133
99
366733
99
255634
279930
99
99
16058
308412
208991
99
8149
99
99
395635
418952
99
6331
99
2283
99
99
99
16235
99
68716
196867
99
99
309617
99
99
381476
545195
149331
99
159724
99
338164
170668
99
120575
99
99
896
147352
99
4495
99
79822
99
48149
115036
99
97
486170
99
99
417236
99
99
99
99
141772
54888
72505
441407
99
115167
99
75718
99
97747
99
99
5069
99
89971
418563
278062
222900
99
99
444212
99
449275
99
98
99
99
99
99
99
173892
246290
106372
99
195632
235083
427724
6307
401142
49371
27341
62838
99
167493
99
1915
21
99
161668
94
34072
65747
99
212159
99
99
99
99
99
131216
90433
99
43999
87
235502
171575
154324
29517
114613
244292
57807
91103
99
141729
43300
99
99
349453
99
67461
79050
99
99
98
99
107951
71205
99
61410
369471
315560
99
422133
133273
568349
99
97
99
175246
99
99
177955
2242
99
99
99
99
99
99
99
448937
258862
99
99
192860
49063
99
43203
99
97
99
13854
480926
38256
99
367427
99
99
390131
153244
235449
76851
173038
98
17012
90644
76090
99
123505
185634
284460
98
99
99
17957
29360
31685
99
57558
99
282773
50464
279037
99
243676
99
99
99
16765
99
99
99
1382
175560
86980
99
23899
99
99
364186
7948
104857
99
97701
99
99
99
99
56307
73752
99
146592
99
81259
155201
172597
73180
27773
99
11220
99
293225
77695
299267
167419
99
9218
287982
99
99
99
99
83049
99
171509
99
325216
293669
99
98
59673
94974
30089
99814
315204
32695
99
99
48440
40690
99
36994
99
99
334827
253364
53904
279945
99
99
99
99
99
99
228575
31895
99
178198
99
21549
99
106478
99
99
99
99
99
90230
99
242178
99
99
293159
65182
99
99
99
278937
16945
49501
99
99
99
99
99
99
99
4241
77689
99
40848
99
98
99
124395
112185
156937
264449
29688
99
99
99
11651
99
99
89994
169037
99
10233
127299
99
99
99
183488
9439
99
99
21840
99
131676
99
99
99
97
163323
99
163920
99
424694
99
67409
99
1942
155447
237063
87726
54789
99
548835
393376
99208
7981
373949
99
99
99
143035
516902
99
92217
99
99
99
42785
99
458927
99
66299
8921
99
99
99
99
99
178905
292336
99
21024
99
99
424803
99
6946
480120
34773
270563
99
56845
99
302885
25695
99
268288
81089
100811
312675
204646
99
99
98
99
99
110586
17552
99
99
185235
122179
150103
99
42206
353028
43260
192827
132059
67206
94758
99
99
174717
99
74680
69
99
99
15216
120261
99
99
99
99
7573
99
99
99
99
13394
443882
99
99
99
99
99
99
99
206925
99
99
13929
238923
51043
5369
99
99
99
251885
329628
9659
99
99
139059
99
218061
99
99
311073
48132
44297
99
99
166168
209347
99
6350
99
305733
250295
26266
99
99
99
99
71972
168103
99
515525
99
99
432151
142155
99
99
99
112335
139675
99
99
99
99
128602
84288
99
99
99
99
34110
28859
91590
99
99
99
1908
137483
431030
118023
99
5459
98
99
252005
99
65545
99
328417
188349
99
43
93895
53494
115760
99
99
331943
99
26644
99
99
77115
362952
99
99
438461
99
20580
99
99
186642
99
99
99
171792
46927
99
99
123677
96
76507
99
25971
40785
99
99
99
77672
289441
459765
77643
99
131831
99
99
99
99
99
156627
99
330577
99
293412
7748
310541
204539
99
130625
53095
3781
125007
99
22535
439272
436088
99
85223
99
229230
511325
13845
99
528
99
99
161604
99
99
171978
99
99
99
99
99
182945
99
99
410643
99
99
124146
124163
99
99
99
33094
115531
232050
62112
199257
50296
99
99
99
220546
38
99
608745
99
126237
25893
99
67771
99
284736
98
153734
99
99
99
98
99
99
14733
99
97
99
2781
35151
318831
55928
99
99
99
99
2473
99
99
99
99
14199
5068
150610
132754
176124
23022
99
286181
187547
152188
170876
99
99
99
212160
5340
99
99
55432
99
99
99
211538
99660
99
99
99
99
107580
13637
99
99
99
3410
99
7893
99
39658
99
72047
99
98
99
99
59126
99
395349
212670
89384
72966
99
147
99
99
99
126543
331427
99
99
138521
99
61218
99
27681
99
99
307350
99
99
46186
99
99
266780
349466
38709
99
99
99
3324
99
172883
95
99
308250
349413
114094
29263
99
192504
164015
48753
99
78866
129632
159677
299454
99
40867
12213
99
99
97
99
99
99
497464
323237
99
98
424582
26759
205893
14673
155524
143745
99
99
177910
408942
79534
127169
3765
99
93928
99
99
262057
99
99
12558
343863
386687
99
99
99
103116
112204
99
139330
151281
111980
99
217818
99
99
31795
99
99
99
17592
59034
21222
333018
157725
99
99
99
16818
21091
142537
298370
73
99
74607
94
99
99
99
99
91101
195463
242530
99
101812
193565
99
99
99
9478
152
99
1723
99
79136
99
99
202670
99
64201
99
188513
99
99
99
304397
102399
114009
99
42957
99
268723
99
99
2185
161467
18734
99
333262
99
87809
99
99
99
448630
25676
99
295801
12178
99
99
99
99
99
99
337776
397314
201479
249163
99
99
99
54608
99
319647
99
99291
318691
99
454578
99
99
99
109574
94300
99
218180
99
374661
168901
99
57256
24760
134074
13471
79232
99
99
99
58360
99
7775
97
103685
99
99
99
147286
99
99
21534
99
99
99
6660
99
194850
99
141984
433366
99
54325
99
98
99
99
99
99
99
68309
22994
99
356981
31636
99
99
32363
48636
224971
99
21594
99
99
99992
88228
133528
99
99
99
276657
99
587166
99
99
168848
99
99
33203
99
340394
99
32146
99
99
23224
133695
96740
99
99
273430
18404
261000
99
25822
223124
106023
99
101134
26723
99
99
55269
99
203031
99
8720
4680
446775
99
99
243000
99
99
138064
82
99
99
98
97
33667
99
99
99
186426
99
99
302789
99
78551
280258
198301
44900
112706
99
99
99
97675
110923
135948
18034
594284
25488
23449
99
292748
99
99
12594
99
448020
37307
99
99
140090
32933
99
99
368221
99
98
67004
99
32844
308680
2448
99
99
99
99
558660
233212
99
91
137035
99
319423
409771
385347
10786
99
99
178158
23726
416893
99
2137
99
45672
99
433602
99
475020
295656
99
99
8362
99
213620
99
144634
23653
31099
263452
356096
39
99
22287
109930
99
97
142197
26923
99
99
373968
312779
144238
99
298074
99
99
205904
13502
126737
26445
99
99
99
137068
117947
99
99
99
41026
64144
466972
167515
13347
180220
99
76895
99
91680
118511
365288
99
25347
40753
99
425465
411465
98
451952
99
36329
24339
134105
125243
35840
81884
147615
54135
99
99
99
99
14229
99
67388
99
99
430265
120582
186631
30945
222072
6773
99
435
19942
99
27316
99
99
35696
234582
99
99
99
99
99
54335
99
315660
43979
395258
99
99
99
43725
99
99
123651
99
21460
38561
98
99
99
28314
127797
99
99
38485
99
217545
99
22585
99
59587
99
99
99
50436
99
99
99
6240
99
99
1292
42192
31106
99
290283
99
99
99
76923
105252
99
99
51285
53314
98
211972
185512
192524
99
75223
18461
99
99
112924
91
178398
99
20138
3553
60799
28972
404601
393788
99
105006
89798
99
99
4789
99
176522
99
99
99
98
538155
360447
99
99
99
99
274403
115745
99
149908
99
99
99
485544
221443
99
45747
19379
161407
18687
249842
28316
106254
99
99
99
130230
50325
99
7637
491558
66802
99
498515
356658
87023
99
99
99
99
500290
12438
16095
13711
3566
36015
149587
99
29309
124187
99
206261
99
8460
30865
99
99
313416
41420
146821
16243
376039
99
99
27105
81588
382823
107863
119773
99
153114
99
99
99
99
444553
99
49882
99
99
99
99
99
43398
21747
176247
252804
25815
99
99
99
48397
91500
99
252046
99
99
99
98
254143
99
50725
57769
99
180899
99
48704
83707
306963
301341
125993
75054
63794
131757
99
353977
99
419307
26325
99
99
77498
99
91
245223
99
69754
99
376829
99
15531
167358
99
97106
99
152601
99
60900
99
99
32290
135424
99
212647
266895
190189
99
99
99
98788
525475
99
97
95981
53446
40286
80017
150237
99
99
85455
208057
92891
151870
89869
126649
99
159106
99
94
229594
33887
55377
192985
234474
210264
204759
23398
49500
99
157850
99
98
99
99
99
99
99
242494
99
53968
145289
265514
11257
122498
3059
99
43996
99
99
97
98
381744
71204
7912
141341
79621
99
99
81301
117736
64742
99
233106
96764
7594
135179
22882
29696
99
99
99
83247
99
99
12127
28800
99
99
99
99
99
169743
408573
99
1657
112895
32368
189891
99
220962
30594
251534
582023
99
138037
261869
64349
99
389547
99
99
99
99
262823
99
209425
264090
87
99
99
99
18461
76653
79387
58490
99
99
75949
498675
14663
99
37910
190059
99
99
414929
194098
99
99
11413
98
99
99
99
265387
99
46734
99
99
99
99
71784
99
445298
99
99
252601
11423
99
362329
390817
99
213880
764
99
6152
105578
32466
210636
103210
99
99
99
99
54979
99
99
31227
25039
99
121929
238177
367341
99
196054
99
99
7541
348783
7698
10896
99
99
79132
193390
99
92442
23062
107884
99
99
99
99
99
99
372320
99
99
99
174476
99
99
365417
99
147085
99
120907
280454
201775
300760
99
26781
197882
99
99
367353
99
17266
20669
114990
17633
99
86941
99
298756
174524
99
34919
106123
99
99
99
99
99
72165
99
99
99
319284
119481
99
99
99
99
99
11516
99
379288
369531
185932
99
99
99
44297
6450
99
20663
599019
78388
278291
46231
144997
30592
15646
99
99
361580
131397
99
36529
19464
97466
301967
99
86509
99
389117
131037
99
263003
99
99
17676
90
99
99
73812
96503
99
31500
166135
94
259927
45948
99
42923
15141
99
99
99
112392
197836
99
50838
188217
99
245714
161100
153049
99
322229
99
99
99
99
245749
99
99
31374
38434
84292
240054
48036
347023
99
99
27161
99
233247
73898
99
99
99
99
544823
99
99
99
99
505225
346727
38031
99
99
56674
99
43547
319004
176487
168317
112438
99
99
6422
99
180569
99
179157
99
377671
189618
99
571487
330723
99
23282
17434
190024
99
99
99
3914
405668
4831
99
99
452130
26694
94
79238
356949
99
99
99
287152
215299
99
99
99
19549
99
32456
442558
99
357690
99
99
11522
99
97779
99643
65858
96
99
83617
18426
352276
5850
216299
62660
253166
99
6391
118013
99
164774
2073
84081
99
99
99
99
99
99
126885
99
99
3906
180596
480597
528814
68962
305367
99
99
99
89184
99
99
99
99
99525
99
99
99
61604
119989
99
52823
92
175797
422851
99
99
450721
6280
4164
99
13494
99
64606
313526
24119
99
11167
193198
99
69418
118815
99
99
99
51347
99
599824
99
493719
30911
99
99
259240
99
99
99
99
278198
325392
99
85833
14044
99
99
99
32561
40514
99
118082
99
99
294453
116397
22929
119074
99
99
99
77047
99
99
99
99
99
99
196557
99
99
99
156239
99
2984
101868
99
77574
213663
99
17112
99
399575
99
99
67290
99
327214
184527
99
76285
99
99
112774
99
99
99
99
264103
347877
99
99
27365
99
67775
99
99
33320
43340
99
99
99
99
99
40664
99
99
96580
99
99
29499
260870
99
99
370377
99
99
99
187227
294154
258071
99
99
179232
99
99
99
99
133691
357347
99
50771
99
574861
99
377956
30400
56868
99
99
99
117293
439287
101199
62341
372640
353663
66459
99
99
99
99
184036
99
99
99
62091
99
99
23072
344146
153648
99
28717
99
953
99
116518
217871
99
99
170847
148561
99
99
99
99
311198
99
99
99
99
167940
99
229325
54526
99
99
99
99
99
99
99
405746
229141
99
99
44907
210818
174759
99
164754
11381
99
99
99
434845
99
98
99
99
54669
99
99
99
60936
154010
99
99
99
99
228493
166509
99
99
99
99
20361
99
99
99
99
99
127868
99
99
360396
311491
99
99
99
314241
99
99
99
262744
495898
99
99
159280
99
98
78
99
99
99728
31047
99
94
99
32177
77499
99
38897
99
99
323728
106586
99
433267
99
99
99
99
99
166916
99
99
99
240893
71819
99
99
69396
23162
99
194677
489817
101404
141786
99
196277
98
68872
147291
99
99
135754
201415
62727
57536
19851
99
40474
99
75058
99
99
99
99
99
77301
99
66016
90753
176294
375132
99
99
218053
190635
99
154893
99
53834
95507
99
149607
111067
99
1313
358357
417098
328151
269253
56726
99
489303
32874
96576
99
192
253702
99
561700
37508
99
99
84475
99
138982
83744
76783
248064
67527
291567
99
111974
410275
27912
82674
292734
64483
99
27067
99
89945
99
99369
50279
99
163185
99
99
99
99
99
552108
99
9248
152469
99
257250
152098
171076
17629
197638
99
99
99
20321
16428
448578
99
99
97391
99
99
99
7540
319364
99
156673
99
201582
79247
41498
99
330264
99
165551
273765
31363
99
99
99
477491
572144
166487
99
58
59068
214834
190420
232631
99
99
1329
88500
99
99
99
99
76120
99
263300
6673
515119
99
79414
99
97
61096
99
138076
332902
101585
98
99
11802
99
123836
99
99
99
99
99
99
126402
355042
99
165700
99
99
4103
429163
99
99
99
15140
99
132295
99
99
408788
99
1913
99
99
404075
99
261113
99
99
99
68330
99
182887
99
99
276517
99
11195
99
6194
96
99
99
120069
99
129105
99
99
99
3679
99
114308
99
38150
99
99
99
184785
99
5038
99
240212
99
135772
99
99
590369
11664
99
21984
99
39707
47699
108633
151195
28218
17613
1989
128657
99
160077
99
113236
130404
99
99
99
112121
99
217455
99
426
136705
99
98
99
395739
99
99
24112
99
99
99
99
165143
99
50368
99
240085
746
99
99
99
99
99
9064
285034
128160
99
5596
99
158213
27568
99
99
99
99
99
98
94413
74826
99
204880
41641
161995
99
99
99
239430
78055
99
99
99
147028
99
295152
127487
96174
67963
2765
15876
99
85012
98
278540
99
130377
99
140339
97
99
113024
252277
99
99
354489
96
42274
45604
99
458078
99
99
69729
283756
99
185402
155889
99
14048
99
9447
99
99
99
11472
338053
99
99
127036
99
60354
98
99
99
99
99
61631
37843
99
17026
99
97
153427
99
410
99
98
99
99
99
216
99
53158
305351
99
99
99
99
99
75938
99
342001
21641
99
352314
99
3657
15999
445179
99
99
18603
24850
99
99
99
62695
283582
123134
274611
99
99
20551
11862
454888
99
99
117660
344870
99
241459
99
572571
99
99
54465
99
99
99
91305
99
9870
1822
99
80
71479
99
248530
99
99
99
99
251353
99
16097
44039
92812
98
94805
74508
99
203690
99
31559
180543
388020
2199
269451
99
315596
51643
33570
62531
91714
52743
82396
99
99
1753
99
99
99
118044
2610
9732
99
99
5177
99
498150
92170
366312
99
112664
238511
6559
99
190333
295450
99
11621
143209
10090
105958
292010
4088
14779
99
99
98
99
120998
99
99
256513
99
188819
70265
99
99
3091
99
99
99
214812
64187
99
99
222754
99
35358
99
162326
344821
282902
99
465508
99
77603
475100
54565
99
99
366523
99
398416
102183
200116
99527
581017
119419
219084
129983
25519
99
99
220849
156712
99
454682
88346
99
99
98
99
482776
549558
263300
6498
232058
71226
139432
311348
99
29547
99
99
99
59760
461266
99
99
99
99
227690
99
171512
180355
22867
99
98
99
161087
99
21625
126737
99
99
54690
99
99
99
99
99
99
166618
40488
64203
99
99
364251
99
442145
99
99
214023
99
338855
48160
126678
99
28174
99
99
99
103643
99
144742
30303
91312
10132
117320
99
99
99
99
402097
54596
21203
115252
99
99
99
99
99
99
99
19634
99
326480
99
99
476603
70061
434512
115232
310728
298945
120760
99
59824
99
99
331103
99
99
38060
99
31103
22809
7875
99
498663
99
99
99
99
99
99
94989
65378
10724
27568
99
80149
99
99
178503
239939
99
4067
39791
75399
80065
99
99
99
270307
99
341297
99
99
22509
472
67125
82338
99
99
99
5678
96
99
99
314510
575178
197150
99
99
71929
99
30229
240518
99
328079
99
13695
80988
232337
99
99
33337
97314
350126
99
205318
99
99
99
99
99
245373
200179
249113
99
22096
99
99
99
99
194269
95
190028
58706
296120
99
7014
544883
61128
181675
239854
136402
99
99
72960
99
99
99
307715
99
345064
96701
26377
99
99
99
99
99
284154
98
35553
98
196474
99
8845
12832
99
99
99
99
306320
99
99
99
99
99
323801
99
142899
1424
99
99
99
99
224821
160672
99
99
99
306360
99
99
99
396674
99
99
361
99
8938
342261
99
99
388286
14058
81248
99
99
466829
99
259436
364899
99
95
301158
330658
99
25733
287289
99
156512
99
41631
265326
158189
8089
128191
100545
99
99
99
99
99
12814
99
216795
99
147396
165744
99
150102
247392
142089
40012
249972
99
99
65418
112214
99
99
497387
99
99
319358
115370
336826
99
99
99
114394
44434
99
98
99
198
99
99
99
18814
99
46354
106433
99
91
99
99
99
28957
99
282624
99
99
99
46166
219188
99
99
9155
64877
154725
142755
447968
99
99
99
170249
99
99
433943
30252
99
142
99
228923
56336
14650
170889
99
99
99
165280
98
99
57092
171592
99
5403
77417
239264
99
154652
330964
99
293948
99
43281
376345
231819
99
296447
118330
56621
154415
99
99
99
99
99
99
99
246352
99
99
99
77588
99
373
99
233313
99
99
99
217540
99
99
101450
99
24397
99
19761
99
98
3873
301987
37829
24702
99
227929
99
99
99
99
99
99
99
99
9840
99
15258
99
535068
99
99
40519
99
99
99
99
99
99
419145
99
99
224284
425988
99
93304
99
99
289555
375978
99
99
99
81559
110711
99
99
99
223166
238227
99
144785
184542
81498
400715
105709
99
128059
13609
48029
255293
90260
99
99
169315
96122
99
178018
99
3925
99
99
35886
99
99
80520
99
446990
70071
99
84617
52305
312817
99
99
99
97806
332315
99
6053
99
224308
99
99
286499
30878
99
489284
99
577394
41073
99
68772
99
99
132840
304106
8272
99
94853
77380
210180
99
401777
347
46516
47327
190376
243503
99
23149
99
189828
99
99
99
51649
5075
99
99
71512
45775
205405
99
99
99
99
13244
99
72480
170129
467437
92589
99
99
112059
199902
4778
19064
62183
99
74701
86369
99
99
311599
162538
99
149014
90071
387156
194
99
122183
99
99
99
99
99
99
99
51164
431693
178345
7191
271668
99
37594
99
99
418421
99
14623
72253
99
331951
548790
99
97
99
99
99
281937
80543
99
532437
99
25047
2940
99
99
48761
99
99
33855
99
99
99
99
99
99
20121
99
99
7844
133337
39865
99
99
99
99
92987
271188
309910
164787
99
99
167451
42078
45801
313884
99
415364
99
99
192884
13935
99
99
305123
32995
41348
470176
99
99
99
1283
39824
99
99
218016
89132
313515
99
135568
99
139971
264999
99
99
99
150465
178022
99
525485
99
99
438231
69632
226946
99
406661
99
406843
1511
426873
99
99
240372
215770
99
99
300211
148403
99
34393
489127
203629
99
99
74852
137338
1611
99
124327
98636
99
99
98
202526
89
128420
99
99
41479
99
99
154807
99
210154
99
343991
99
13732
492048
36712
99
106747
99
99
75630
99
1020
17395
80565
99
99
99
99
432306
216348
336654
99
99
99
99
306030
97
99
99
158040
106500
99
298407
198943
298466
380445
99
63258
7424
80874
41965
99
99
113587
99
99
99
196253
122553
99
99
527521
56137
367040
99
154335
58142
237802
379907
28020
614225
180286
94330
99
31817
99
99
99
99
99
99
99
109042
99
99
18838
99
99
99
24456
35320
99
38068
21135
99
99
99
14159
136617
80781
99
97557
118068
9048
99
99
99
99
99
99
99
20400
24934
99
205881
99
195868
99
107865
184290
99
99
99
99
107205
21736
99
63402
35109
461745
59516
99
77041
60213
142176
20601
99
99
99
122761
99
99
99
99
99
99
99
99
99
126377
422283
207383
99
346947
8365
99
99
99
99
99
99
99
99
40929
56563
91663
95
35273
99
99
93860
99
99
304194
99
52655
62582
259671
117538
97
312321
98
62963
176496
99
99
99
99
7903
99
344172
521373
99
158782
99
126702
50581
41817
221225
34907
421434
143602
26893
438999
43080
99
99
99
99
33587
99
372907
99
99
303489
99
99
290975
99
99
99
99
250329
99
99
99
30864
551187
511244
99
327944
156793
95522
99
95644
99
3985
99
458642
99
99
1256
99
166356
98
135135
67
124210
99
57655
197451
99
557122
99
99
99
99
99
99
110510
99
99
99
41450
99
99
253816
448786
99
99
99
80249
356127
174553
99
99
11496
58392
99
99
163205
347018
99
99
99
66186
99
248360
99
99
99
182154
178929
200658
99
39072
71104
110628
99
99
99
99
99
324824
215070
132771
99
43527
99
99
24255
70794
99
98
171726
34454
99
99
99
99
1804
99
99
99
115411
82828
99
99
99
99
99
99
227612
99
99
99
99
99
182204
99
197679
99
99
164063
145892
99
99
99
99
99
171731
99
64125
99
99
99
99
99
272195
75751
398699
3400
2111
99
73999
99
99
37819
459511
97
14678
99
118516
162672
31449
99
73303
99
214908
580461
66725
99
183107
99
99
99
99
140174
99
99
99
99
58575
174600
99
56175
99
99
187250
117465
99
99
99
56500
99
8995
96
140732
47440
347110
149571
99
99
99
455179
99
107931
99
99
99
99
400246
99
545702
2124
99
99
98
99
99
99
99
52411
99
390324
278281
99
3098
11754
355817
99
504928
99
99
496665
54034
134843
440041
99
99
323577
79006
99
63986
99
99
22881
99
284507
305491
49576
336789
99
244820
156593
99
329956
7651
24065
266509
99
99
99
15501
99
84344
99
99
544692
99
99
99
305507
70455
493584
99
243462
234471
219512
43304
3114
105853
187123
99
99
39601
12656
96931
47856
178752
99
86419
99
87574
419877
99
110484
249932
99
133400
99
54934
99
99
99
99
99
360393
217394
99
99
366574
99
46447
357783
99
109496
99
113751
47700
99
230698
99
34221
99
50262
389781
181502
99
99
7197
47942
179476
99
99
99
99
7175
88382
99
99
45004
99
155620
99
99
99
125089
99
99
58681
153535
99
168177
99
52953
99
317360
16452
99
247254
99
342822
155754
30626
99
291241
99
99
137011
10393
21444
19319
99
99
99
99
99
99
99
99
128
99
99
99
99
448766
46245
92824
351847
337567
360781
99
99
99
96
121485
99
104428
39402
99
266628
99
22181
99
99
176041
18794
181576
16595
99
263722
118837
99
35061
103306
99
95670
138890
99
99
99
176565
61018
34349
4271
99
6863
99
99
99
99
99
34147
99
99
99
54638
99
2055
95108
322390
99
99
99
99
99
445889
99
99
127288
39089
99
307627
99
5415
99
101196
99
8580
99
99
49951
99
12125
128338
17771
320997
308273
99
301313
282711
99
99
103606
10166
99
99
99
99
99
121556
99
99
99
99
99
99
101350
99
97524
37738
137169
99
99
117990
341755
99
99
99
99
99
99
133025
60894
99
186734
19540
7335
99
99
99
346131
99
56789
99
36057
707
99
99
75947
548085
98
311453
99
99
40332
99
109072
267964
99
13103
20028
143633
99
320200
99
99
99
426226
108952
181780
99
76116
15067
118548
10541
474657
292637
159845
353184
8844
110813
99
281309
99
217276
99
99
408103
99
76708
99
130605
11216
99
99
123796
157279
240698
258144
1965
91866
203942
259936
55479
153461
41753
38453
285408
209402
1800
99
229647
99
34246
5806
337535
99
99
119948
99
99
170237
99
99
270312
61665
324834
99
99
107560
79
100695
120259
454111
48777
3902
139889
99
196616
44628
133013
99
127892
517062
99
99
53825
99
241905
99
16877
425537
99
99
99
71407
59646
126244
126501
180671
152094
99
211839
99
89599
196789
247356
99
99
578458
99
28951
99
99
99
113570
99
46412
62326
311480
191515
99
99
99
99
99
99
99
126336
1006
99
99
99
199184
99
271454
99
64280
133393
243226
75572
99
183171
245571
50278
99
99
151543
13871
271582
99
273391
510409
278379
69345
121810
270338
99
99
99
162731
99
21602
99
99
99
18835
99
552335
314436
99
99
563831
99
99
99
99
99
99
37762
99
252388
99
99
80176
99
99
30955
99
341250
99
99
99
189212
99
687
99
99
99
99
99
91
331728
99
128837
99
365745
99
148175
99
145204
99
99
161307
98
99
99
132198
553839
223310
336917
382853
369003
2641
99
99
99
99
99
185724
99
97
158035
605956
99
92102
99
120659
103755
99
99
10549
99
99
177266
99
191761
99
286174
99
99
99
203083
99
310518
147732
99
148238
102040
282686
99
186893
99
140631
99
99
99
99
175943
98
99
99
98
50577
86112
99
99
6620
99
99
45361
99
99
99
102050
92
99
95423
99
99
99
99
99
141120
99
61218
99
99
99
31123
99
88763
41809
99
103242
11684
195805
99
99
32394
99
200195
616777
99216
99
54809
103549
71714
99
390886
185615
99
18303
99
99
273847
99
99
99
99
99
20148
99
99
294505
272973
35341
13765
99
99
76883
99
99
411456
99
99
99
50616
132027
99
99
10586
99
106024
99
99
70039
96
99
328857
486794
274923
99
99
293144
99
592
99
7187
14010
99
44176
93401
99
15915
111248
99
99
99
188762
99
99
150905
115374
11042
43798
192899
212766
431379
8228
99
99
152831
95
95637
98137
95
99
99
99
99
99
21743
14580
120894
273840
373
99
99
99
37325
99
58354
1680
99
317225
99
99
1354
99
563419
99
430350
52739
99
31797
301909
99
99
99
217785
99
198267
31575
116980
99
99
99
30328
99
99
49428
99
99
99
58767
10605
94
99
99
94226
293869
208349
166147
27062
13526
492335
84927
99
99
26002
99
99
99
9775
99
377781
6749
99
401779
598486
99
99
38749
99
18561
99
117514
99
20699
211518
99
379068
158133
106876
99
141651
99
8053
153387
99
99
99
98
99
99
99
99
204305
99
99
39517
99
88966
34939
99
99
99
99
266746
12531
99
99
99
99
417753
99
99
98
172417
99
162184
1609
171506
99
91282
176410
142690
356123
225629
99
99
99
99
82663
12993
99
27983
460503
144727
71167
99
213731
99
99
328090
519433
99
314064
413436
98
7872
99
202443
99
18606
150839
99
387284
99
99
136523
94065
99
47534
99
7673
63964
99
99
225545
99
209818
95
98
125074
404533
99
99
32874
40533
151113
99
99
99
69465
99
99
99
99
99
99
99
99
15754
170690
368746
200106
74443
99
99
82346
293303
99
99
99
483266
149492
46839
99
99
24639
33063
34696
154769
99
98
66118
119003
99
99
99
99
368081
99
56730
21047
156295
153181
99
99
147
120643
303055
99
99
99
33338
99
281036
99
99
165624
112981
99
55695
99
99
354374
232308
99
99
99
580297
200179
99
99
99
98
21456
99
98
99
13479
34787
99
99
99
4818
99
3253
99
67610
99
99
99
8504
35741
99
122900
563953
10060
190531
99
99
99
52637
99
21771
99
457334
112314
423325
65871
141533
82823
124011
98
99
99
99
52529
99
99
173969
1952
60508
113613
99
99
181365
15842
99
99
129669
210481
99
440207
124321
99
44207
99
99
99
342056
212436
167470
99
99
99
17418
38833
99
464052
113400
190982
276168
41410
500741
265732
57817
99
99
235127
15453
99
304083
206908
99033
159357
89807
99
99
102367
99
523765
99
99
99
10950
28777
50825
99
95
15718
175487
82
99
99
97713
99
20891
30418
56131
99
99
99
25370
119214
99
378367
28933
99
99
138119
214721
275468
254704
99
90356
99
301212
99
99
118161
99
152762
99
25871
99
138
78429
7545
44703
390960
431184
99
179392
61742
119233
394331
99
99
99
99
506822
113626
315781
99
99
41503
53008
529406
99
181369
56702
7151
27353
99
99
99
99
64930
99
118971
299780
90
217353
99
99
70809
109376
99
604221
99
99
62657
99
115757
372316
99
37658
99
160740
99
35200
99
396918
467078
99
99
273572
99
383681
99
142104
167434
74068
97
134058
99
99
99
68539
99
139910
99
99
587606
376103
74431
99
99
99
193417
233923
99
292322
99
265970
99
99
99
99
99
99
99
99
99
109972
452970
99
74317
13936
99
99
13087
5744
106225
37653
99
90919
99
398742
207829
99
99
99
99
99
331047
99
99
16874
515916
99
99
9051
57644
99
118077
81318
99
265746
201399
54134
99
99
208813
99
99
8832
99
99
99
99
99
162468
99
135910
109513
99
93560
99
99
20975
99
191592
99
98
76987
220611
340435
329933
99
137904
99
49749
220026
99
99
99
124709
99
528932
482289
23739
190196
5188
121316
99
99
11498
29872
293844
20795
99
43045
63690
33013
99
99
69795
373003
99
99
99
99
115692
99
99
99
17896
99
99
99
99
99
99
76867
142350
491688
484809
88418
55861
124985
26455
99
315442
63377
99
78876
99
65142
61684
99
99
99
99
13683
173004
98
100931
99
99
184505
99
99
99
47705
414705
201575
373041
99
19321
99
75661
99
99
99
190495
110778
96
29191
400949
129889
168187
225482
187295
15220
99
244030
124374
99
99
444876
113290
60882
99
99
337634
99
211551
73739
99
99
128013
99
11423
98
161631
99
142037
201784
99
99
36047
143355
309943
99
99
487932
247403
96189
99
122100
148738
99
42337
99
99
99
603361
433908
99
99
98
99
44584
99
294224
99
122440
99
404242
493824
202731
195388
99
73718
169283
99
99
99
99
99
99
99
99
121330
41901
42934
384752
12253
90194
99
91
24442
99
99
22721
99
99
182794
55187
328509
83213
99
99
195175
5510
98
384210
98
99
99
99
232753
99
259692
182670
99
99
437771
262931
99
136007
27570
262997
393018
202488
249179
59897
23624
99
2397
99414
99
284072
99
239276
66528
99
99
119920
53456
132835
99
99
112907
99
99
25082
134717
99
6011
47002
22541
99
1535
43259
34434
99
99
21982
99
99
341363
99
99
98
99
99
2873
123346
89194
99
166838
106212
119359
99
99
102790
99
313893
7525
120284
82972
142467
22361
99
99
157686
99
213234
99
70449
150252
99
111137
99
2110
99
203905
31268
99
90492
99
99
99
86774
99
61518
150889
249121
99
2088
251681
151495
4990
92442
99
16612
63416
33223
143159
99
99
99
143040
99
99
99
99
35243
212227
99
99
99
99
255861
196631
124
99
76518
99
99
13212
555
152859
207655
246681
99
99
99
246653
99
445860
403404
330571
99
99
99
234390
99
99
99
88696
543055
138329
99
99
115113
99
99
99
11882
99
99
50161
25056
570719
390502
94475
543555
99
357220
99
99
99
99
99
99
99
8466
212434
4115
22241
99
99
154848
99
276383
99
99
99
99
99
76348
99
284836
99
76289
157708
99
28391
40696
99
99
78762
99
99
99
84386
145656
222971
99
452790
99
121511
99
67840
2885
97
40129
99
99
112521
99
93995
99
99
99
1837
99
99
99
110230
1082
99
182472
176797
99
38501
83632
90653
77370
99
99
99
554231
324706
99
135878
445126
54153
99
202489
99
114141
59687
67411
99
201523
53297
77749
183250
37203
112223
99
99
99
51612
99
99
162881
99
555692
99
44666
99
449588
26760
64617
154640
34742
11788
51824
21846
99
287545
57061
99
133866
150246
99
36857
19428
99
114607
48894
99
110762
171306
153675
231356
99
99
98
99
302349
71880
99
99
143910
106942
334075
2937
99
99
229010
99
99
263964
99
553375
511250
174311
99
99
7472
328462
99
359822
213568
18040
99
99
7350
97
99
99
49602
6352
99
99
450129
99
99
99
96552
99
99
98
99
99
99
23784
99
99
99
146320
11034
24499
99
99
144899
36724
87753
144743
194286
159477
99
99
347467
56389
99
99
290516
99
99
171615
229179
99
99
207059
99
99
61900
128828
34836
99
99
99
99
523789
201466
28577
99
176417
99
99
48952
455924
300580
197336
99
99
98
99
99
90461
497262
140593
208552
99
99
99
25786
3089
99
379800
99
264605
121378
205364
99
7972
28990
49919
141377
99
99
176337
169960
134418
459441
155565
93
99
99
99
314878
24319
253600
20127
99
99
99
99
11874
99
410686
206835
179348
457625
1101
194899
490332
13785
86675
99
52393
99
147088
99
342207
99
99
99
99
450552
99
99
99
99
16519
