99
1935
99
99
99
99
212090
19296
95
41218
99
99
99
202854
99
99
99
99
312158
294220
31694
34511
191019
99
97
319956
99
99
94559
99
99
99
99
27992
99
99
51259
168111
99
99
85313
99
201516
163067
208989
110945
127000
171661
99
99
99
99
99
85606
99
99
99
236850
99
31847
99
99
99
144753
99
9629
99
99
48082
383282
605265
99
99
139001
99
230917
99
99
65331
187128
99
99
37450
99
99
83013
99
99
99
99
167495
101966
99
69808
99
99
99
99
304482
99
99
84985
68214
97
84540
99
99
99
99
99
109298
27879
297
363530
99
2994
348590
99
99
35345
10583
228631
99
49689
99
32353
99
3860
99
77407
102199
99
854
99
99
267699
99
99
99
179466
99
99
164381
49064
42006
99
61449
99
141086
11627
99
99
99
350364
99
323931
154534
99
99
223499
99
22673
66588
272936
99
65207
26908
120416
99
99
99
99
11007
99
21876
99
99
99
97257
163685
182335
5738
23689
99
62006
1572
273466
99
99
17475
99
99
81360
244639
99
99
282751
99
99
99
42274
113764
99
99
99
215863
153459
379521
29926
99
101035
99
27634
99
118060
99
16246
99
99
97
55888
99
99
35991
99
99
99
262134
99
2608
408616
99
265662
99
338304
40429
74477
60026
99
315077
99
13926
155752
308289
192972
99
546952
99
99
99
38875
1836
22823
99
294413
230172
226270
71376
99
137404
27244
99
99
99
99
343890
99
176293
95
249397
36257
99
99
99
205701
12474
99
99
99
99
98
99
394967
41226
97
99
45384
99
176026
460693
102181
344337
230615
99
99
99
126410
81904
149547
99
75732
5848
99
99
99
6232
99
99
55655
3897
99
99
99
13142
99
99
124556
99
99
7585
99
66580
99
99
99
99
193825
33471
99
57585
99
99
119292
99
89926
99
99
54951
443639
66191
67195
99
49896
99
99
209347
99
11576
143398
235537
168962
99
99
8277
99
99
173134
99
99
99
99
99423
99
99
99
279889
364564
99
99
99
55514
12532
62369
71559
57487
169920
99
408948
99
99
9007
3368
27397
99
99
98266
99
99
4148
435369
93
154968
99
143860
99
99
203386
99
99
52363
99
2981
172858
187361
17824
99
99
114055
99
99
48444
89845
1883
118379
99
431420
99
99
18044
99
225533
334208
99
99
99
289137
99
99
99
239
28854
99
99
42081
99
99
17047
228355
99
132509
76113
16116
164794
99
212351
99
99
99
68146
99
99
98
97
99
167944
85448
99
99
415197
99
99
99
99
463
99
99
56541
99
208577
16900
98
69312
99
144037
120148
243398
205491
99
99
99
566394
131114
336272
42647
99
99
99
99
172877
199003
99
99
99
99
99
99
505449
229548
59216
166237
78557
254294
99
99
99
97
287484
63855
211547
398938
27255
99
218121
26146
99
345632
245689
99
99
379218
59381
109758
3074
163569
5988
173459
99
105131
99
445186
99
99
99
99
220517
99
99
111348
35805
99
99
99
99
146117
99
6083
99
19457
124908
99
49624
62597
144796
228627
426118
99
99
95
99
21590
6863
99
112276
99
20502
330548
99
98200
99
91235
99
99
357886
99
99
192951
99
252556
99
99
67689
77824
412883
99
436410
4576
99
99
99
26262
19008
99
86
1889
38022
99
99
99
99
60734
99
78209
18851
331805
14176
442939
99
81120
99
97921
99
124517
99
27366
63163
268797
61283
99
79795
25151
17534
301398
354370
39849
1162
66259
213831
99
99
266413
131708
586054
3636
59268
99
326898
89523
99
30766
10526
134485
9185
99
209806
2657
99
466142
178387
3490
99
99
31702
109794
99
99
99
99
99
99
82221
27114
99
99
99
99
11438
99
14574
76703
99
228822
99
141248
99
333875
99
99
64315
99
61537
99
289560
158209
99
99
176756
99
99
49054
99
99
167998
99
250943
99
99
287572
99
159963
380140
198175
99
13724
58438
260835
99
103235
99
161191
104021
327175
99
99
497143
99
99
126036
19718
96
99
111341
99
99
104330
99
171511
110568
99
2643
99
99
107748
99
256028
188803
99
221598
99
99
99
190074
99
77934
160132
99
254191
9551
98
99
99
15936
99
99
17705
12206
88208
99
41331
99
99
99
99
11775
99
99
99
99
99
4099
99
99
99
99
99
99
99
97
117518
20412
207883
281138
99
227199
100544
52607
99
99
97214
67604
99
48174
15180
99
37612
99
99
16054
149970
99
99
99
324782
99
401094
366709
99
56589
34114
83760
99
99
82891
99
99
99
99
256420
99
99
99
99
155958
99
99
99
73970
106839
609137
26581
99
94503
480580
2276
99
99
99
215182
95962
431071
99
320260
52471
99
73971
258888
99
97
103774
99
99
94019
99
22584
165155
129885
99
99
78669
25061
99
99
99
292723
99
71988
99
99
199570
15207
32824
167255
99
443679
11076
26559
99
99
99
99
99
63147
83811
99
99
99
340745
67599
105799
99
230462
8401
97
99
58047
99
53
99
177284
25157
237227
99
120440
97
1560
99
32009
94
152570
130266
99
99
99
328436
357710
100132
200881
21829
99
99
99
99
99
321639
71825
99
99
99
99
41607
99
275921
99
99
99
350838
99
220098
180
103748
99
39132
99
99
98
99
99
99
218485
99
99
37767
456690
98623
297430
99
65809
99
466213
404253
49068
335264
99
51157
99
99
99
99
14897
99
856
1922
99
99
99
99
99
98
25987
99
163396
99
99
99
134884
72956
99
99
61754
99
99
99
55556
37365
99
99
138060
455271
5474
534336
8150
99
100431
99
99
99
273394
92250
99
99
167671
99
99
415958
397810
99
26369
447531
36064
99
61083
99
99
99
99
99
99
99
99
99
99
99
99
18552
111774
44982
99
137298
99
99
135086
226048
99590
528337
89853
76314
20756
121382
11881
9696
99
99
57
99
99
99
98
10448
99
96481
99
66362
99
89690
99
97
99
99
97007
28163
99
99
99
99
71366
99
463134
18142
26827
99
91541
99
155331
99
173483
99
371492
99
99
99
257677
99
99
99
224275
19463
92596
116877
545
105196
99
99
287451
95
99
79021
82849
83552
99
99
99
249446
5385
99
99
359810
99
8784
357863
118565
15038
99
99
196311
99
99
99
99
99
493374
99
99
8780
162480
99
245722
33257
281323
99
21077
99
99
99
99
99
12102
99
99
99
40076
155736
20349
8066
346383
130383
16794
99
64793
99
99
269087
99
5231
99
99
88256
164513
90873
99
17379
3345
51578
99
6901
98
11104
407746
75864
5019
440253
42998
11098
5401
359375
99
25291
24485
41220
80177
261632
129171
99
99
406511
99
99
99
300596
166702
527495
99
322470
99
518
99
99
34029
99
99
191498
99
82952
99
99
68053
425399
287011
432947
208756
96
4174
53744
78085
284937
166446
89116
99
99
99
202889
99
88
99
31614
99
134745
9919
99
236718
99
27868
142211
183439
99
54112
110851
28812
161777
180800
119698
99
99
197803
99
99
99
99
170827
99
99
217831
171563
446862
99
174304
261327
79108
99
76225
78090
26951
102511
99
58426
64
99
74948
173621
99
49936
50791
99
99
462487
40215
99
99
101280
150862
99
7877
99
99
7717
99
112139
63222
16907
99
99
22965
348792
59112
99
3854
66183
36365
11562
99
196195
11715
99
66960
227551
129726
152924
107389
99
218869
235774
255571
99
99
99
99
72811
118098
238587
124027
42129
76259
99
457482
24105
99
199
99
99
66914
23088
99
99
99
99
4636
99
99
99
240705
1567
184619
99
99
10846
161669
123442
55012
99
99
99
99
99
99
42950
99
77627
346088
99
378823
160536
73879
181614
203
99
99
99
65653
99
266470
208931
16520
47231
325884
99
99
99
551720
99
139955
50767
99
99
99
99
104868
431351
206787
145497
452672
99
99
99
12644
116203
99
99
99
206663
231436
99
99
99
99
99
99
99
24670
99
95
306786
99
99
99
36582
99
99
7818
99
266070
99
65566
99
19492
99
99
66779
99
98
191067
99
99
6644
99
99
362547
99
107386
99
305373
99
99
99
99
99
99
67177
99
99
99
99
112699
10982
23759
130131
50891
99
210166
74400
200915
464493
100180
99
99
99
99
63663
336439
6291
436885
99
99
99
99
295440
84747
532360
44188
99
209049
99
99
99
99
48819
99
428287
101122
123174
99
17046
141440
104007
99
173230
56
21950
99
328204
79945
99
99
99
99
99
99
99
99
99
99
99
99
663
99
99
97
258298
74895
97
288346
99
165164
99
99
63806
62177
62935
1627
99
99
38269
110579
50551
99
99
2429
98
138128
37027
194506
45848
218987
99
99
267281
99
99
123553
99
99
22605
99
99
99
99
99
99
240295
45598
99
99
326198
99
99
99
243451
99
123737
99
267496
129074
333018
57958
327159
99
268379
245
99
19508
99
290731
298019
180845
514683
99
126788
132011
99
282941
99
99
99
64138
420546
142901
252191
99
7278
89883
59937
10180
99
17373
99
331403
242057
99
99
30692
99
457694
312597
106724
99
99
99
246247
90822
247112
99
52579
178269
99
154839
99
99
99
204650
66759
143621
32613
99
167865
99
99
99
86543
275517
99
3969
99
79227
99
99
149585
99
103251
99
99
97278
99
99
145015
255789
296026
31861
99
3022
99
99
296822
195951
99
99
99
483083
76362
99
194863
99
99
17834
99
32883
17176
99
14040
207789
99
99
99
99
361259
128411
51857
99
96038
10453
71906
99
99
423360
99
313412
95
80424
30173
99
275559
107199
4399
189357
18468
99
99
99
175037
99
99
195835
16086
99
42642
99
434817
203134
187302
99
99
99
99
99
59694
265593
99
88343
99
183557
99513
99
144521
225533
99
108008
93
47667
79595
138195
250224
99
59693
339165
107682
99
148227
189367
77473
153674
137630
99
99
99
99
104971
323772
99
99
99
99
2053
50370
34430
155329
18723
110863
248077
99
267259
16861
4764
361788
321037
223834
99
99
284755
123369
99
426361
99
36950
99
28025
99
99
107904
99
149059
136598
99
99
56487
99
16297
208300
99
99
76893
58583
212710
99
99
84510
45844
99
42861
99
111846
79620
57663
99
102898
99
99
99
34157
51520
97
99
99
274415
235638
98
99
99
99
55172
59343
99
99
98427
99
113954
99
20062
175715
99
99
180634
68236
40220
99
156158
99
143727
99
99
99
99
85178
99
99
129269
9486
49112
99
99
95
99
99
99
94851
327508
99
99
59817
265573
99
99
99
99
120539
99
9861
741
99
99
130496
295428
243464
79664
99
462518
74698
7844
24282
60783
98
372720
214
99
230559
99
159802
99
99
179223
99
99
31665
99
99
99
99
72714
99
99
99
22734
99
120692
99
99
99
598774
366787
63330
32792
99
76500
99
99
13826
9193
475966
14810
319413
99
99
99
99
99
104615
99
23161
160352
73852
268468
99
98
1539
99
45433
99
22910
99
11385
101269
99
99
380485
99
11340
281272
99
478453
263733
99
35394
99
99
421507
80747
70121
237458
146690
525692
99
8017
99
51479
112614
322466
368182
46365
99
19234
24116
99
99
99
99
99
56843
54260
114859
21339
36552
309463
18603
99
216112
37686
2029
99
99
99
99780
283008
99
99
223757
99
480789
161917
164059
407079
368565
99
99
99
99
376733
99
99
99
99
99
92266
190253
105300
30479
99
99
99
126267
349054
499113
99
99
99
191257
99
99
227486
99
76696
99
99
99
118502
70372
8405
99
99
99
17508
39717
182773
99
99
66228
99
71703
6065
320704
59707
248763
99
99
126368
420299
47230
5948
117238
14482
38466
15138
379107
99
99
531960
373369
61335
99
32514
99
99
99
373656
73591
157525
99
99
217905
131096
70646
120605
99
119457
100981
99
281227
5216
99
99
99
99
62806
99
132530
30922
99
482303
99
9381
99
99
99
191309
164249
99
103070
146320
158252
259110
99
8849
99
99
269414
283839
40632
99
148670
99
104296
119809
99
99
1091
126837
99
17964
94
99
187685
99
99
99
60834
213647
69638
99
130783
99
99
34663
99
368189
44256
194503
99
99
99
98
12420
99
99
14780
99
99
99
99
99
99
99
99
38343
46885
99
330428
7236
8055
99
99
99
144744
99
105156
336013
99
99
149462
56332
99
99
406757
4401
349529
99
70526
98
94346
344033
99
62843
374972
99
274019
166693
99
99
4914
149808
99
99
98
263589
46507
194477
99
42208
210699
99
99
339760
252232
99
6735
99
99
99
99
99
254058
99
99
99
99
149625
37178
97490
99
99
43472
346928
57096
1406
278656
99
331170
231979
99
34445
223143
296994
46279
569881
35655
99
21342
99
186259
118758
295511
99
13531
99
235742
99
99
1570
508664
99
24223
233882
99
99
99
99
438801
672
352631
99
247276
87601
451
99
99
386644
464623
491561
34985
99
16119
99
238498
9469
322580
193680
99
2246
99
100444
150466
106316
6834
99
99
461826
99
99
88806
73
99
99
99
67941
99
11708
270435
99
36423
218372
119920
14467
99
101119
122051
217860
122668
99
206310
177817
99
99
99
99
41504
99
74075
99
99
81810
99
283677
99
322426
194910
99
146059
619
99
99
99
99
59496
418420
99
99
107597
99
99
99
24905
112933
159077
98
99
525058
99
8726
99
192347
99
48777
9497
163070
99
40183
249414
147408
204916
15382
229015
327448
99
99
99
99
99
467393
99
530160
99
223183
99
99
187806
172142
99
7592
99
99
99
99
121958
88333
99
99
16584
99
179838
99
174122
99
99
99
262391
99
65562
269523
99
99
99
157478
99
156840
99
374185
153484
99
99
225265
298794
84505
99
293233
95
205584
51798
169234
25103
99
99
99
292450
169507
99
206937
99
99
99
99
3519
99
99
99
99
99
122963
30050
115971
99
99
539769
99
102435
288005
99
55890
99
307652
99
99
108097
158015
99
99
99
240565
99
99
86124
99
42783
99
480069
77853
99
99
99
34713
99
6565
99
99
99
99
433808
99
9198
99
99
191877
99
20619
156127
170642
30096
99
171277
99
99
99
99
99
99
97
99
416425
99
554841
99
99
99
99
99
99
386380
6773
99
503677
99
99
185530
362913
85897
99
93
99
99
99
293309
99
99
7005
203447
113477
10772
222210
99
147
99
99
33877
77731
62522
137011
138110
27457
259868
152658
99
117582
37248
99
99
99
99
99
99
99
91
99
99
354741
594802
99
99
99
66273
25958
99
249743
99
40736
137969
99
99
243540
151662
117975
99
99
27290
99
99
65399
409475
99
57826
596705
99
66783
99
52538
99
221551
297138
99
99
369649
99
448828
155760
94
99
276181
295000
30052
99
99
60496
14941
99
99
99
99
99
99
99
188726
99
288472
170859
99
99
68989
99
7698
535111
178937
6968
153507
99
184158
99
1326
79719
118943
66705
99
62792
99
2182
303206
99
83237
58672
95
99
99
99
99
11324
21478
210472
145823
99
99
99
99
26182
71169
268157
99
169712
40138
97
99
99
99
87
334893
109112
99
155015
190772
99
99
88170
99
166194
99
356084
99
99
326138
143724
15758
99
99
12047
164698
16625
99
407130
98831
187897
99
99
98
168800
99
431221
16070
264454
56172
99
3987
20243
99
174230
138597
494481
99
99
3425
99
240677
24988
99
99
99
99
99
213530
99
99
124911
27712
506653
99
99
78895
99
99
477200
30685
99
43152
255553
99
99
99
133144
71010
109475
99
99
359555
99
204809
45504
99
99
99
111853
99
99
99
99
181550
99
435484
239876
99
107503
99
99
99
99
155935
99
99
132194
99
99
99
99
99
265312
169724
99
132189
99
203340
256636
13108
97
252582
108698
12054
55590
199919
176016
99
385785
99
343622
99
99
99
503560
45729
99
9743
106353
167011
389503
99
58777
10025
99
99
99
99
370710
117198
87339
162913
182505
113414
365078
29405
109935
280451
272843
62903
99
99
139172
99
99
99
287896
4804
18495
98
3061
371513
99
99
151927
16796
202525
99
99
236809
154707
97
24588
28036
53405
99
99
99
268867
123703
189051
151468
99
99
48753
501249
99
99
10034
99
217850
223985
63123
99
7474
507198
99
99
177607
282884
99
99
95081
99
243436
99
93677
99
99
99
99
99
99
200232
92731
99
8635
94743
99
412675
99
92
106494
99
99
356658
99
438923
99
125364
99
285999
99
46064
1502
440513
99
45897
84
15333
99
99
99
453925
97
99
29697
99
265298
99
99
99
144368
6926
99
99
93309
97202
99
99
90169
99
99
14042
266076
246255
99
113509
81264
99
99
99
222831
99
99
99
225008
99
310839
412228
49061
99
175879
120854
99
99
99
99
99
6482
99
40576
106709
99
79510
58628
11441
99
99
99
385957
99
97
461162
99
99
192233
5989
485507
99
56399
99
200933
99
99
99
43363
99
99
497080
99
257351
72780
99
108158
135113
18192
99
15629
364753
179859
114867
527148
194783
195322
56402
2737
99
224562
99
4366
99
99
99
99
99
99
162975
99
99
22180
132046
55992
99
99
99
99
99
194706
99
172723
99
170944
367429
99
160918
36175
360308
99
99
21772
99
99
1220
99
99
99
99
271221
99
8317
99
99
166336
34599
294152
99
87746
184459
265491
173882
99
600143
50703
152238
301068
65915
12108
99
449018
99
8733
99
1383
23167
113548
26697
99
151271
48541
2296
97260
99
99
99
99
99
99
99
123742
39630
234627
99
77
147400
432950
99
218513
99
99
253917
581777
99
8173
97802
143738
99
99
78457
201796
84003
41267
174031
99
99
129054
150099
99
2003
52158
31397
383443
99
99
121608
6996
30759
123428
99
99
99
99
21284
61168
99
96785
99
206227
208606
99
99
99
99
16164
286667
46298
99
212576
185458
33679
171691
99
99
99
99
45195
106697
99
99
99
97
90681
12056
99
99
57166
264014
50475
169179
99
99
99
283422
18556
99
99
46155
99
99
99
91286
99
99
99
218406
99
378123
26059
99
99
33893
99
210168
99
23901
316049
72694
98
99
175545
99
99
99
95
800
204088
142610
31983
10127
190511
483
56930
99
46276
99
108953
99
99
99
120739
99
99
208099
43565
99
99
99
118451
185845
263539
24386
66888
99
371616
99
99
99
99
99
99
99
99
116731
33709
191822
89548
99
259903
488178
99
99
449584
438
99
99
90348
99
99
99
99
99
67225
99
141739
99
99
99
23214
99
41118
44435
155178
55
99
99
97
85886
99
99
68460
86097
99
405867
94352
17935
99
260635
9742
99
99
99
136685
99
143515
99
20108
99
266539
155040
175889
99
517656
99
135051
490894
22506
4824
256320
99
72161
99
99
99
15798
279657
138913
19681
14058
99
440203
217738
21085
99
38991
99
62484
137860
42553
19719
75031
99
99
99
281790
83422
99
116024
99
7707
99
31408
297088
102230
99
110858
342695
67735
99
93
206298
72782
99
99
99
131552
99
99
456157
99
99
225772
99
124569
99
99
54702
84744
400486
99
99
320444
268988
99
99
99
62089
39285
291829
72257
5311
99
99
99
99
78239
177821
99
99
99
99
99
224992
32986
242492
70839
99
99
99
322683
99
40479
40825
272028
41464
21034
99
429968
23368
80990
14063
22251
99
99
428949
4161
99
358757
13813
99
99
529351
99
227499
99
115255
240175
99
99
99
9477
99
99
99
534088
45496
99
99
163828
99
99
99
99
99
274069
22402
39562
99
99
220362
91143
99
8286
329249
12435
13684
99
99
6139
99
10770
517720
138417
84915
99
151881
99
99
99
99
99
110262
99
99
82086
99
13177
99
99
99
99
19148
84124
99
99
99
99
22817
10044
99
25928
99
99
99
98
99
19462
21477
120719
99
34786
302151
28463
212553
539
98
55332
333584
361888
99
99
99
133181
416498
98
420485
152684
99
307228
476273
128493
99
99
99
99
99
469795
114271
120580
115827
129276
99
99
99
99
172312
509255
99
372398
160949
33932
55172
99
99
13731
99
4660
99
99
163867
10877
99
93
99
99
204847
99
99
99
99
68195
99
99
256790
72878
308254
99
225081
9069
33513
230797
121956
99
10756
99
70267
123469
506774
54804
12992
99
229599
108326
18115
68889
99
137053
99
99
23700
98
18431
99
99
90661
275459
99
63279
54223
117734
99
58616
269120
276386
99
99
207286
99
51069
44212
66850
154914
265106
224773
19834
9070
354132
99
99
99
118527
111546
99
25960
99
87
99
99
83494
99
99
99
69611
99
79579
96
99
99
99
159034
126811
134814
99
109062
595439
53316
39568
99
259690
269939
100587
99
147237
1775
99
27494
227939
99
48513
480845
186803
22034
99
112762
99
99
99
274698
139258
65722
242098
99
99
281347
99
99
99
27875
99
211847
438787
51257
249836
26817
99
92005
99
99
99
99
99
99
108377
99
99
99
99
81
99
99
99
99
99
99
431508
99
234114
317129
99
138594
354846
99
91283
99
99
40289
8837
45691
99
99
99
99
6464
99
99
99
99
99
99
80806
99
99
99
99
99
98
103315
99
99
99
16432
300945
145255
99
99
78152
90958
42194
99
5254
98
138507
320133
203258
1700
103420
99
99
99
170952
99
205150
99
262714
210576
493230
99
36810
99
35733
227880
176194
99
2121
233377
6810
99
531904
25356
99
99
269281
99
181346
41553
99
566100
148579
73147
71075
183800
99
99
99
28113
99
587267
66731
293621
99
174156
99
37703
99
100894
99
99
2226
5543
107265
98
83341
227226
115747
213556
376631
203384
133213
99
24426
99
99
99
249655
169725
97
254391
321973
5507
99
99
90433
99
99
425089
64020
99
99
126364
99
99
181349
99
99
240290
119289
348032
99
99
99
104161
510461
204256
99
16382
76978
422168
99
99
399815
99
99
99
99
81876
36838
130481
99
99
99
457444
124965
99
261984
27684
255747
292414
119014
99
20002
99
99
21054
125207
68218
14091
99
101386
99
399596
99
28299
123168
39361
379151
123760
287513
16092
44741
99
99
99
99
82391
99
99
56883
355548
51241
74024
99
364320
99
99
144484
21552
31706
62952
66160
65952
2242
99
99
89722
60979
10930
99
99
99
99
110225
99
58606
99
99
99
16233
41774
80944
99
280812
99
99
184889
294419
8913
455541
306170
99
288070
99
10781
176305
380637
99
99
138847
99
385599
29369
97297
239928
73268
118853
280015
99
99
99
327394
33533
238008
99
284304
138015
2272
99
252176
99
99
99
146567
318506
195447
99
99
99
374442
99
13458
34948
50499
99
99
155544
71176
158545
273059
99
211668
221378
476250
99
99
378750
99
99
99
211913
99
99
99
99
99
333760
268173
99
99
427591
99
80797
14199
99
338476
299061
287101
20132
8372
15540
99
68838
184243
99
162655
234643
99
99
99
99
83699
99
99
99
99
99
126297
99
38174
99
99
99
26171
99
99
129622
99
99
85765
74458
488965
99
308678
523449
99
60204
166878
99
93
340524
138375
10927
407845
268157
43162
315155
99
339986
99
74727
367616
99
99
99
130393
34297
120355
87508
355421
99
253044
99
99
99
191039
99
99
99
99
99
99
83369
99
99
75495
42616
99
99
99
99
7141
10760
99
69319
98
99
325615
301444
105215
99
45617
87198
99
99
99
210377
99
99
28026
121230
99
162031
99
99
99
99
68107
32502
99
47259
99
265444
183133
99
51647
99
39451
99
15929
15678
206125
99
39030
99
99
345845
59471
516872
99
410286
191440
99
99
99
267308
521239
225181
284429
99
381580
99
7602
27766
195721
275237
484601
52743
99
297832
73008
128417
415160
189916
31498
48956
99
99
17284
99
171074
116885
452470
99
35339
183266
92421
99
264877
99
99
99
99
99
99
196454
215292
556855
99
90589
99
99
285340
18725
99
151
46533
99
206815
162002
256517
135882
99
99
484924
99
303705
366695
58610
99
99
99
99
99
99
99
3602
62435
99
99
46364
5297
99
99
99
99
99
400274
99
198145
171053
99
162138
99
606110
99
27324
59032
99
99
20982
99
302570
307544
99
61467
216758
113556
99
72583
99
99
58204
99
99
99
221998
345564
4642
142497
99
99
99
124730
222706
99
9493
99
74241
523576
99
314619
56231
238375
49712
99
48611
99
4806
158944
99
266872
99
99
8951
99
19497
99
34146
99
56
252340
99
99
129710
30743
3969
99
99
99
99
194614
99
99
70855
8741
99
57958
432620
274643
161277
126583
112627
265841
99
147122
99
132767
283432
99
13405
201519
99
99
99
6515
99
99
99
304455
99
99
99
169010
73275
53883
276943
99
99
99
50643
247999
134504
99
71566
4703
190213
99
129777
38914
99
270259
127077
99
95998
99
446153
99
99
22279
207214
139998
305109
71894
99
531155
48623
99
99
99
131995
99
99
97
26735
12361
99
99
43629
211705
99
236236
99
99
12315
196538
97401
113726
99
99
99
30738
438357
76684
99
99
97
169170
99
99
99
193448
99
206205
99
94655
99
28093
99
99
99
107495
281744
97
455760
99
182488
23131
99
230119
99
31719
121493
99
195964
40169
197212
99
595557
99
36976
171602
99
99
99
99
99
86210
99
349094
99
99
2470
50205
99
95
116284
99
98
292995
99
99
99
99
97
99
99
99
99
68053
292319
362543
99
99
99
66287
99
99
99
242482
99
99
44179
99
99
24085
99
29552
453876
254918
99
99
99
326618
78318
99
67512
113161
99
99
169448
99
137289
134030
99
99
99
99
106909
99
262206
99
38048
99
99
579681
202584
104798
99
99
118845
99
99
540143
99
99
31326
99
346664
3616
99
99
239729
44132
98948
99
151647
99
382600
99
61867
99
8397
99
190657
99
99
250782
3110
99
74117
42196
99
97
99
14384
99
124629
98
99
99
93824
99
99
8135
118746
76477
113790
99
99
10146
99
99
97
99
99
218753
99
46897
99
99
99
99
99
99
99
99
99
99
402684
99
99
99
99
304089
99
66983
99
276414
99
99
142485
29170
141080
89987
99
330023
99
27576
5587
61769
318384
99
41665
30956
99
19783
30621
88711
255934
135198
99
10485
420119
99
99
60553
74527
64824
68703
99
106501
7268
99
4544
99
522809
99
99
116390
82218
90025
99
99
99
42924
99
99
99
187553
99
86
564753
99
240771
99
77612
20057
401077
377077
99
99
99
99
99
254182
66011
99
99
99
99
34600
99
99
119915
99
194108
99
263550
243786
99
99
99
64783
99
99
99
595066
130629
99
50018
99
99
269503
107053
237571
96
39154
25985
206151
99
99
99
99
99
78959
99
99
99
11850
48181
99
3087
99
154974
99
99
49909
138746
174001
99
99
99
34278
99
99
99
99
5606
99
99
62609
99
99
57534
84879
99
107462
99
99
99
99
99
130622
124444
99
99
99
99
188020
1822
68207
101960
99
99
28856
249802
32736
99
99
99
99
99
278061
99
99
99
196886
47092
48754
51629
9762
99
29369
204174
99
592794
119987
99
84260
200653
99
99
99
99
168195
98
17624
253488
44264
99
99
99
99
99
43657
99
2671
99
2593
395876
94523
99
99
97
99
97506
99
180008
223826
21890
99
269175
85606
212768
121394
160701
22712
99
99
99
99
99
99
250791
196293
282622
481001
99
99
190127
99
99
110660
99
4603
99
99
99
99
13523
99
99
99
43061
221088
99
99
9137
99
71406
99
99
88281
99
402196
42906
99
99
99
59679
99
55885
99
99
99
18830
213497
99
99
76799
307320
36764
99
99
27136
10888
174761
99
99
99
125615
181947
127323
99
123081
104422
99
99
387674
99
99
99
99
183054
99
51689
99
97
99
99
68761
99
99
164404
99
99
99
99
117284
33683
99
137658
373177
1008
203667
467602
408836
65349
99
7900
133896
8413
99
99
99
99
390090
1273
99
99
510058
99
99
99
99
99
99
169934
421985
99
99
200
99
26469
99
99
115209
74859
99
99
99
521246
99
9930
68203
99
2750
201148
179896
99
41433
48362
464416
167160
99
99
236564
191237
99
99
309159
39362
5827
99
99
1853
400933
99
22762
224470
99
99
314343
290266
150973
99
22192
295882
18890
236352
99
99
57527
498541
146419
99
99
99
99
99
171630
99
123053
256915
362289
99
99
107602
99
45092
99
15393
89218
344784
99
99
14078
35349
281880
95010
99
99
34555
445606
99
99
192945
99
106098
99
39711
99
186628
473677
99
99
96
141398
407108
43815
99
59312
99
99
99
87
108674
215684
99
99
155287
56110
54509
272802
99
63200
53277
382708
144587
333565
155491
99
181890
99
115313
99
99
99
99
88683
82106
64796
13770
59921
99
31220
7645
99
546268
99
99
524046
326519
99
15625
99
99
99
40212
119221
4798
99
97
99
99
99
99
437154
196509
99
99
298579
99
97841
99
38538
99
99
99
393827
99
128413
179316
99
99
99
13368
17049
220026
2003
491657
41960
99
99
164834
99
27680
99
99
99
210262
99
197049
99
99
99
12785
98
99
99
99
99
529055
99
99
128014
69319
99
99
99
99
85281
111917
99
96288
266792
124719
17913
104666
74387
99
525429
107051
99
124019
99
34056
99
99
99
352797
99
406609
99
182012
233996
21382
99
73637
99
99
99
216642
99
37833
3220
97874
98
380430
99
99
99
132603
277900
211534
99
64139
99
99
99
92287
76799
99
99
99
99
10375
99
99
36750
99
99
66217
99
99
99
115313
295834
99
99
41029
99
99
98
99
99
99
99
351846
140346
200849
114365
97
193581
27554
91
98775
271695
118538
94453
48908
99
99
28660
99
99
446878
99
238937
369503
99
126942
290514
99
257854
2084
99
99
99
99
99
128381
178788
99
251831
99
330383
99
321068
53107
262966
221674
99
116113
99
58351
99
97898
112155
99
99
99
99
99
99
59468
171290
367754
363490
99
99
255287
99
99
54352
99
99
99
344005
25112
97
99
8279
99
136195
226657
65241
99
99
99
99
99
59541
366032
9748
136200
126373
32953
99
99
99
62925
73894
99
99
32912
98
520007
280893
157066
8996
99
103050
99
99
99
99
99
130568
99
413701
99
38127
159668
99
99
68737
18941
14786
82312
99
99
99
99
24777
99
597762
99
99
190049
99
102329
99
155328
148786
69443
99
99
177350
99
99
12075
99
99
99
99
99
78417
99
99
99
110556
33649
99
243623
97682
343765
204653
99
248749
99
114555
99
20784
99
95
99
99
99
99
99
99
15665
612164
381105
6610
99
99
109763
378
4914
30225
105271
192211
99
99
408682
99
99
229402
82840
99
430504
61430
99
99
99
203650
13258
18132
99
99
99
99
401751
99
99
99
99
99
99
99
36403
99
180013
179971
5625
385304
475841
66700
99
82834
99
99
99
99
25962
124402
34082
146014
99
77725
158606
190906
99
99
98
99
7273
99
98
203127
99
99
112587
99
19759
242776
99
99
99
379905
99
99
121890
124000
327146
171448
99
389513
62964
262287
99
99
37793
42097
9690
99
104131
99
92576
178935
99
99
99
41106
99
99
99
99
99
99
238724
103610
111677
99
99
99
99
99
99
318702
313856
432348
99
354087
175793
99
148662
446272
65799
401674
264098
99
52873
59004
99
330296
99
99
59906
213925
123976
112824
99
360379
72350
99
74569
54793
247763
99
23156
99
99
99
99
146313
26180
98
60589
158662
99
99
99
99
60379
385276
366754
99
50516
176752
99
99
99
99
9487
623
99
99
99
99
183774
75567
99
348611
99006
36576
99
99
99
99
39117
99
1804
84947
99
303365
99
139731
99
99
99
50910
116322
99
99
20430
2204
208415
99
492814
304884
75826
99
466358
99
99
99
2870
98
99
99
99
118319
99
596562
99
99
1337
99
257000
424451
302096
99
24401
99
99
99
39522
30867
3134
99
8988
99
99
66063
212110
99
99
99
17275
211391
73211
84718
99
99
99
99
252843
3283
99
22435
99
99
65286
29149
99
99
99
99
99
99
99
99
99
6644
99
44509
99
99
99
99
99
99
418498
99
99
99
386005
151480
25836
389564
99
553503
99
202206
99
99
114227
99
99
30004
99
15383
286011
8684
334657
158505
99
521126
99
62709
99
99
66409
99
99
99
6037
148216
118429
99
40301
85049
99
114114
99
99
99
99
181783
272070
99
1849
279826
99
99
431438
39380
53941
99
2027
425379
40413
99
310714
99
99
91730
99
435247
281779
251554
84941
9093
7764
99
98
99
99
99
99
67149
53079
305253
99
99
97
99
99
33749
27412
28255
98
99
298124
518021
261774
147584
4178
164860
99
293469
99
293
99
99
141782
298226
99
360897
99
219625
99
99
6100
99
71183
99
99
99
99
99
99
99
99
32581
99
265810
56210
55131
99
96
164007
99
152323
99
94890
99
99
99
95136
96636
99
99
99
99
285140
99
32065
99
99
99
164482
125065
79
99
99
362973
99
34318
127593
99
99
125096
9645
187615
99
99
285725
98696
99
7784
99
99
99
214511
382419
99
9058
99
79842
317641
99
99
99
99
99
99
276188
43576
15169
148052
189694
99
99
99
395323
99
99
99
99
99
286159
198514
99
99
99
99
192807
134129
273647
185718
34341
99
894
500965
99
99
99
99
132140
99
59123
143026
99
503270
99
150968
106712
149362
99
99
99
99
99
99
262059
65162
99
99
11581
99
95201
99
141849
99
99
99
335124
36769
424723
98
4929
99
99
99
32515
57954
99
46873
99
59954
99
374027
106203
97
451859
99
406856
2596
180700
99
99
29522
99
99
185557
99
99
173435
99
37122
97
99
11972
99
99
34999
43787
283377
388295
99
362735
99
99
99
396974
99
99
99
170450
99
230134
99
44419
369435
46814
99
103032
128407
11307
99
99
48207
71648
186018
108700
50004
78809
99
37194
98
336642
211698
98
99
99
314236
133685
33525
282085
99
330387
99
23977
99
165657
247450
519179
291635
252295
99
52912
99
79648
1049
269563
29674
99
99
99
360969
99
67816
99
99
99
60357
425192
99
13278
161552
202639
99
244677
8022
99
99
99
173636
132110
142611
38725
74946
99
99
99
99
259974
61524
14205
274056
97
99
132587
61703
99
99
99
82803
1562
314586
57097
204755
232272
99
99
50975
99
98
277766
99
75103
65239
99
32225
734
24573
99670
251424
53622
32722
99
99
99
99
293367
176884
97
312625
99
99
99
5468
51087
205031
89027
334584
99
99
99
99
160550
151227
99
99
208810
99
184943
98
99
99
99
37638
99
99
106074
99
332529
3771
27132
99
31276
99
242389
30423
141698
448736
99
99
99
99
329649
99
122887
310930
99
99
58445
329391
99
99
388683
155129
232741
99
99
99
110585
88911
393793
99
292759
99
158425
99
164047
99
99
99
82490
99
99
99
406234
94807
6069
99
25308
74661
382501
99
99
41547
64737
102402
99
99
99
99
99
99
97
436147
99
420276
99
99
209478
71949
99
99
99
99
99
166794
475073
99
5365
144987
439548
99
12618
200308
18380
42211
250822
251628
29195
99
99
44811
108755
99
99
99
543860
106610
99
232497
99
427122
92504
99
9316
32774
246087
99
25297
99
248040
68339
99
99
99
5557
99
99
99
454978
99
97759
99
99
104515
5441
95025
99
108595
99
176539
33896
99
99
99
47030
445253
99
54648
134889
347862
99
99
178345
99
487369
155307
311075
296308
99
99
99
72443
83467
5351
99
99
13505
99
95004
4712
99
60093
559339
99
198013
99
271785
155552
46833
99
31999
380226
302288
147788
99
99
95155
99
353352
99
225862
221292
99
262583
5110
398837
99
164683
175747
22930
99
266159
99
99
99
99
92
244187
368504
99
4773
18720
99
99
62806
313314
99
99
99
99
98423
20352
3319
46402
198206
126801
354969
233342
99
99
171009
99
99
449441
99
99
98
394
99
334060
3626
99
99
99
98
99
55416
99
106253
7070
1116
425249
572808
99
192332
99
278307
99
330170
99
99
95
99
99
99
99
18551
99
99
99
256959
99
99
99
170146
97
99
99
195932
99
228794
194125
124155
99
99
99
99
99
99
99
99
35745
99
99
268053
508900
33598
48807
99
495094
99
190586
18657
236489
363471
243340
99
186263
241721
99
133967
177556
99
72021
99
99
376442
99
85145
99
53688
99
304669
209204
99
36006
20848
99
99
99
31050
166568
99
144760
324260
99
95056
193110
99
99
99
32787
300276
99
2925
7519
99
99
99
325500
441530
99
99
143198
101757
119782
346519
120276
99
99
30096
99
40795
99
195906
99
45384
99
99
99
7196
99
99
296721
99
114216
99
99
99
69951
99
99
128424
99
36639
99
129065
97
99
99
99
99
349320
332367
97
135539
99
130936
1983
348472
323594
99
13693
31521
250437
99
99
82193
99
222786
2621
358432
73861
58075
79852
99
51570
143955
99
180715
352864
99
99
11499
176003
1137
299542
250922
209653
99
18178
99
99
264949
52205
99
396833
153586
366497
192327
99
99
12718
21950
102946
210068
141454
329789
99
163002
85366
81656
142786
152269
248141
99
264463
99
34860
130045
