99
99
225174
200723
166073
585968
367507
52029
76195
55931
99
61487
99
99
99
215198
99
157572
35809
247743
407901
99
41002
99
99
99
72787
99
113393
1521
97
589077
230528
30144
14508
99
99
139173
99
99
27648
99
99
99
99
99
99
99
305373
99
99
99
181571
99
64784
424024
138193
99
99
7517
99
99
99
99
99
19374
269713
366140
117352
35654
151184
99
59910
11261
99
99
491570
158992
99
156280
99
77770
6921
115477
440108
272169
99
1286
99
146478
99
99
99
99
422066
99
50395
98
98086
99
228750
157383
99
516839
99
99
99
99
99
21757
99
99
99
99
99
99
99
99
73992
95046
63564
394561
99
455338
99
99
99
39438
113146
99
184684
425599
99
99
243247
187980
59388
55914
99
99
122980
476339
450556
268880
1748
99
105654
99
297841
99
76539
99
99
479151
243537
99
223197
65911
99
109293
99
30310
463034
120799
99
494965
99
20815
367926
59014
99
99
99
323102
134328
153467
218194
453690
99
99
99
193169
187563
99
35779
231945
350655
162027
99
99
99
99
99
190382
293470
33568
99
99
74528
99826
4985
248607
212976
156435
99
89607
99
99
35430
99
99
99
74055
83797
99
99
99
99
99
99
98
126706
96676
99
99
34711
165906
99
99
12934
99
14752
99
99
40241
195630
5391
223303
26427
107937
4540
99
75134
59069
99
99
99
99
99
157136
80102
99
99
315893
59072
56246
99
120558
99
90261
93734
15297
99
3882
99
177555
99
16703
63768
99
172728
99
6309
56076
84693
7322
8307
99
99
99
99
99
99
99
99
99
112030
99
255399
99
99
146543
83
99904
99
99
99
99
106946
99
262371
99
99
99
99
66503
12645
99
99
405383
99
99
265054
99
111431
213844
99
82589
219031
99
8364
79036
99
99
2413
70230
99
281994
55010
99
99
84
39
179002
7345
166189
276120
99
99
68037
99
372754
69865
260040
139215
74291
99
17654
107165
99
99
242163
55996
99
99
99
396978
276497
31444
159475
416811
99
112400
99
76934
16549
60004
447004
99
99
3964
99
6139
99
99
99
415357
47639
99
99
99
54962
150344
72589
99
138710
99
99
343176
8310
298925
99
99
76668
62428
282261
99
67898
465376
99
99
99
97
99
99
108169
14947
99
99
99
50298
99
99
380882
99
248981
25422
49257
99
24703
356488
25991
99
273764
171017
71689
99
99
103305
26582
99
247659
99
380547
99
414967
354098
99
99
99
24016
99
99
217367
155032
99
99
13073
99
333868
41323
199706
73384
356997
147421
99
99
99
243633
99
64078
41268
99
246900
99
99
99
99
44522
300129
135127
99
99
99
92
99
107672
205506
52289
315543
99
99
25431
99
99
99
99
99
99
35289
99
14574
324149
24626
3518
99
99
18935
99
99
116507
41338
99
93
99
90217
90955
99
247676
99
99
97220
9822
437426
99
99
138176
99
2099
99
424239
99
264718
173268
19785
99
99
49027
67412
489248
99
99
99
136292
99
96
99
99
440955
39192
99
99
99
99
99
99
11389
99
6245
99
359776
99
99
99
99
211225
99
99
4073
99
99
125812
197431
99
25042
99
99
448111
99
99
37787
173336
99
34792
126635
99
99
483543
99
99
19879
99
486250
99
99
89855
189806
17889
99
99
95
99
115831
49649
99
38712
99
99
99
24280
81552
99
99
99
63047
99
248224
434483
63395
1129
54601
86796
348711
215416
195307
108324
99
199630
99
302351
300682
99
99
99
99
59887
142286
449188
99
99
99
61214
88818
305006
99
12844
99
23119
38378
98
99
99
144453
8969
99
187673
99
158187
186200
99
53140
498870
660
57943
495689
69563
487939
52401
99
99
55170
99
58061
99
99
175288
99
99
21425
259698
52390
155723
125346
61256
270713
99
122097
112196
99
99
99
99
31821
99
99
195083
99
1728
99
420060
99
99
62840
99
280159
99
99
99
99
99
99
194364
99
115106
99
317434
86992
99
128527
99
99
99
99
39825
99
45101
41117
99
270416
99
99
10920
99
51281
252621
99
26668
8436
99
99
23274
99
157873
193819
201765
99
55286
99
99
99
99
99
99
54277
96755
99
99
99
19035
345432
533322
99
99
3852
228569
99
310358
99
99
99
99
26370
99
99
99
99
99
113273
129314
99
99
127995
99
99
68717
99
99
99
4869
99
99
99
99
5886
479447
33331
560490
238157
105589
383089
74475
13401
99
99
73824
99
99
32830
119577
329328
99
99
99
99
516310
105609
1898
99
220535
99
201283
99
99
99
245049
135007
47709
99
23
99
99
36992
174382
394213
99
597029
99
99
178712
99
197762
44291
187168
99
122292
29312
99
99
99
99
156997
99
99
1020
10799
99
62228
2214
99
3072
99
99
99
99
99
384178
309483
405658
48233
140849
269845
16548
99
99
540353
99
98491
99
82888
99
84849
42536
86103
87096
99
99
99
99
99
56120
99
99
164355
99
426733
118113
59898
98
189
1019
240775
99
202395
99
179711
25825
207627
99
99
99
72223
222080
99
219454
306626
93081
99
99
135055
99
99
99
165348
35874
165291
99
99
46948
99
99
469777
461670
94
99
99
366925
10795
99
179960
99
94083
485570
99
41533
264382
127397
99
99
99
49290
99
99
36232
99
99
28019
300770
486782
387
284434
99
76
331819
260113
10093
99
119195
124235
165815
99
96942
99
190040
99
243715
147576
15307
396022
99
653
99
473163
99
19180
99
99
76614
99
522038
99
39573
228258
99
22965
99
9532
367769
48007
99
99
346413
99
168078
99
99
99
483680
176735
350772
171083
262861
1206
563119
99
103473
47350
7338
99
99
99
433901
25578
99
411688
99
99
123459
99
260372
99
99
99
99
99
25559
99
164935
111772
99
188575
98
5417
74262
99
50968
98
99
99
21394
99
199878
87339
230202
99
99
99
223145
126692
99
99
99
99
73061
138700
157031
164667
117064
65725
270159
522166
93
99
99
12472
99
145199
161796
101332
99
86750
99
24688
236085
143454
241914
378799
60738
310808
99
32305
99
99
485944
99
39452
99
99
99
99
99
95
164126
27634
98
19200
99
99
34508
447585
154187
84521
99
99
99
99
99
99
98094
233269
319199
423456
243478
328535
518336
131492
66142
63845
99
565073
288530
99
99
118563
260125
40050
99
110225
99
99
46266
281193
99
99
36196
376523
71511
99
40422
41585
99
125807
99
99
99
96168
363692
558411
98
122820
99
99
26176
80157
280846
241537
99
99
99
42996
82998
99
99
192674
98
43663
99
99
850
1192
99
99
157434
443095
129197
160285
99
258245
99
99
22131
536057
99
99
23301
99
99
64513
246118
390354
99
99
99
99
99
99
390976
18253
43610
172139
99
99
99
136503
143421
6433
54966
23910
22607
99
199805
99
32103
99
17847
115477
159379
78742
99
99
99
7710
99
99
99
224085
99
99
99
433048
99
9545
87358
191139
99
99
23763
549226
99
99
314546
232295
99
9072
424057
50200
99
94933
33749
69767
99
99
56708
108740
578780
539999
99
52484
39251
21474
233436
99
99
99
128073
54742
11798
99
99
74821
99
99
99
99
572003
99
12579
99
99
99
77846
102999
166504
99
2107
99
18084
99
200672
99
7702
58911
99
105707
143644
274174
99
243765
45760
135843
99
99
3372
313193
3025
99
163815
230287
99
329258
118174
52642
402465
55814
99
99
99
21830
277966
81788
55777
99
99
99
149295
99
182321
73148
834
99
99
99
175663
99
99
19444
450209
399152
99
510281
47813
80786
99
97891
139592
99
114244
118922
99
445717
99
99
99
99
99
99
384154
99
82514
99
99
99
321838
146464
196404
417347
99
132740
237840
99
99
99
99
123220
71516
551484
8122
99
21533
577
99
99
99
40798
99
230711
32200
99
213675
292803
99
75228
78772
99
286963
117361
370207
99
99
21900
156431
99
97
99
63423
99
99
99
35163
177124
99
99
102332
11660
174887
279614
194496
99
99
73807
99
339947
99
99
99
482751
18425
85890
99
99
180220
233987
64372
172015
99
107889
2334
436072
99
135449
99
99
88285
99
99
99
99
99
99
246758
99
236905
99
423016
85312
64030
99
98758
8329
16873
99
132675
86485
99
190562
96234
99
99
167885
164367
99
99
99
99
32342
141759
99
154058
328645
179295
72726
90716
378995
99
99
39658
99
83886
99
139048
99
99
99
354429
99
2270
99
16704
99
160860
374232
121537
99
18495
360813
297245
99
99
254882
99
109038
159828
99
186579
99
99
99
33913
98
20286
128439
99
101612
28516
99
146245
99
257778
81725
99
253752
221119
50158
66837
99
11789
98
99
99
369777
99
99
99
98
17884
99
99
120241
99
99
99
22571
230651
90614
557645
79880
210871
329947
353039
99
99
384249
525771
99
99
99
100380
508984
68355
99
99
93748
346960
18733
99
32800
55719
99
2493
99
99
24952
79032
99
99
177693
99
108810
99
134671
99
264751
99
99
71629
99
336814
99
95
99
99
144589
33936
99
99
395936
244163
99
418381
184198
75844
224557
450093
99
99
99
5836
111608
99
220483
822
73701
99
99
450384
235246
151587
99
99
99
99
103669
203728
163097
26439
99
189468
7829
40600
99
33848
99
89348
99
6717
99
99
125432
99
123291
99
196435
77736
99
203703
99
11709
99
151706
17742
50586
99
30992
154693
99
99
99
326791
99
61527
30225
99
40919
99
99
99
99
379679
343880
413054
535531
99
99
99
99
144944
40854
91469
99
99
99
32473
99
99
350242
204381
220750
20417
359391
107984
95588
99
99
99
99
35
99
99
147745
99
87487
288146
550293
209064
99
99
98
147819
168339
99
13686
99
10661
542059
99
421921
55937
23008
48711
99
10264
222313
99
99
99
118392
116315
99
171319
358388
133733
294267
99
99
101300
99
99
156832
107107
86209
61385
99
134027
330364
99
402567
175685
99
99
93
22134
127571
99
127068
83397
343878
121664
99
266970
102923
99
32232
99
76151
266732
99
99
99
196953
99
183146
99
99
28521
487813
464583
99
99
48166
99
99
99
47912
206019
99
64647
99
99
149837
99
244679
219834
105647
99
99
99
99
15769
99
99
296857
99
99
117307
99
37592
99
120189
99
105479
5987
99
159880
91646
99
99
99
54397
99
99
330730
99
23171
195913
99
99
99
98
341466
43761
99
158946
99
99
99
99
97
99
99
87511
326895
1878
99
99
42532
99
99
325920
99
8277
99
99
392343
350128
99
99
40947
99
99
99
505289
62449
99
99
99
6436
188452
46503
99
99
71839
99
199834
99
45061
99
420586
216817
99736
99
8111
99
99
99
99
165705
318045
99
120463
548217
213659
426938
58715
118914
99
99
99
99
99
99
99
314600
37533
1911
101479
99
99
184667
99
99
282611
289030
99
68091
144875
247907
493257
47536
99
99
45892
427621
99
176771
99
23781
155
137878
245916
99
99
413757
99
162617
99
99
264818
293866
435854
99
220147
99
492327
99
99
28128
99
139199
104050
99
129315
99
99
43716
457258
5810
109065
99
99
103915
99
159995
99
99
99
151303
99
99
99
99
99
32505
99
99
101780
99
488245
99
99
99
174285
66556
99
225653
94
468956
311137
325877
241841
113408
99
3859
113127
68350
99
99
99
99
1013
99
99
31313
99
99
99
99
495050
99
59986
95
224527
353635
99
96622
99
99
425196
99
99
63542
99
136031
1918
96741
99
11703
99
98
41612
88688
178333
121151
99
99
99
99
99
45382
99
99
128664
111398
99
99
97
99
20674
99
153847
99
99
99
195054
257005
2658
495886
257436
2663
198818
108058
69686
99
99
99
248640
473872
99
99
99
190767
99
28622
296673
83693
5937
1447
57531
99
99
10842
20487
99
99
99
99
99
62139
99
57015
127413
217594
99
99
131969
24646
99
304235
99
152864
99
95975
32571
99
303152
99
128941
422777
5158
471669
99
31647
195749
99
97
99
383915
20038
2059
99
11686
149644
99
99
99
368051
343916
56284
99
99
99
99563
99
71686
99
4247
178468
215854
606
99
99
113020
455961
99
36944
59551
99
99
99
99
528568
99
565865
99
3751
195721
193292
99
99
226028
99
345136
99
417422
99
99397
99
85096
281891
117124
99
99
99
99
143389
28506
28275
131223
264126
99
17219
158057
99
124715
184658
20668
143410
99
99
99
99
430913
99
99
178970
2820
99
99
405534
3642
99
99
190306
99
178603
99
10764
315628
99
99
99
99
99
175464
99
99
56369
34690
99
105819
138385
99
68944
99
99
99
99
99
99
99
531428
99
99
465789
99
99
213271
495117
99
99
99
99
24095
34964
34452
99
37944
8430
99
99
99
290917
99
99
99
99
125957
56167
99
123187
189676
99
104745
385685
99
99
193260
99
139069
99
446954
222631
97
254215
99
99
11934
99
37198
113173
99
99
292259
99
99
99
10902
180547
98
99
196247
99
17653
38297
99
37941
99
64034
87798
537302
6961
3126
30608
540646
99
279838
298562
99
265513
148411
210784
408
99
199280
99
128026
99
23208
99
247387
213038
36525
25293
99
99
450869
99
363712
336809
99
220779
99
99
62749
156047
99
99
99
99
99
172503
99
99
53197
99
99
178725
53828
76495
86395
37308
99
99
67642
12388
78099
43795
16091
99
99
159762
93959
41098
180256
176451
99
515245
99
99
22747
75525
99
99
99
99
58900
99
99
99
258978
99
22482
431944
99
99
220781
99
99
23366
272380
54180
99
99
341394
92043
581327
379462
99
99
99
99
99
29110
99
99
99
55753
23266
99
146800
281440
99
486101
99
99
99
79368
99
11383
99
99
163837
99
99
99
99
99
99
99
99
19670
99
68298
61203
229363
242350
19989
99
99
194469
202065
185792
196213
253434
99
103189
1502
99
177271
99
476706
275196
119262
61718
99
99
99
20089
546510
300417
90
21438
11507
99
33123
31833
99
99
99
104242
37063
99
299499
99
312684
168547
5561
99
322137
426370
99
264018
77423
73730
220411
99
99
103471
350221
99
99
99
99
99
246247
99
140616
99
52374
330168
398713
255023
50428
99
313604
99
99
52282
34063
302989
19581
99
202198
74894
99
22372
362949
99
528794
137177
99
181465
99
99
99
166823
99
99
99
3660
12824
432741
333059
19770
62230
99
805
288662
24799
99
19228
82547
105824
417
61402
98
3151
102977
99
398012
99
392376
277262
224355
99
99
99
235837
99
99
99
99
472232
99
38441
89952
164723
99
82846
440126
53869
123530
99
99
5260
1423
99
99
172205
116462
569890
136471
99
1589
99
5468
147155
195138
99
26803
99
106846
107347
63525
99
102132
99
100301
99
99
53848
99
553888
129637
99
99
99
75404
328139
93
99
99
51824
99
153097
477298
162052
58927
163909
99
99
182112
449025
99
336994
145609
99
98
99
12326
149098
99
99
215982
21035
125108
245790
99
18613
99
3173
32931
99
379384
46779
99
264366
99
99
99
178568
99
57762
71985
61989
54337
375197
9201
83509
74883
99
22539
31468
99
99
180604
219142
1061
75152
230615
99
147647
99
93086
51759
160115
161214
99
99
99
99
33424
99
68842
99
99
99
99
137728
226806
99
271567
94949
412469
30070
2641
81042
15546
302167
99
125950
336822
120098
409687
209784
56464
99
99
98
81
326459
99
44357
99
105123
98
99
99
53293
16542
99
48027
99
450086
33858
99
11628
99
346699
99
204275
99
351767
11712
87097
99
99
58841
99
297246
440614
99
99
384026
103858
99
106909
99
99
99
99
99
99
99
99
99
99
12018
22442
23312
33810
99
40454
99
270988
99
99
89908
31511
99
99
99
1807
114422
99
117199
99
334066
304241
99
99
99
7035
70295
122543
74428
32531
99
99
99
99
99
99
99
99
95
393151
83418
41927
84616
99
99
79715
99
99
193503
193860
92054
99
219289
13833
357648
148591
53433
346980
333731
191860
99
145017
99
99
99
99
334442
99
99
186922
99
77103
496605
99
99
99
99
45828
150195
389205
107176
99
380152
99
99
29368
131650
99
508795
4305
218435
99891
81410
266339
71688
99
48621
182155
99
99
99
99
191445
145775
99
99
99
196479
101144
64972
29913
99
280464
99
296251
366982
99
99
99
233492
110022
99
99
500402
145175
99
99
99
99
268512
364507
250876
99
99
197712
340411
99
99
99
99
501739
49607
99
513718
99
99
197471
77478
99
99
312706
7359
14884
99
434236
231908
153132
184546
99
225854
99
99
207620
216882
99
29377
101870
99
99
63920
456821
99
102680
169072
99
99
262428
99
99
305869
94
95
166
117763
99
104120
99
108340
44277
299986
99
99
372309
99
104987
106814
174230
99
3215
336250
99
99
99
99
95073
31263
99
53149
29106
99
90622
99
99
99
47999
99
365758
99
599739
99
99
99
99
70079
99
35348
380440
275321
4870
544963
51626
107774
99
104077
99
498139
99
151258
99
99
99
99
99
43565
99
99
358101
99
9049
99
82277
62270
105564
147174
99
189288
99
98
112294
99
37260
306341
250756
5723
99
73964
98
99
238775
33342
408968
30162
84284
324746
99
78817
109473
211259
99
99
99
99
99
99
99
50547
24036
99
99
99
585671
99
99
99
395168
99
99
314921
271231
25169
99
99
189154
99
95
279879
99
99
23101
1120
99
170725
59959
357832
99
99
99
376805
99
99
667
99
99
7891
99
99
53826
303404
159571
99
37761
99
206204
15383
7540
99
99
99
11752
16562
396194
61743
99
99
99247
99
99
99
31678
99
121528
212802
99
68175
256537
99
99
99
1942
99
165116
99
99
27779
99
99
127024
69331
171088
242408
99
400871
99
99
99
99
313871
10446
34701
99
70889
99
99
99
369317
87399
250586
99
99
99
30762
446455
99
99
1807
395037
99
99
111061
105425
99
54168
99
99
99
99
99
180531
200021
30537
99023
99
255967
99
99
506148
99
99
99
422877
99
221037
349068
162009
340074
99
99
99
480678
99
68518
99
99
87443
27212
92889
108243
242862
516864
141988
76709
6542
92388
99
99
36162
141522
115060
71138
99
99
48919
102823
99
99
462735
99
99
99
99
258836
442325
307225
99
99
460317
99
3602
99
209658
9451
99
1899
99
21194
99
99
99
448248
123853
99
99
140218
99
21795
99
67122
443854
33599
129204
99
293828
33058
99
156704
99
175569
99
6893
85378
509837
163528
99
123414
99
208553
99
99
41001
99
12936
169295
12618
99
99
72848
194713
99
41232
98
99
99
99
223231
99
98
99
334205
99
99
36439
119038
99
56728
232689
99
786
99
99
99
99
99
22891
142086
332832
99
98
3633
99
99
99
39940
99
65510
99
53312
104478
99
288983
48798
99
99
99
99
86559
99
284960
1771
43246
99
34323
132167
99
93
99
180530
99
204497
99
99
99
311115
99
224996
245866
87250
132110
93310
82568
123787
99
99
99
99
99
99
99
32870
83889
151926
99
170809
99
99
214085
30183
4546
13899
99
99
99
99
62530
2704
222155
183746
99
147336
121645
73974
99
419009
179235
99
21018
99
49476
99
5485
99
66681
99
92089
99
99
99
44691
155318
99
43670
157790
547502
99
454051
622884
99
108721
73770
99
99
386010
108580
99
99
99
99
98
201135
36332
362296
96
99
22441
58973
205963
217651
99
99
22605
148490
99
99
99
172372
359149
99
135575
61400
79632
128347
236888
99
99
220434
331603
682
215804
481630
106989
227566
95
99
7074
167110
81126
150785
38419
329608
110149
69487
594004
223179
99
111914
99
317065
75393
39573
99
99
99
99
240362
362681
564643
99
324563
189583
115327
99
273426
94060
298696
60332
99
99
82474
99
110954
99
99
227062
458029
74920
135809
126530
1817
10918
99
90481
125397
223070
99
14439
35207
96693
99
240736
19917
99
49505
99
99
277084
54099
99
201788
99
99
67263
73289
6811
343474
99
99
108612
99
99
99
38208
5888
97728
53748
99
99
131553
99
54969
99
99
224251
99
99
99
30772
7835
36335
120256
271784
14200
394607
101282
99
99
54657
99
34687
311440
86119
13113
99
136978
99
220889
99
99
99
81579
99
99
99
169795
99
99
99
99
162837
136281
46078
99
248807
288433
60680
302314
115380
24543
184840
99
95394
99
99
99
47613
151694
99
1572
21512
99
55829
19039
99
99
99
310112
99
99
99
374290
297779
99
99
9932
99
99
30801
342570
219013
99
99
99
406757
69337
99
99
97208
71
99
165048
71683
99
99
5891
99
23085
99
252297
60660
178189
39671
99
99
207693
99
99
184430
99
99
215024
20191
252949
99
99
46446
15413
58963
403576
42707
99
99
99
411899
99
99
31168
160246
8653
99
181932
99
99
165850
99
99
99
231972
98
99
194
1863
99
99
99
197993
52596
99
99
99
99
98
99
25113
99
99
99
99
95209
364745
73445
99
144302
99
75649
99
46619
99
155849
99
99
202306
216729
143296
99
113494
68
99
99
99
99
6438
99
521871
99
124535
165141
99
135724
359729
312971
99
99
369416
98
37168
27430
99
3156
66474
185721
123172
344609
99
99
150749
99
99
99
99
99
118001
34059
16869
99
4655
99
99
99
148505
99
612269
248657
24335
20547
219104
97
75647
146027
99
99
99
99
99
53362
99
99
99
127044
50518
99
47992
75508
102805
51216
99
92818
147444
99
99
55598
474487
35869
99
192690
99
193823
99
61944
421188
1274
274873
99
315565
25691
45422
99
99
99
99
99
9869
41864
99
99
99
218601
237443
99
70356
99
141501
99
99
99
108129
99
99
99
311177
13523
99
40043
118637
99
42338
35307
99
181889
99
3304
99
121513
56499
99
99
99
68731
108739
99
230170
165379
82587
99
99
382949
142390
222763
7171
320905
198808
99
99
400600
99
99
526106
99
99
99
99
72576
258205
101726
133260
531659
367904
368485
99
99
500
50807
268636
99
99
97
115977
351992
173639
352877
369940
99
99
99
99
18761
369786
127319
86018
300868
99
123022
25098
99
174012
155638
99
127286
99
359966
47
99
99
8960
99
113773
99
124901
449445
99
99
99
561435
304556
299318
99
99
99
23409
77826
38277
460979
99
99
316296
99
99
181163
99
98168
40894
99
99
99
99
117726
222620
99
99
99
99
6492
117275
15550
99
7923
99
99
3523
75858
1647
98
99
204586
99
99
99
116780
317480
99
310032
99
141430
459440
99
146098
99
99
99
233596
2183
125979
99
115860
99
99
141872
19170
101596
141545
99
238304
5240
107181
24528
99
109222
99
99
297224
465007
16016
152888
99
99
99
99
31573
99
232579
361831
99
99
99
352569
440855
99
99
5513
99
99
80139
16790
99
99
99
99
99
419086
43647
175437
17600
41050
78047
17845
168090
99
53495
99
99
6193
99
105868
99
99
141842
99
99
108384
99
20391
99
2376
365653
202324
74709
99
35013
1575
99
436677
99
50797
99
99
99
99
65789
41983
99
43216
99
99
99
569002
269419
99
362002
203129
2288
99
99
518246
9842
14106
99
43763
75474
87
99
465337
99
99
99
60745
213340
9386
99
1895
99
350313
99
121446
101626
464336
152217
99
89001
435417
99
49242
92
99
99
291505
5561
37584
50572
265670
190413
95
149021
13201
166981
99
279300
191018
157893
99
99
99
96015
462486
584783
99
99
34326
99
99
54544
99
171995
99
99
130032
99
99
99
99
99
99
150627
99
136068
99
58415
99
412898
66596
99
279990
212480
99
157536
51478
99
99
99
99
99
99
47664
99
99
92945
115347
99
99
29166
99
99
12511
99
10436
176406
253291
99
252238
1389
49949
81208
99
167330
99
99
99
197949
99
99
9233
154506
54097
99
99
11821
124225
99
124785
99
99
99
9258
26312
175224
9766
99
94677
99
220800
99
124114
119535
11176
99
99
92464
99
99
99
99
99
99
99
99
99
97
99
105725
69267
31110
138364
99
122600
7698
89256
13407
59473
467858
99
99
99
99
99
69006
26911
24603
24303
204428
99
267201
248453
42189
50432
99
99
95
167269
190950
372674
75109
99
99
341408
99
123354
99
99
99
99
99
99
334989
254563
99
495
274738
99
99
99
155
328792
37095
124792
93
99
209649
305986
400471
99
99
45329
57420
127344
128860
99
521009
23057
99
171084
99
89075
99
79027
18486
303555
99
206846
99
414574
136555
99
155
202724
141128
365818
492091
292223
99
526792
1027
95880
314976
340229
99
197368
183412
99
99
99
144138
99
504167
32351
99
32094
308396
99
133119
99
99
11239
15344
99
99
99
99
67807
99
99
99
99
99
245811
99
99
99
99
422045
26389
99
99
38267
96782
99
99
99
425874
96068
90097
130739
99
271373
99
152518
99
45771
99
99
197575
99
99
42155
17006
360129
30228
61846
99
6144
99
148604
99
99
549251
38836
131907
86357
99
99
99
99
230010
145497
99
291474
194116
99
99
278185
99
202628
317634
99
99
99
6746
354917
261116
99
99
99
254582
99
99
99
293737
148353
99
40220
99
195384
99
99
98
99
99
159353
99
172516
99
24110
156157
99
343472
99
99
99
99
16015
133095
99
88473
80577
517009
99
99
430610
99
26222
99
55158
168844
99
99
99
99
120205
321070
2034
375272
288913
99
99
99
26387
98
99
36034
189516
99
218482
82322
238384
128058
99
321968
99
255406
47603
217069
37489
99
53378
99
99
110007
142611
40812
99
132469
99
1726
266817
14110
99
99
284145
99
99
200462
99
202968
5364
283962
99
37689
248663
99
71523
98
207592
493382
100181
188498
99
131132
99
70120
99
96
99
111414
99
129124
10594
99
99
78330
564132
99
99
67946
99
99
99
406088
99
99
99
111101
99
99
56968
99
99
117664
99
98
99
99
60826
464276
99
88667
99
8494
99
209984
330329
337774
99
98
99
174749
6436
2119
177416
1671
231359
99
15475
99
99
99
99
17135
99
165245
178543
99
278498
2947
99
99
83490
99
99
99
99
102239
181149
99
52842
99
99
99
39
99
201977
293063
13773
99
99
99
99
292770
49940
316417
30187
190983
219003
99
99
99
29638
11540
171695
59433
99
7602
117
99
120259
99
288017
91131
613761
102421
118128
222574
2337
99
196417
99
24343
169354
505
99
164477
99
256883
47804
99
32627
44165
99
61204
99
64377
99
99
78888
99
99
44983
56670
26521
303210
9490
99
134805
99
153411
246561
99
125643
99
28512
124527
99
299768
99
162523
99
99
99
99
18710
99
99
213296
69264
21983
99
15501
99
417
768
1934
470973
97
86747
162754
36153
99
161009
34145
16131
99
99
99
99
177814
53436
99
99
6390
151609
171629
408430
35658
99
118080
581387
99
192347
99
99
221082
241585
29218
206057
214974
174557
253708
99
210620
97
428392
99
99
99
99
71915
214781
99
247273
69336
99
58183
287789
99
99
238585
99
323615
34677
99
410946
99
309008
122606
99
99
45700
99
99
42764
99
406168
99
250651
99
187092
99
182252
99
3052
99
99
99
84266
99
31828
99
29998
99
99
139252
99
124283
1554
249226
99
99
374421
99
408224
180055
487198
99
99
205907
99
98
99
44580
74903
99
94167
297151
99
203000
151069
99
99
99
107315
9411
169314
273079
38523
587513
99
230497
99
99
99
99
99
193996
210703
99
54624
298053
247583
387270
434838
407858
231283
133157
99
52948
99
99
99
118012
49685
32537
99
99
99
53819
99
99
367107
99
1284
99
97
14930
21134
12784
99
359005
136652
206479
99
342088
99
39275
99
21580
4503
241918
232156
99
182574
414189
99
99
99
99
99
311010
312015
99
99
99
122387
42132
99
99
4952
530147
99
237728
168709
99
99
99
99
62840
137506
177269
99
99
353396
214396
174125
119925
15790
99
99
98
379722
99
424432
329343
302196
99
99
481614
99
47086
311364
99
15073
99
98
228137
213564
99
99
99
99
99
138983
80766
99
99
178789
99
98
99
209401
25379
122634
99
99
99
99
98
99
99
99
73648
99
99
227591
120041
317673
102776
1105
99
99
99
308492
29686
99
251727
128231
99
40202
99
99
85331
99
733
99
97916
99
99
99
99
85617
99
99
99
99
99
99
99
236413
99
99
20191
99
2755
99
99
99
99
140599
137621
99
99
10917
73117
99
99
465572
99
45895
99
13671
99
36944
546011
99
99
168794
99
99
99
99
293572
99
99
83305
108042
363631
99
228871
133620
99
27609
99
99
1847
99
275922
99
99
99
99
99
319196
125306
63323
563623
99
99
140205
75656
99
8700
99
434753
253211
99
43144
27581
31307
42
16791
143404
99
223194
118527
99
143067
261757
249
32858
220103
150267
99
99
47940
48496
99
189568
325536
99
99
99
3107
99
36579
99
99
99
99
25052
201863
99
77648
99
106851
99
7146
99
99
99
172690
29549
99
104746
495620
99
99
99
94104
70043
99
15523
44617
99
99
99
38326
225746
5810
104761
184772
290494
133924
295750
99
241119
231901
99
99
99
99
163683
99
99
37091
99
99
99
19828
275963
78588
259660
170985
99
7988
16240
214704
99
99
39641
10069
162502
99
99
99
99
3510
11876
135944
99
299493
99
21161
99
99
99
99
99
99
127135
99
99
99
99
166885
99
99
99
31817
99
28794
99
4004
33859
188694
255366
142693
148704
99
147708
99
24476
450427
99
99
99
99
99
99
99
346563
99
198079
99
191121
99
99
129505
31960
99
99
270260
442473
65943
99
396857
57560
81285
93249
227417
99
281904
99
99
99
177539
99
99
99
5038
334936
99
47403
99
99
99
34914
99
26224
382543
99
22358
99
162248
99
99
99
534723
1634
99
99
99
43908
4212
99
99
204824
99
389641
99
127640
1857
276336
78252
195337
99
99
99
331660
319420
99
99
218903
109483
194409
99
355347
99
99
99
99
99
99
99
363102
43532
148061
35375
275359
99
99
99
99
99
146061
183533
99
61355
99
99
99
295255
44905
99
99
254864
189786
19098
99
276433
177371
99
99
99
2482
99
502354
99
340289
5989
22757
276110
127843
118241
99
15676
99
37345
10586
99
99
374311
328061
99
99
200403
99
62069
99
197638
286199
99
162304
99
3831
99
99
99
99
99
36077
99
99
38615
99
57294
99
199499
99
99
20786
32419
269966
221450
44700
31902
300166
99
130143
119775
87699
99
99
25670
99
99
99
211433
99
105212
295159
98
40679
99
349075
99
99
164580
2910
99
99
199685
99
246351
81876
99
99
46274
99
99
17045
585236
2368
99
99
99
99
99
65015
866
68456
99
64569
99
99
99
96944
296309
99
187981
236146
27904
36185
286401
105600
99
99
99
99
99
1936
99
99
99
99
164396
99
84774
99
6394
99
16796
354463
99
225334
102540
347092
103121
99
99
169578
15354
99
12137
99
99
99
96573
50076
2470
99
99
99
140095
99
99
99
264013
103829
99
99
99
7806
98
99
99
99
99
99
99
390161
56799
99
187589
236545
99
99
99
99
64885
99
18041
137488
99
292695
99
217538
99
157922
99
326361
46600
99
145089
84134
99
71530
99
99
99
17398
99
99
2790
99
472272
307119
438731
301276
99
99
82146
116763
99
441258
99
99
412782
99
27114
99
99
316927
99
99
99
99
87418
99
99
1770
16359
25992
99
58689
75447
99
16284
30074
99
99
1709
99
99
99
99
99
99
99
94
217352
9364
26701
99
28964
48472
137655
131078
99
99
60794
99
99
318692
348337
99
50377
99
303663
494394
73303
99
99
54200
99
180099
334928
99
57260
99
43023
99
87154
27272
329088
99
49799
220330
203214
99
6228
99
99
99
150290
99
497389
99
202922
99
99
99
99
272986
99
96
94457
99
30031
275664
92600
99
179841
99
99
109817
517134
48918
7523
99
99
99
95878
245278
203842
99
99
147273
161838
13081
99
18441
99
99
99
200169
99
25040
99
111745
99
99
404152
190763
8464
54
103040
78248
99
99
244613
99
99
99
99
99
99
99
133301
99
99
99
99
99
99
117025
99
99
160324
99
299820
74691
99
181624
1688
99
99
99
99
477497
256227
77023
129323
99
76070
99
99
99
99
86638
149659
99
42435
99
14619
99
5602
99
99
113277
99
52272
8913
86950
99
99
53050
19440
53927
99
99
64138
90017
14207
98
9882
99
99
241157
99
99
99
99
99
99
98
99
268782
99
83611
270537
376745
99
98
28375
2074
97
99
99
129878
99
99
99
99
167527
106059
102400
72384
99
97
105914
99
7928
99
368753
99
99
99
99
99
99
358861
99
56150
99085
99
99
30364
99
99
99
99
99
479501
209621
26939
191575
99
139236
6655
3940
135371
96570
379835
137624
17057
99
99
139537
71161
99
159855
99
99
267276
99
99
99
99
99
99
99
99
119395
143578
81269
57327
129048
99
99
99
99
43510
99
103558
99
98
45435
99
187029
385604
99
15154
99
99
96746
99
14476
72915
99
99
99
207308
99
99
305530
99
99
99
30433
99
99
21226
444929
99
59355
492573
99
99
99
99
99
4825
13157
99
44024
128882
99
99
214875
99
99
172621
99
3785
99
17416
14705
99
99
39709
99
99
99
73983
163984
99
99
99
231062
14982
398952
317818
99
99
99
115481
52700
99
493356
170551
333686
14287
104671
99
99
66687
99
91981
4038
185743
123949
118772
8610
99
99
99
146775
269114
99
28067
387804
99
56675
483390
79
361245
432987
99
78343
59835
99
119936
328160
99
99
99
25011
33644
99
358787
36146
404755
395508
17363
158480
1251
99
99
99
99
99
99
99
49743
147868
99
3192
99
174907
99
99
99
99
99
151532
99
427764
99
99
99
99
99
99
99
280887
99
2009
99
660
215081
99
260581
99
99
99
99
99
24182
83761
99
241711
99
99
99
99
16307
76286
391942
99
399171
99
16761
141349
316
99
99
99
27540
431656
99
99
99
98
184839
25338
58159
12674
99
99
264167
99
99
301960
6498
169122
20114
218161
99
124784
194807
98
62127
37772
99
327039
99
99
1647
19292
99
368285
99
9153
119730
99
72174
99
99
54052
99
119936
99
99
99
99
527806
102348
9543
91767
9798
219503
99
99
316219
202465
99
75951
99
62902
591052
408099
99
174325
33405
99
99
99
99
34143
99
54711
194731
99
255252
107749
11864
372265
99
47065
93916
70061
99
281177
134095
99
107271
534710
63150
51233
206751
119979
320632
99
51827
99
99
16257
123397
169011
384355
131945
99
82489
99
306270
99
99
99
99
54986
99
98
99
312043
213393
1552
155190
99
192320
81482
99
99
99
60725
99
30491
99
99
99
99
99
99
99
32298
50772
122164
99
115612
99
138797
178193
177341
99
99
23664
138512
99
99
101048
123689
99
393233
558196
265745
347083
39189
99
99
99
99
99
99
105101
593615
56535
129857
111657
99
99
175951
159584
99
99
99
501075
142360
37323
99
76953
45244
359663
99
99
397739
417717
99
99
99
99
99
299
136270
99
24323
145168
99
126507
27446
160996
99
434520
295920
61646
99
161739
255350
7945
104642
99
29792
203302
99
99
99
68392
99
148162
99
330
99
1844
101181
279924
117093
491436
7711
99
345520
99
99
99
95135
143501
99
99
99
8349
99
78857
158513
7071
99
99
99
99
19380
99
99
99
99
99
19821
99
99
99
99
38859
99
99
22531
14288
99
283415
99
99
289222
99
99
99
60541
593578
99
99
99
99
7819
99
1494
190145
30585
1044
71851
20179
124056
99
6693
30391
99
99
99
99
1559
100042
99
144317
132367
99
99
21187
99
155606
99235
293292
99
99
99
99
99
99
99
59566
18375
99
90957
213930
99
92599
99
99
99
99
53591
99
128838
99
278107
460704
15544
99
99
99
99
174867
99
99
99
99
26716
118026
99
98
50126
99
113969
99
192695
64588
285620
99
99
360121
99
99
99
207505
8012
77
99
282788
35686
312406
99
2273
99
3065
79738
351579
99
152697
180717
3512
99
99700
99
99
99
113279
60698
337473
99
99
70
99
99
435701
321350
49136
99
99
24540
231957
37831
99
119801
431537
99
87370
159547
111247
39077
99
99
157062
99
304145
99
99
99
249462
460517
98
90
3437
91599
99
246602
459555
99
99
99
99
99
99
162203
289039
16021
268802
91090
55735
111383
97
99
10814
99
37842
99
99
255866
99
99
74450
99
99
61
99
99
99
99
99
21443
285632
99
76967
503954
99
317419
119744
99
89
159798
152189
99
102387
1512
66138
99
426316
99
68660
99
97
153408
64735
99
16684
99
127653
231462
57589
387993
188272
72150
99
3708
99
99
99
99
99
211417
168243
38488
99
99
98748
99
99
99
99
430678
99
99
44316
422862
10179
99
25681
45753
99
99
48201
301823
99
99
99
39809
414619
99
99
99
99
13136
131792
309141
99
6515
99
99
552242
99
10842
99
174866
9755
99
536036
99
93439
99
33044
99
95
99
170183
59718
131000
325891
99
394507
99
99
179256
99
99
99
357772
251604
99
205841
308780
