99
99
37997
198567
2577
99
99
99
78071
37459
36783
4002
99
99
99
34772
99
99
99
99
46956
86773
99
219980
91
99
190173
466619
99
6556
97
75567
344998
99
181692
99
99
99
93483
99
99
99
99
97
99
99
164751
38886
101449
99
64046
51342
99
38323
99
99
90357
9007
96
159601
99
99
99
178392
99
96297
99
24750
53427
348051
99
99
99
99
27657
130398
143308
268
38505
340712
470246
434971
99
99
99
16196
99
401508
99
291220
99
757
99
99
99
99
99
99
477311
203043
287382
101157
244115
166370
118309
99
17600
99
108832
99
99
99
99
432763
99
99
87252
99
35187
99
99
99
99
235
2232
99
313309
26834
18911
134679
99
235603
87321
167614
99
202424
247328
341908
11269
99
443170
99
174304
99
208286
99
6139
99
99
178557
99
174295
99
99
70837
72439
99
211287
99
99524
99
99
99
99
99
99
241048
148971
99
96636
27213
99
99
99
99
99
99
302133
99
147689
140999
99
268119
81
20302
88932
99
46660
669
99
25319
2106
99
1104
99
14130
390784
99
189922
179997
99
588
99
72902
99
99
25948
197155
94
345967
436615
99
99
99
204380
99
99
99
99
110594
118527
99
1083
106248
103166
104395
18206
48296
99
62961
331554
43455
99
99
99
34718
97458
99
240101
266615
202002
30478
282803
327029
164765
99
99
318602
42805
214791
99
22342
61728
104672
214141
99
55728
196324
169393
188702
304253
99
99
197200
24449
1389
99
88961
3781
99
42715
90134
19385
305941
1095
104902
99
61396
28226
99
99
16875
318173
99
99
39214
39579
188197
382078
90396
99
238663
99
99
99
187588
349944
99
99
134324
11731
251274
136398
99
103544
563772
100262
99
99
99
99
185702
99
477918
99
99
8846
99
128431
99
99
209695
3857
209103
253563
146291
99
96613
14040
99
99806
55495
97597
55767
99
99
199100
148196
99
99
99
421953
99
99
99
570593
99
99
99
99
360884
99
99
99
167056
99
13435
99
130765
99
99
69971
99
99
99
7517
99
230227
99
99
99
99
99
99
99
99
27992
519621
99
300616
99
288282
129927
446430
165915
305209
2796
99
11271
99
151229
99
99
147289
99
99
99
99
99
99
149556
99
170717
99
99
254072
99
99
99
99
99
41393
99
4191
31068
67110
99
125028
99
54084
99
99
297394
99
99
99
99
99
99
99
97
99
132733
99
99
99
99
79746
416315
93386
58078
99
47635
99
423100
99
99
99
97
99
80904
99
99
99
99
201700
235866
88
4879
40340
99
99
99
288822
172017
185935
69086
99
66683
99
16889
99
57608
7364
99
99
99
201000
5955
99
213389
99
66642
99
123780
99
99
99
309173
99
133330
99
38167
99
99
99
84520
13203
99
99
2060
26246
99
415443
99
99
99
99
99
99
99
98
99
99
99
99
99
32481
99
99
99
466327
135957
310700
99
99
90
13512
99
2821
33435
21812
117532
99
99
293401
99
307202
15680
99
278230
115197
99
99
99
99
99
277039
147285
99
311576
99
303155
99
99
99
219950
99
4437
99
99
120029
99
99
104038
99
99
122015
99
99
96
451113
271462
99
287103
99
172398
310032
442922
97
174689
99
99
99
158448
36435
99
99
99
200931
99
99
99
130402
99
570
298936
99
99
127195
108304
381191
68853
99
298279
99
99
200965
162984
99
201643
99
99663
99
99
99
99
2294
99
32656
231474
99
43024
256432
359193
290186
99
99
15281
99
99
92845
99
99
99
180480
99
99
54803
99
99
4919
105011
277860
6545
99
34704
407393
291
246338
19356
240932
153124
99
99
83763
95569
99
59572
259264
99
99
201582
148549
99
206285
59058
99
99
52234
99
99
99
99
97848
99
12801
385793
99
15904
99
22882
99
127864
108618
99
99
8444
223400
99
99
13362
98
99
7647
99
72784
99
99
21935
492212
213241
99
274056
99
99
99
99
99
99
367121
99
99
23014
122562
144162
313337
99
14318
99
318323
99
44452
99
99
543248
276722
185061
99
25108
99
99
15979
99
99
99
99
236579
99
99
99
99
99
99
99
253871
52074
22215
99
20462
177503
328383
83888
99
99
233599
99
22166
171390
374761
99
317115
202043
99
99
99
99
238747
269878
56249
286224
26869
176858
580925
81
23206
99
30933
99
13019
144
204962
99
99
99
19942
477266
99
438583
99
75
99
119236
14165
99
99
525643
151032
99
99
99
62173
49484
24060
99
15031
99
99
322016
108457
267978
251992
121216
99
75189
99
99
99
99
488719
99
99
250786
99
149892
558085
99
92173
99
102020
162617
99
295039
99
28809
99
99
94
99
59175
99
99
14323
16952
97
73093
185168
84
99
99
8208
99
99
53326
9269
27040
82510
170629
99
47863
14839
99
99
155732
99
99
99
99
99
16516
221986
210421
344462
99
46319
537873
184490
64057
99
99
99
50507
74315
99
202488
442613
157610
99
99
47982
420152
125516
99
99
139561
20880
55583
99
138292
72763
99
99
45990
99
99
402559
422093
22293
99
64079
99
455568
99
99
473925
99
99
99
99
264019
20078
259702
239380
99
99
5444
90
99
99
284383
241696
567708
99
64717
99
183320
99
254017
99
99
12978
258483
92
312555
39101
99
375625
99
99
41007
27293
113379
61529
99
79
171729
542106
332141
99
99
99
99
35388
236996
99
99
99
372396
27889
99
99
99
66676
99
99
99
99
283004
99
114788
99
262316
99
99
99
309859
25817
91653
99
99
358179
99
418462
99
249524
121206
99
99
99
99
62693
99
29359
189787
25230
213578
96
75030
99
192300
29735
99
99
99
428785
150291
46518
49603
99
99
679
99
99
99
163552
99
313956
289551
425821
215222
99
99
10321
212800
425372
85684
338094
99
2866
99
99
6181
99
99
23341
99
103909
99
99
63865
196485
18751
587344
99
99
99
523015
99
58042
99
99
201313
99
142436
113867
99
99
25921
99
69278
362823
99
99
99
91642
99
99
99
119613
99
99
54
223257
99
135281
197676
5431
573465
99
99
82
160546
99
99
99
99
172611
99
99
4430
99
254737
54422
53793
16154
68415
99
217630
8530
99
65402
64619
76965
20520
101195
5928
77739
120011
36668
99
16858
122656
240485
144456
99
52255
99
99
99
99
342835
220267
418545
99
255894
257535
99
37840
83538
99
99
18734
99
46845
251015
211390
99
14108
99
99
99
99
92785
168311
99
99
93278
99
99
24436
99
34002
99
6199
99
99
73457
99
95
302833
237327
57518
99
84923
50389
99
100775
37920
99
63314
267261
369837
40994
99
99286
32909
99
99
192100
99
186539
99
561199
24430
99
37558
52864
236443
99
91
99
99
99
148036
180342
99
99
48847
8902
99
517130
99
349761
99
126491
99
350830
10123
99
314425
31461
74358
38734
99
99
99
99
466623
29941
153088
99
99
76263
278071
99
99
99
57452
99
24914
99
99
99
99
120829
123836
104810
99
298689
67628
579
99
152605
57062
16311
358185
95600
342555
100488
59571
263764
117817
97
4730
99
33511
99
104901
99
99
99
99
99
99
483580
429581
24616
99
50048
99
99
46844
99
99
15534
29240
145481
3416
81608
334830
50706
41646
224885
461846
7721
27933
99
352857
9223
99
523874
69895
99
99
127455
99
199684
31237
99
99
99
99
99
99
99
28062
99
99
99
100501
99
99
94
1221
71841
1665
12823
99
99
99
99505
99
362375
31044
99
99
99
303769
317
99
19201
111726
99
204756
94061
375022
99
99
99
99
99
99
99
99
19635
189737
243481
99
27783
3817
18251
99
69691
99
99
99
99
270576
133060
385831
529798
99
461759
99
66178
99
108108
99
127022
99
626
383834
99
99
34215
45389
99
99
66159
99
221108
99
60987
340919
99
99
29088
44752
99
204796
200991
99
99
99
80619
190458
99
244276
11860
99
116760
99
99
39490
12868
123340
99
99
378014
500268
99
123006
99
99
128469
16189
30585
99
91277
2874
99
99
22956
60397
99
99
99
99
24747
99
76657
99
361925
99
293968
167614
287993
19382
31373
203077
550890
21957
99
99
168907
415275
99
15190
99
90742
503901
99
36847
3383
99
99
200541
49731
79109
99
24864
99
63176
7772
99
79226
99
99
227246
99
99
342355
181192
18159
99
170415
99
288809
99
8407
44331
301278
107008
468832
99
92905
99
99
99
125945
99
99
99
164521
99
439502
99
579804
57471
68909
25704
99
99
331161
291708
99
99
99
99
99
18805
99
99
99
99
512078
536466
193064
163227
99
223521
99
99
99
110729
20115
99
41095
12277
57715
99
47195
27133
99
99
284131
99
99
99
99
81083
99
125805
85047
13482
99
187737
249012
20340
254878
134102
99449
99
99
99
268816
99
99
27761
99
56363
583966
27778
4036
99
62465
99
522059
99
99
99
28947
6606
99
183204
99
99
99
64566
99
5621
329569
127663
99
81055
55737
95098
99
158979
2831
99
111573
99
99
342343
99
99
74195
99
99
507868
98
99
154307
99
437150
36348
387567
426795
235968
99
99
99
99
202398
146851
346542
99
3188
99
99
99
26486
99
99
99
513835
99
13113
14156
249091
99
47264
501145
94
188501
293966
99
99
203844
99
99
23974
99
99
246998
31911
42211
99
54659
43462
301604
99
99
250525
99
263004
174772
391565
183956
99
168501
125186
61187
141916
99
77
147244
99
236101
99
99
99
99
99
99
73044
99
99
99
99
99
128123
99
270757
190429
99
99
99
13340
17185
24243
136009
25274
99
99
99
265406
99
99
99
99
99
158250
99
121300
99
69398
261429
360068
93
99
99
62190
48068
4522
99
99
20556
99
99
99
99
99
99
8610
378862
99
99
2568
99
99
457606
243918
99
99
99
99
99
99
234093
2387
99
137989
117173
99
99
99
99
99
99
25317
99
484317
99
204955
99
99
91499
99
61321
93
43604
99
99
99
2129
99
99
97
35560
99637
182592
36398
424158
211180
99
147101
99
157290
194796
142110
99
99
99
99
99
135410
225847
99
403633
99
296047
176528
99
99
99
438706
96330
99
99
145067
13166
32593
99
99
99
99
99
99
122986
399453
99
413284
99
99
12357
515058
403742
193198
89655
92114
44394
252922
282155
99
423151
99
27343
467200
99
36682
99
99
99
99
99
3112
99
99
1864
99
17645
99
78773
99
426928
99
555909
20971
99
99
99
99
152984
237225
9705
265607
326648
50669
99
99
99
114959
99
49242
68538
382563
99
99
150597
351837
160565
4471
9245
35893
99
99
99
11550
107842
340395
214722
99
99
159206
76160
10100
99
293310
99
99
8519
79335
99
25122
99
99
41225
18351
103996
323328
99
33863
99
99
171991
231
458047
150835
2385
99
52318
99
99
97
98
99
293804
203883
27
99
99
76943
227222
2716
99
320337
97
99
99
47878
99
99
99
67431
227376
99
99
99
99
128011
99
99
41953
99
99
99
99
259385
26370
7002
99
99
91269
5576
99
24529
41713
99
99
347303
26253
36674
99
99
99
80921
99
99
452294
99
99
40482
99
99
99
28702
99
99
16811
68338
99
384035
10380
99
99
99
17851
403752
99
99
99
287545
14909
99
99
99
43219
99
3094
109343
99
284098
99
363771
99
99
6549
89030
31174
280468
208239
202291
99
18243
207588
112110
99
99
139163
93
99
99
340038
99
99
99
99
99
185514
151481
92699
99
99
355572
99
99
99
19684
32096
9822
99
99
99
48956
5430
99
580212
99
3781
161818
99
353363
187237
99
31288
350340
99
99
32479
99
99
94732
99
99
100537
183083
99
125052
99
9238
144883
64950
99
99
99
82090
301581
82695
99
99
14513
123364
99
70078
110121
99
99
157318
37847
365489
99
195243
99
308808
292384
314661
569404
99
146915
99
300916
99
99
408815
161790
138677
8682
13031
200498
90072
99
8683
99
90224
48644
417513
497207
99
217483
99
99
99
69656
99
217150
246639
99
173558
99
137457
71234
457889
158872
89629
86716
32618
322
99
99
117390
99
99
94219
6812
21381
99
99
99
424779
99
146684
99
99
108940
99
95358
99
99
211221
185571
181852
99
99
99
313988
326859
99
58447
215107
99
99
99
99
99
99
99
99
99
31255
81421
55411
55855
99
99
99
99
193765
175451
43831
99
99
99
99
30118
103
198747
99
99
23902
62006
399575
99
172029
99
44116
117269
99
99
388734
99
65279
99
99
128955
99
99
99
475573
99
55703
105393
99
99
80025
99
58389
153494
97
99
99
230181
286284
99
99
99
113971
98889
125109
99
110376
99
99
457095
103788
230199
426497
180027
140467
99
99
329123
255869
21993
99
256364
188481
118096
99
258734
99
38135
206612
77681
99
54868
99
377097
96513
310691
18513
105856
99
421002
99
342501
99
320241
423745
99
64135
99
99
99
151091
99
124508
99
99
193756
99
151812
27750
12598
333578
200334
364547
99
99
99
99
377717
306270
57332
99
478475
177156
91941
177749
47485
99
18124
99
99
99
99
99
823
58943
47953
546753
20696
36394
36682
69899
99
82030
99
147680
99
99
187943
99
169506
99
106963
242448
509013
16778
99
99
21457
99
249947
190753
88268
99
112124
99
61030
180535
92577
251195
99
15020
3095
114212
15470
99
140681
5307
207443
223913
28127
99
99
99
116870
99
4295
99
99
209534
99
229731
99
99
99
99
99
99
126959
190216
210560
108002
577724
90
99
99
98
99
99
77890
61542
316410
60739
99
99
322376
99
357153
99
16427
99
222855
20019
73836
99
99
76790
923
159660
99
99
494032
14259
99
99
53712
457228
394774
41016
1462
135787
99
176861
361695
249113
13370
79873
99
183125
80577
70829
99
99587
39346
99
35731
184761
99
99
99
99
99
348099
567
318693
141413
49660
99
85999
99
90040
99
99
99
99
55817
99
99
99
99
99
99
126655
99
97
99
201114
99
99
99
1374
29817
424377
99
52742
99
77801
99
99
99
144855
131996
99
99
37877
99
263377
229811
45847
374453
237923
120198
130556
66450
99
68395
99
590698
99
99
91
615
88607
25388
295404
99
99
99
99
99
5568
99
99
99
309595
40176
99
199230
223325
3312
99
97
221857
241907
99
285911
11233
99
99
94
99
99
99
99
134036
58693
60791
415244
99
99
99
99
31233
99
323712
348775
99
4402
99
340678
99
32330
99
11106
185864
31343
99
99
34431
74281
99
192348
337868
7153
99
99
17634
83934
99
168487
185493
31270
99
8197
99
99
4733
536222
99
45184
99
91914
99
99
3162
99
83278
99
25079
99
99
108172
99
30767
277579
93
132149
146791
99
99
39125
9958
1396
99
97
26030
137643
276339
99
44309
39519
262841
99
99
275024
99
72832
99
405229
99
13876
44133
25420
99
227696
181592
97767
7381
236298
5735
99
99
99
73898
53924
225229
115388
54093
99
98
99
157988
387743
44110
494184
122186
99
177759
37223
153058
434267
23615
98024
99
99
97
97
72834
99
16598
99
270405
99
116506
213704
55131
252965
99
151622
99
99
99
99
99
99
92312
458319
48865
99
96
99
72367
99
97
99
99
301726
99
334932
99
96
99
99
99
80598
99
99
193918
99
128186
99
136091
99
283393
81938
99
99
159805
286800
416354
43580
139297
99
43233
99
99
99
7521
99
99
99
23023
99
144256
28244
104088
148206
99
25863
466881
144064
99
94
99
99
51367
40416
99
32144
45013
99
99
19269
333210
35679
142291
14309
29152
14525
99
457283
99
171932
99
16804
99
140263
53493
99
32660
99
16051
99
63919
99
202
17893
99
54312
99
199987
99
115256
99
156469
2800
122676
99
99
139357
99
172185
99
99
99
99
16929
36172
160731
99
15012
99
99
190648
184911
98311
99
19909
99
6111
99
130211
249092
99
99
76037
99
101231
182438
99
5598
264494
99
99
99
349689
99
73533
99
99
99
99
99
99
18279
99
208262
209099
381443
83304
19368
337945
99
99
99
37691
81518
99
55357
127512
263731
99
203576
127082
99
122253
16855
99
99
99
276202
127235
99
114953
99
366785
99
435639
99
99
273833
43235
99
102824
99
99
18616
99
99
156663
99
174936
99
99
99
22110
18404
69895
99
99
64556
236365
90579
50105
160031
99
99
99
179007
108806
99
99
55799
99
399085
264573
41028
99
99
99
413190
99
319781
32911
99
99
99
99
14459
99
342765
99
99
15666
99341
99
99
98
99
163504
99
99
164410
85909
99
11009
158057
308915
99
99
99
424582
380948
101772
325956
99
22084
99
78757
99
99
99
99
99
99
156205
99
436952
15784
99
99
99
99
69081
99
97157
322531
99
91181
99
246944
10804
99
276468
99
52770
409709
99
8711
99
99
99
99
99
141350
99
99
99
18707
501350
326444
99
33700
475464
99
312420
240727
366026
99
243401
242543
99
137115
99
99
99
99
160918
482635
99
99
16192
99
99
471439
99
99
121050
97
99
379108
26629
99
99
99
440034
99
7033
306193
99
144653
43074
42434
99
99
18715
64428
36144
99
205254
99
387828
79380
136443
71898
99
411358
99
177342
79836
216642
232398
99
4393
67243
99
99
27866
392669
99
208639
121585
111812
99
122533
76493
343147
99
99
143545
99
181023
247069
217822
99
99
99
99
139639
99
225034
71591
199294
238197
547285
99
301988
76545
99
58115
262246
99
169658
23538
99
99
99
26529
99
99
3287
99
384141
29197
99
85396
99
2342
54323
190819
99
484727
228599
395936
99
317403
99
97
99
59956
38705
99
140404
325380
99
99
99
99
10482
68478
99
99
77046
223768
99
99
162589
82742
81690
99
99
99
99
99
11226
99
418239
105278
211639
342830
99
99
99
45006
31027
21440
52011
149090
99
375461
99
66202
16512
186701
99
21975
1523
99
99
99
99
229078
99
13601
99
164961
67531
272371
337263
15758
241650
99
298
91702
514724
99
2846
76123
99
210786
99
97
185009
99
99
99
384002
144311
160381
281070
437277
99
218082
98158
53718
43909
43547
63660
79133
25982
12759
15164
264593
99
99
99
99
99
118188
159359
556492
99
8718
99
99
99
99
99
56696
98
99
99
99
99
99
185209
47532
60978
316524
99
99
99
94844
99
99
87
99
99
248027
99
99
99
64995
99
99
71460
88789
307246
99
99
54001
172689
99
96173
254941
99
80121
99
226703
99
99
473005
99
36316
2865
99
99
67399
99
177179
176599
287159
99
329299
260851
99
99
99
306179
138572
99
99
99
98
99
65423
61
75882
99
99
160529
99
13693
43946
312200
99
113426
499305
99
99
28968
99
5731
99
99
369162
164063
130274
99
18431
48465
62188
99
99
63445
250481
99
216490
98
301279
79808
99
82866
99
99
99
99
56446
99
305034
98
210978
232252
162319
363041
97
330676
215349
99
99
99
99
99
99
99
131262
99
99
263115
59895
99
2368
99
59934
72221
183370
99
57104
99
99
99
36728
99
99
99
99
368932
99
458447
99
99
99
99
59060
500080
9241
99
96188
183900
99
84921
99
63299
361208
99
571324
739
162994
157005
215864
233541
70435
93
351720
99
119699
99
99
307684
99
4373
99
62673
135147
99
13912
201730
189946
448224
104534
99
99
99
27949
48524
24836
85933
99
230979
433892
99
95
301711
103854
99
99
217189
462851
99
99
266221
99
166757
99
502243
64692
379232
135990
99
262183
6985
237687
22882
3390
205097
91179
99
99
99
27949
99
157564
121725
444730
99
99
99
254431
99
99
99
99
99
238906
99
62075
99
21437
99
99
169051
40982
99
99
14124
49781
99
99
214859
99
390713
83951
456753
99
99
99
78484
99
99
166157
387820
209819
99
99
4518
137253
326217
99
505464
99
569399
6387
99
192102
136386
99
56879
54584
99
99
115331
99
149007
99
126272
6022
287499
99
99
62282
542922
49919
99
99
99
15965
51740
323287
99
99
99
7918
99
146305
84
6648
147888
99
316753
69570
132548
99
99
153616
99
96457
99
99
99
341223
225505
34730
99
99
99
99
99
99
131515
99
61380
99
99
316114
148146
54763
155612
25307
365788
99
99
99
18731
358204
156206
482601
100987
23773
99
1012
99
240698
22379
76800
99
99
99
204957
99
99
99
99
99
99
99
63731
68269
475793
213223
99
99
99
99
99
311947
99
99
78133
99
99
8109
248327
99
246782
99
99
99
99
24143
201937
99
212302
99
99
255097
93610
79790
99
60384
424968
99
135545
110746
99
51227
195440
99
78500
99
99
159892
99
63215
99
53911
30693
99
99
273885
99
99
99
101723
99
99
28025
36334
87730
99
144815
95368
204508
99
126037
99
82042
99
99
99
99
65743
183863
99
99
99
99
43311
99
99
154503
143292
338117
26084
99
99
163208
3647
23295
99
99
35741
99
99
99
99
99
99
17700
256166
132589
372308
99
122262
99
99
99
344713
134101
335842
268896
54410
45392
474937
379544
99
99
99
397214
99
131299
5660
218837
49613
99
227704
48789
547352
146114
99
198557
172864
237820
12242
41640
99
99
83251
34132
84106
699
138017
99
99
104419
99
99
60380
99
183332
73755
99
99
282115
99
99
99
105436
99
99
99
99
99
99
196949
99
416806
99
99
203763
99
57322
99
99
367616
163127
99
46760
194134
99
331881
99
99
99
17584
99
99
7012
99
238786
99
87073
51520
211404
72174
453027
195699
15217
193336
99
99
211169
99
200
99
99
78538
123285
11999
99
99
99
78808
99
300789
478262
377377
99
6339
99
99
66571
99
348328
147753
294303
99
99
415577
229164
31289
99
99
99
99
51224
15764
294674
99
258248
195764
165415
25431
99
99
151545
199914
99
196943
99
4897
92786
99
178718
273349
398534
99
99
120245
402997
128169
380228
99
5274
14926
24480
30765
23442
137406
99
99
99
320860
492227
99
99
99
95
406991
99
28113
143998
8859
48735
99
99
99
99
99
267245
73355
374225
285325
99
99
99
214737
32624
99
99
191965
47662
178866
99
99
99
99
12445
99
2952
526155
99
93
188065
99
519565
98
217633
77410
99
45453
99
99
87224
100929
267884
99
44348
75740
97
20965
22538
22025
19298
343990
74526
99
99
58199
99
302443
99
112040
99
99
99
99
87
99
27252
99
45040
99
53313
99
41449
99
99
99
99
303395
269020
51701
8692
154461
99
99
99
99
99
453868
32620
99
99
18741
111461
99
99
99
48072
99
99
386106
240012
99
99
99
99
100323
30001
98
99
343112
85907
99
450935
99
29961
99
212180
180959
99
99
95939
19378
327954
99
99
499669
99
99
43005
99
9
99
99
99
74028
128162
16417
145659
99
217268
99
80
6495
99
99
63988
560820
259773
301969
99
78524
237408
99
121198
12893
99
99
76588
285450
99
181245
99
168462
99
23280
99
99
1211
568054
99
282106
284674
379854
73067
99
99
95431
46361
48798
99
99
63606
19106
87509
99
113345
181378
7646
139530
99
216339
99
99
49989
99
99
99402
99
99
50510
99
99
99
161521
14545
32641
99
45347
99
99
99
6870
132970
205683
99
10748
82254
99
99
99
34403
222892
522235
99
99
99
99
335507
99
128866
83279
99
166326
93
226168
18375
72738
174290
99
99
99
99
99
292125
99
234191
99
185174
99
17423
99
130082
99
280158
216866
99
57969
385828
553
116438
403549
230784
174626
99
99
99
29326
99
94893
52404
99
99
99
99
99
228259
99
167904
99
99
110393
191876
99
382129
46521
99
99
99
5466
348319
260586
172834
54042
9374
88
99
451794
99
99
99
99
43505
99
99
5600
82573
14980
10566
196346
99
281220
99
99
26628
99
203594
99
99
99
172714
99
99
99
412234
156778
99
99
99
47293
200334
99
135438
99
11730
99
264406
99
44334
99
437886
132668
99
99
234727
441344
99
99
99
99
99
528894
99
99
99
63390
99
37376
350684
99
99
99
99
137342
99
365891
99
99
99
99
99
26145
144260
99
533340
239581
99
99
64
99
99
99
99
99
99
99
99
107904
176940
259671
99
122864
144819
8889
99
29226
16769
99
99
99
179304
48912
99
100338
99
241370
99
271954
99
99
109037
99
375122
447639
99
99
26274
376138
9826
388747
51319
99
80354
99
34204
99
196643
99
99
99
573824
99
285237
99
99
133043
99
55942
99
56928
18376
176718
99
99
425295
2066
277889
99
99
38822
381213
99
12737
146445
235803
99
91436
99
111872
7867
2298
126041
99
99
99
99
99
99
51866
160307
99
63312
99
210710
99
12939
240777
23770
388719
152784
3433
99
448043
99
99
183820
43887
99
331258
99
99
99
99
98
342385
99
458150
99
99
45206
47749
348017
32427
227184
15584
99
196263
36124
82021
7303
260567
99
228115
37264
191869
99
99
99
382875
185784
13530
213359
99
130155
9486
99
99
99
99
6683
99
99
99
65601
58695
99
99
158778
99
99
99
95903
63159
99
21142
243910
99
14440
99
7124
13631
99
48901
99
99
99
43397
49921
99
55392
99
54207
99
175202
5534
99
35335
99
2366
99
99
388707
99
58805
99
113574
63065
38981
12773
66986
99
13898
440779
99
66045
220988
99
99
372460
49461
163331
283671
166101
99
153466
99
131230
99
98
99
99
99
99
437337
294774
99
60521
120177
99
557061
99
20247
55062
99
99
99
106341
344098
108619
260620
99
429701
99
99
99
99
294185
99
33527
99
99
113210
99
99
127302
99
99
32579
99
51100
39124
357179
99
99
58828
134309
99
3096
125409
11618
166302
99
99
99
314694
99
149709
5529
99
398648
262960
99
99
99
213421
2220
504961
99
99
99
99
99
89350
99
66590
99
99
385576
99
99
154193
10103
99
99
99
99
99
71912
99
380529
109691
99
99
99
254878
119400
78572
99
69048
99
200431
99
99
63812
99
64578
200138
28416
15772
99
244786
99
99
52296
282133
99
223278
99
421891
99
27512
99
99
99
1559
335359
99
99
56811
288681
11854
99
40975
6922
99
99
181931
99
99
12852
99
99
58572
154986
99
99
5949
99
99
185558
43137
30655
98
99
99
99
99
79824
99
99
174230
18221
99
25501
99
18131
99
99
429778
32170
271
362017
190347
99
99
87749
99
99
99
99
99
99
515534
99
99
73683
135484
97
99
99
99
594943
99
99
191926
99
99
99
90245
99
99
99
140501
70406
99
90400
131294
10909
87802
13571
99
94999
6315
170980
99
99
62126
99
47758
34
427441
276585
280018
99
83332
412974
99
99
129518
15534
21430
195
75625
140944
17365
99
471150
54927
133638
99
105996
99
169076
313248
79294
99
99
83097
347559
99
99
34640
99
99
9628
63793
99
99
99
240638
99
99
99
45740
35539
99
231663
13974
5292
435943
98
11182
99
39195
99
99
99
184245
99
99
99
99
21262
179455
99
99
334648
227704
36831
99
283215
99
146309
99
276786
18707
46940
93
120719
99
99
99
343344
25900
60951
99
223503
318318
118789
99
98
221349
99
122523
132183
153618
99
172720
99
94
352013
238897
99
99
559749
99
12936
99
99
99
196205
102427
191250
10042
99
35294
99
303502
9228
150170
99
99
99
99
365986
99
112913
99
180959
287292
6822
99
99
289147
99
99
186044
165330
99
99
99
99
99
99
209847
99
99
29643
99
6548
99
582932
42158
99
110783
281303
99
43102
26055
293225
490633
99
129845
113370
99
99
99
170413
99
99
99
99
503404
99
99
99
67893
234892
52272
99
99
99
99
99
99
139705
96
98
99
99
127963
37822
99
99
42382
99
32583
99
1489
99
99
99
99
46577
159077
75250
52192
173417
492995
182214
316009
98
99
210363
1905
35724
62604
156885
48003
76443
376294
78432
63940
99
99
99
97
99
99
82371
99
97
190452
99
99
117419
225615
188
95
99
127120
7716
200073
99
441178
99
192631
32349
54158
99
99
16124
99
99
99
99
126459
24174
99
110918
94821
36620
99
149322
39649
334696
99
192371
99
99
99
99
236170
99
53433
418581
32611
99
251986
71737
1009
212542
59243
60413
30774
6543
98
11256
12686
520369
99
260811
99
99
99
99
290491
99
99
23133
319881
99
269631
92605
97
123293
99
99
191117
99
99
30074
99
11775
203565
24860
99
99
99
102140
201021
99
188577
99
61653
47243
99
99
99
107638
99
8302
99
496069
99
292519
49460
99
69075
4004
99
99
41980
99
99
99
99
68283
98301
99
40831
789
99
99
217472
99
99
98716
99
379970
99
112148
223443
99
99
99
99
99
334709
8298
99
161996
51790
99
88081
342724
99
99
407386
99
86911
99
13904
99
99
99
99
132605
99
131790
336441
93
205646
226569
289111
99
99
99
99
319794
99
96
7792
66190
29972
99
43596
99
40241
55664
139406
289679
99
36712
99
941
140983
99
99
199796
99
5296
216255
20516
70101
176806
25573
91924
99
183136
99
75851
99
99
25833
48739
37555
99
9090
58326
99
154177
99
99
61175
20815
99
99
98
99
99
99
99
157084
99
3736
33933
99
321233
241781
298967
116589
20663
52638
99
34415
99
1719
200017
9482
1939
4204
99
99
99
99
282947
145184
500931
278568
99
99
542090
99
99
99
214882
18319
254999
99
99
99
331512
99
99
435081
99
188392
117624
99
99
99
359701
99
99
99
99
222175
99
99
91
99
476802
99
99
54790
99
99
274925
99
99
99
1980
99
238368
99
232425
217557
290081
73703
51176
99
144389
99
98
99
93
99
488719
99
99
99
73707
99
260406
99
116309
99
126087
9154
99
410392
99
99
73478
99
32170
99
327711
99
209232
264086
180590
99
99
64588
81
99
99
321219
99
27235
99
99
115020
31877
88548
99
74074
156143
99
2084
402
99
99
99
99
42981
389004
99
99
99
267143
122235
99
246144
103900
99
99
258364
99
14932
283110
227221
99
2791
156404
99
230504
99
12622
99
99
99
147421
228246
99
99
47794
99
99
99
35782
26262
99
483266
269264
153473
99
99
64926
99
1206
99
23206
132539
67734
99
99
113193
16062
99
197486
99
10283
111497
99
20636
89809
99
761
99
16819
99
99
99
62234
5318
99
109929
95796
60216
105355
99
489941
79109
99
99
24873
482436
99
135087
297784
99
99
31449
237946
99741
205797
99
99
99
34060
100180
6705
192898
99
99
99
133626
139629
99
99
91
28502
99
12199
5514
99
98
99
99
99
99
99
490523
236069
387593
146568
99
99
62882
99
229263
99
99
99
99
108104
99
99
62010
99
13403
99
143079
99
31953
18947
99
99
99
99
99
99
56323
53479
96
99
99
99
2483
99
59845
359191
99
99
105147
138711
99
99
99
99
17772
237936
99
384666
317616
160255
15048
99
35994
293934
93864
510
99
17027
107702
99
99091
182881
99
99
112554
157539
99
98
73126
99
20405
318006
383316
18396
99
99
99
216253
39308
99
99
201010
225551
99
152373
29888
99
364492
99
485772
99
99
120752
14251
99
13588
99
99
63645
99
305399
99
99
99
99
99
99
99
99
99
137457
99
237243
534316
48371
118813
99
34403
160688
34957
58183
51146
99
99
99
199978
99
99
99
99
99
99
99
284080
103822
99
225679
174163
99
99
1576
99
117551
117622
216345
132027
38428
3438
173444
521151
225306
99
99
197780
99
99
99
32533
442203
99
99
99
99
99
199135
37557
99
20816
99
78767
377043
35138
248485
173112
123500
276703
99
99
23492
69085
243152
22530
94004
99
138810
337207
10467
99
99
20119
99
99
364294
478460
97
542680
99
99
99
32122
99
188101
270339
99
99
384585
82251
544431
276427
99
99
307149
41841
10061
254307
144063
99
273554
95176
99
510343
99
239441
99
99
38722
37935
99
99
99
260379
99
99
73730
171704
99
5668
382692
94488
99
99
99
99
99
338329
99
151348
2472
291242
90592
128158
168803
4218
99
99
497842
99
162700
99
36628
88910
378697
99
40228
10892
163846
21395
99
99
99
99
156824
99
99
134931
99
99
86
45781
99
299602
104460
99
132639
99
99
227975
33202
99
101942
112886
36565
99
233279
99
99
99
7004
98
99
206
99
148525
152342
99
39706
5738
99
74531
109912
1996
413936
99
99
99
17260
540070
357928
197774
99
99
81308
99
99
115264
215071
99
99
43852
32370
99
99
99
329421
99
99
547334
224856
213700
99
58903
156598
99
81292
99
69698
97369
99
99
212681
99
99
99
99
99
99
113684
6357
71119
99
450219
99
334345
99
99
99
99
98600
99
212633
99
417349
244463
268949
198693
2739
99
99
24228
99
150697
99
63190
98
105208
99
99
211988
99
199930
52126
17183
99
75696
113258
99
15611
187457
99
99
562936
99
19998
99
216555
99
97
48534
99
99
99
99
12614
99
99
130574
99
34109
14881
453444
99
99
99
470279
176760
10585
99
99
99
165505
99
55583
248851
99
31059
138732
99
99
298047
83469
99
99
99
99
99
166835
977
99
146335
146500
99
99
99
99
99
71198
99
275899
81926
173550
497694
229670
262847
20836
99
99
73678
117212
95728
226398
258290
221320
99
442133
99
54395
99
99
14743
99
148177
199349
122338
99
99
99
113737
99
97
99
189158
99
99
99
99
99
167526
107923
90256
99
32172
99
99
209037
69261
99
99
99
99
99
99
8711
99
485257
99
99
99
82554
99
99
210254
99
33340
99
294629
99
122703
99
134096
99
99
33098
195077
99
99
61834
99
30101
133499
43366
99
255874
35102
99
262656
18993
99
99
99
275989
99
99
99
51436
98
28450
99
97
421912
99
185707
99
99
99
205399
99
247178
163290
87
99
99
99
99
31
99
99
62754
25410
303157
157037
99
99
99
211896
99
88511
169784
107136
44095
99
99
208286
99
191444
99
196147
99
99
99
99
99
99
12898
460
99
99
26433
271890
99
79536
99
99
85815
82612
128770
99
99
119579
170530
16705
99
341316
99
13518
99
246029
99
99
99
25840
99
309628
162576
12318
99
31161
99
79886
46986
99
101474
87810
99
99
15629
487587
99
294568
139466
99
228182
99
99
99
99
21254
99
99
99
99
99
99
99
99
69234
99
99
547442
74961
99
118328
99
93
153365
99
64028
99
99
161015
328216
143951
99
99
335700
365827
99
23590
24427
159973
244290
83898
99
39147
97
82367
99
29889
99
197838
13028
58703
99
168306
130100
99
99
99
99
99
94445
99
498099
21518
31943
99
30371
99
99
107826
510754
99
324732
99
780
66451
99
99
9205
25775
99
21901
99
318188
75144
100448
13521
99
99
99
99
17627
1569
99
297287
283234
39934
124805
99
415249
99
397258
184985
249915
336482
99
99
285554
99
42
444535
14541
270074
99
99
99
99
99
155890
33577
99
99
325
4832
99
99
99
99
282133
3891
41613
99
99
28548
99
52363
141906
767
99
99
63006
425050
323326
99
114186
201721
99
196886
99
183462
331303
90683
130037
168776
99
99
99
11303
22946
99
99
259011
99
81
99
99
99
9521
99
99
275171
437959
39462
278551
32835
99
79037
37998
99
99
199246
536927
332476
99
99
53789
24753
99
23074
74718
425458
285601
98
295079
99
99
99
571452
198620
99
99
49685
48155
42700
99
99
13581
11187
31369
115120
363106
99
43319
71077
47944
165882
21015
99
84289
320046
99
99
99
73422
99
99
411988
104618
169943
460340
99
99
99
178703
4594
99
116068
10357
99
99
117857
99
1094
99
168746
99
77328
20333
99
99
99
87703
3958
99
268117
116710
183839
99
99
99
99
99
68770
99
312240
99
265324
121008
205669
520413
99
104011
25345
124660
307268
99
98
233056
99025
380657
262127
471621
99
99
99
9277
99
99
45050
3014
23244
328561
377625
495308
33749
61115
247
99
32129
99
99
99
99
99
99
394193
99
99
235721
99
98
99
99
99
324307
99
99
99
205155
99
1639
131575
99
99
99
99
99
166261
99
99
146276
102958
99
315059
114287
274805
52663
20662
99
140837
9609
308739
99
99
93223
99
99
99
97
88921
85634
99
93
99
99
315355
295785
99
324380
99
265512
99
69840
570771
99
51500
43035
39666
99
99
99
243608
96523
99
158328
195220
99
99
99
99
99
99
79683
99
99
96
234085
56842
23110
20234
205512
99
61974
53823
99
99
99
130959
27054
326361
99
31874
99
281985
40980
553106
97112
99
132956
23134
99
99
99
596818
99
323811
471835
99
39677
99
181609
99
99
132281
99
99
39871
99
147878
99
137543
99
99
14374
99
32906
396707
32295
173444
99
501948
273796
99
29546
99
99
99
151662
50805
99
135971
53035
521663
99
99300
189751
99
99
99
99
99
248643
17562
145532
8775
99
99
99
12539
185135
536588
99
99
373164
120069
336094
472647
99
99
99
407377
99
99
99
374675
99
113882
96548
101598
468859
99
99
113420
99
99
99
254313
71083
99
99
6492
99
99
99
126753
268825
99
43089
52433
60220
99
99
72001
62912
99
221887
10298
115087
2346
84295
254169
99
11823
70372
49436
99
99
227607
52453
277095
249584
10260
445686
99
75361
99
99
99
158912
99
99
