171215
48568
283560
166661
51851
254472
107706
52400
69454
99
540988
127720
28306
99
90468
21725
99
99
11614
99
58743
22049
99
99
330535
99
99
99
186594
40949
99
99
99
99
75667
534036
25691
7972
99
99
250431
272116
99
15343
99
64681
280217
117338
99
97
99
182574
21259
55044
134662
277613
20202
99
55148
99
78970
328407
99
99
99
214791
45304
188773
99
99
423
99
99
99
99
99
137614
416108
158581
99
43671
92750
72910
99
37792
99
244131
253864
16553
99
99
99
193502
99
99
135418
99
57636
75231
48287
204480
99
368145
199806
82521
99
99
99
99
99
99
244748
390371
99
13284
99
99
73040
134839
20894
91334
99
112857
142301
99
457663
99
341408
15711
13546
261775
148308
157054
390589
99
99
99
99
99
99
99
99
99
99
99
367415
99
99
102722
446192
99
21970
9810
99
99
119086
99
181784
19017
99
99
235030
421495
99
99
539313
53673
267094
99
99
188212
305180
16498
235418
132916
99
62651
99
69073
99
410934
99
156221
16941
442695
190737
99
99
99
508126
50824
99
99
99
357
49147
28800
99
99
99
212499
99
99
4689
99
99
229703
369886
99
112012
99
99
120700
99
99
218946
99
99
99
99
99
7398
99
35066
99
198132
491910
4663
99
194555
352356
128739
99
181678
260725
74993
99
98
99
327831
99
99
160146
264901
99
207592
97
99
50124
535642
99
78987
99
516840
90336
78327
99
30477
385366
99
4554
550082
29442
91122
99
99
447
20890
86424
99
98
168294
130505
262717
147907
99
99
206356
99
99
120511
99
105191
98
99
355355
99
99
99
25450
99
153788
95
99
99
160137
99
185684
288994
99
99
141797
99
99
99
6386
6362
74741
82451
335168
312144
1602
13547
34945
250359
99
99
99
267705
123753
99
44495
99
99
3429
99
176248
63443
99
213995
99
342659
296326
62215
99
99
99
207465
503179
3147
26839
99
34046
99
99
99
1380
99
401530
99
427009
37612
75788
329802
444420
249201
31230
99
168137
175107
99
92
99
99
374780
99
99
21645
99
233594
67718
186842
12051
92641
274653
61310
99
99
91604
12061
18074
227702
385858
99
107667
211841
312736
387696
150938
99
32273
406815
463731
99
21483
253233
99
69199
99
99
297281
99
99
41453
98
99
99
258295
119834
99
99
99
241699
99
99
5484
99
99
494817
99
99
99
177589
99
99
242883
99
10260
107172
99
109134
99
7726
40827
2424
99
408118
242169
99
99
141958
99
73446
263543
99
99
62199
30114
9040
99
99
99
31988
99
99
99
209876
99
16909
99
138235
124074
99
142869
99
99
178187
99
99
240483
99
214420
99
203653
99
99
222521
130365
230090
99
99
144298
99
179717
62918
99
195662
99
128794
99
99
58396
99
99
22014
176332
467709
99
55418
96218
113529
243805
99
4847
362954
176398
99
37380
279320
359402
60833
99
99
97
99
99
99
99
70420
83762
414684
10652
18269
99
99
99
97808
9903
99
99
20494
74642
58966
102688
99
158520
130200
204578
97
99
82387
99
99
99
22422
337424
99
309635
99
308760
99
67618
99
98
43982
1083
155913
99
125505
183225
99
515930
99
37702
99
98
99
10479
99
99
99
99
99
99
155176
95574
230584
99
171000
99
147355
29228
99
99
99
99
296238
99
405516
99
215521
99
99
99
337990
242569
111003
63758
99
73856
99
99
99
99
99
202186
482523
99
99
96
309998
99
176009
212972
99
99
99
99
99
99
99
99
99
6954
96864
66951
295144
99
292868
99
171216
147562
99
99
187730
137952
99
99
99
99
99
71298
351031
89857
99
237933
99
99
99
513617
124343
178919
99
26784
53325
111087
99
99
99
9025
195020
115659
99
71767
70140
212687
99
99
337913
99
99
95299
44155
99
99
98
99
99
99
90384
15274
99
99
84178
99
99
21179
334120
99
99
99
326166
167498
101481
117390
344418
99
94301
99
99
99
99
99
214789
99
19361
99
99
99
99
99
197887
178699
39683
99
51337
577103
99
482127
99
99
99
98
18608
99
12125
99
99
408273
460006
99
50505
99
292991
254098
99
12185
99
63404
99
34858
113987
101106
260886
99
99
393013
15993
99
236363
49772
77093
99
98465
99
99
99
266943
17531
99
99
16653
179046
34473
99
167179
84837
99
99
99
99
401875
99
36093
99
82513
585161
99
99
184184
99
99
99
147905
99
99
32832
255342
99
255181
96
39433
89024
99
6805
76121
319462
43780
51
196181
151670
99
176567
63224
65620
99
79297
99
78699
99
99
1817
310669
52458
99
99
99
264794
99
293073
99
7103
47220
489925
99
118511
99
367738
99
29667
99
99
70051
168584
261006
95815
99
99
99
51920
99
99
99
99
99
20548
99
99
99
99
46195
99
34986
99
99
99
99
248435
99
109138
142690
99
112927
99
99
185958
23012
40987
119719
99
99
187667
142773
99
13900
99
166320
76049
99
98530
99
99
99
99
151194
99
77983
301059
99
99
99
65024
134450
17313
99
99
99
99
99
99
158123
99
99
99
5888
47053
28498
4867
99
391597
589892
99
40670
99
109935
2733
49334
99
99
99
146267
99
46852
99
39839
99
99
248985
344531
62431
99
99
98
99
99
59799
99
147089
99
99
16905
99
99
99
303312
99
99
99
99
99
355521
99
99
121767
14719
54314
99
99
21533
99
254708
99
99
319488
46571
56470
99
103851
233978
18380
484907
99
185168
3200
99
99
362974
454279
99
99
164700
99
99
99
98
99
99
99
4447
99
99
568658
99
64459
27106
30693
99
99
10476
99
300044
99
99
268368
99
37722
436298
78145
99
208711
99
122065
3063
252031
99
99
99
99
674
99
99
84369
99
131800
97
99
99
99
99
461572
99
117665
53490
400489
99
99
95429
94394
99
70206
41189
99
63394
212787
99
99
61452
257022
88
388783
19513
304570
128581
99
99
99
63308
115
82889
99
4208
430236
99
99
99
422992
160275
78272
58970
99
74783
181907
99
143344
99
99
99
99
272644
2598
99
439785
99
97
99
99
240170
165760
237857
181948
194233
99
99
99
48043
99
151643
542001
99
54632
99
99
99
99
99
15222
99
1925
99
149167
10533
2047
99
99
98
99
99
99
99
94301
82904
37345
131971
13363
120593
57384
99
99
15522
298398
11465
158544
99
122812
48499
99
99
99
99
99
99
169918
4035
99
3950
99
287234
99
99
99
99
99
99
99
179530
13984
400657
99
32291
10368
92288
99
8328
99
99
99
99
99
99
99
99
99
181967
41856
99
99
15720
99
99
103911
97
99
99
99
99
170475
99
88
70981
99
1282
28644
99
128398
42911
99
99
99
99
275211
99
99
99
99
128327
99
99
99
99
99
99
140662
40699
29779
146781
202785
99
67391
383566
99
127335
108573
173945
99
54133
99
99
39474
99
99
20
112248
178542
290959
99
99
364946
199508
164116
204237
164347
332001
107940
99
91998
99
99
99
99
13562
99
145578
99
99
8962
3876
99
99
435459
475406
99
94
19883
99
99
99
99
381589
47332
127438
99
99
13472
81837
99
99
99
99
11095
99
312627
99
12932
47477
18416
99
44678
99
41117
236370
260645
17052
124093
99
130974
124594
248677
556278
5453
99
99
99
299162
99
101820
53044
99
99
43767
119832
192050
99
99
98
28119
99
81948
161737
99
99
85693
99
99
29523
99
99
99
99
99
171494
434204
63587
92315
118519
99
99
99
99
409212
99
99622
20790
14502
99
417800
99
99
97
99
279382
99
99
66414
67023
99
171721
99
45764
99
26319
91473
99
99
99
99
318052
99
372107
219957
306629
279350
99
30438
118008
449872
99
223246
46726
99
135261
84375
8073
88953
77590
99
349765
99
127874
99
140232
316118
10822
516730
1010
99
99
274252
99
99
99
6500
99
127664
99
76
99
90291
91269
298679
99
99
40664
114610
83112
27966
99
99
99
49209
110934
99
180865
350437
99
99
183366
99
99
74377
99
34307
179265
36629
99
99
99
11269
99
121894
13268
215097
99
99
99
99
133586
30390
319412
99
99
200471
99
20268
130858
99
335638
99
99
202853
99
99
99
99
135069
99
22630
26363
99
32362
99
99
313771
99
99
99
99
149106
99
99
99
99
86504
26367
99
99
152595
99
98
98958
42266
257674
167292
208148
99
323833
99
99
19355
577991
277129
99
84958
99
99
97
99
99
99
83267
99
373809
99
390910
99
386946
437866
119097
99
108504
99
10251
99
167866
2884
99
99
211023
99
99
99
83385
99
99
24411
78680
60737
33680
205783
99
128630
99
16419
10223
99
99
96708
99
389464
4268
463933
86428
99
4624
99
183116
9369
17429
99
99
99
99
221089
99
99
99
324794
88
99
18233
286137
92
95313
99
287520
99
3349
99
99
99
516764
99
317325
8743
99
99
99
22254
99
9594
47928
99
107
99
99
99
99
158744
27587
8790
11907
344758
120827
99
99
99
6128
160672
99
99
238495
99
99
99
99
117014
161039
22391
169725
15361
99
99
143175
99
201278
99
10220
369755
57615
99
212105
99
372968
327329
99
200745
314595
99
148005
99
99
84292
85999
99
64829
26626
239184
99
99
99
231056
284674
129222
99
99
309608
122312
99
34644
99
50738
75783
99
99
99
99
99
201773
273918
148463
99
134934
87766
119388
140464
99
7501
99
12851
99
169823
99
99
110013
99
3928
99
53346
123449
99
441423
70712
99
99
99
25189
99
99
305078
99
138185
69557
99
31915
90506
99
171791
18585
99
1138
99
93482
250371
99
147827
99
130677
89122
337819
126440
265458
99
37168
155035
536109
43547
150075
99
99
40563
114439
99
99
99
99
31748
99
7213
11271
99
182924
146554
99
99
99
99
99
64027
99
14633
99
99
99
318508
99
99
99
364975
99
99
99
99
99
217678
149781
297076
99
99
103331
99
185213
49829
99
99
99
93
99
99
99
388918
80481
315847
97
285663
47902
99
129522
99
99
99
13992
122443
99
93
99
213785
99
99
405097
99
1859
87387
14899
248415
99
36459
47611
329562
99
37423
99
99
99
101572
24676
99
90362
99
182406
234517
99
172674
99
99
99
445563
99
258963
151669
92901
99
87579
99
1659
292769
253202
96154
99
471471
99
210866
37182
99
71125
97
99
87992
99
99
188452
312026
99
158856
99
99
10158
19536
213339
131739
92348
99
99
99
35616
372085
317407
99
99
145145
99
99
99
154687
99
99
541055
99
81396
29792
341989
99
99
177124
99
499425
99
84502
16130
97
124484
32568
99
152091
99
99
99
99
99
99
468642
268387
99
492170
99
113041
99
99
99
99
49944
38574
12442
206951
99
13987
170304
99
169899
24214
99
99
99
210114
147608
99
21688
99
128213
4494
99
266352
99
99
99
99
215288
99
336645
225961
99
17194
99
312738
99
99
64082
6422
99
99
99
70193
183383
303937
83837
156169
99
55077
99
3127
16323
128861
98
9250
369529
19200
97
68936
99
99
8542
267222
99
99
490842
175596
99
5470
99
82163
33270
48128
45369
41204
99
248938
54618
249387
404992
163453
99
226171
99
99
95049
99
555613
99
12099
411460
99
202891
453559
99
99
298889
99
99
225678
99
33728
52873
69361
29097
99
99
99
99
99
99
62785
189850
99
99
99
40163
99
99
50770
95076
26679
290692
99
23659
99
99
203631
2118
89791
99
9157
99
99
98
331347
99
163368
99
465676
532717
99
228047
99
99
497352
18462
108516
99
290663
111018
227029
182040
99
49782
99
99
195782
99
178956
99
84613
99
208610
10952
99
99
99
99
86630
52823
99
99
99
179682
513450
99
99
99
166783
99
99
99
99
13168
99
16992
34151
99
49234
136199
189147
99
99
89027
178524
340721
95
158121
60387
142193
99
99
368303
99
99
78643
318054
99
99
209078
99
303798
33675
478356
99
99
99
355598
247224
57134
99
56945
99
77035
99
59287
21225
99
2293
269250
99
453680
101525
26751
512533
99127
99
88
99
99
57022
99
99
99
207247
99
99
117957
139688
99
99
4865
45305
214085
327466
217192
99
14406
183665
99
98
99
99
99
99
326364
93
99
210389
99
85581
99
5385
175887
99
99
463787
99
337583
99
59
88430
99
49898
254056
99
99
270133
99
98
44745
214985
99
99
99
99
15835
99
99
157008
99
102945
99
170622
70712
99
99
140171
129258
99
99
99
39208
404706
73643
99
99
99
64350
54265
14247
99
99
99
102319
531061
223286
293586
15915
25352
99
35113
34669
99
99
16870
354728
189964
251176
99
99
99
99
99
395592
11010
98
99
99
99
63030
99
408854
7802
99
99
99
308972
99
99
99
99
99
99
99
99
99
99
99
264297
11435
525100
99
58451
163090
99
66698
145405
99
99
99
97
58344
139470
99
99
266136
99
99
257903
212903
99
53550
99
136589
52591
99
99
219194
84293
366457
99
99
99
99
99
99
1368
99
98
93830
43445
558793
45781
99
399947
144647
269082
99
99
156953
99
99
213042
99
99
99
129859
99
245199
15039
99
99
99
99
99
64379
62345
99
99
99
50521
30499
99
99
151071
29190
99
99
99
99
99902
99
189981
29502
42005
204632
99
140100
99
465468
72490
99
421294
31859
90495
99
99
59803
99
131612
99
130758
99
99
99
99
99
99
99
208600
52401
99
37738
25189
360874
71972
99
99
99
875
36804
215439
99
99
99
1722
19786
94930
27973
99
99
99
235359
99
13236
95
31401
99
68010
99
34995
99
98
91055
5345
99
405006
155695
99
99
99
156409
99
26220
99
99
99
99
99
99
73895
99
533772
261253
302998
99
99
288941
99
257481
54319
99
13071
99
145071
186110
418657
97
121123
123621
99
99
98
99
67298
99
99
99
99
99
2299
99
46732
99
99
99
7633
99
145630
99
118744
46143
353242
42377
99
180029
99
99
99
51971
99
104272
403269
56770
82309
75238
142159
98
99
99
22973
99
99
99
192643
99
523498
35096
99
224009
168603
99
99
99
66063
99
195927
99
117692
99
99
143314
99
99
76313
371813
169602
126045
32664
95291
20059
99
313204
19828
52900
99
78352
75609
99
101157
99
99
10438
99
192771
225280
99
50156
97538
99
98
535545
22609
99
99
99
99
48178
40194
427483
99
99
426776
64796
99
99
72237
66908
17470
99
70960
99
148051
99
228485
55811
160923
99
213880
260186
99
99
99
265412
99
105983
99
99
99
99
72790
47754
145429
411066
99
99
204559
99
99
15221
35247
313351
99
99
99
122454
99
98
2456
262818
442
55068
99
152571
316841
99
180884
99
99
99
99
99
1613
76660
41241
237079
114519
58990
99
250362
99
127100
99
266556
194824
425075
6917
178004
108887
83509
44198
49608
29350
99
25064
32089
430744
362840
173654
97991
199819
99
1270
66
128118
99
99
464589
105289
99
99
62774
99
99
3400
99
230975
176248
448596
98
99
99
201989
382239
16890
99
99
99
99
52488
99
174525
99
99
138905
41673
64841
24466
372265
399790
263312
7727
116920
99
99
99
237646
99
99
172579
99
335253
384164
21
99
448426
98
58093
99
99
99
99
114211
137852
262682
99
23055
43232
99
99
26993
526254
99
83724
1068
99
31075
99
99
26585
249482
99
97
24664
259565
213456
15512
99
159182
8882
90016
99
23022
99
99
203347
114805
1284
168042
80013
177123
99
32184
99387
144498
28291
99
167716
99
214440
21996
99
99
7138
346217
3033
99
188314
203507
52009
129191
216550
34939
99
99
298576
99
99
99
95
99
149623
99
437525
99
158506
16856
22
99
99
120233
99
99
67878
54879
99
321490
99
81380
99
389211
259749
99
103973
99
99
148732
141948
99
99
17433
99
14772
99
99
99
215285
302699
99
66877
206036
99
126569
11194
99
99
50642
95
325302
99
284080
505367
36518
99
99
99
99
279049
99
99
99
98
99
19597
99
99
99
115010
283880
142348
136112
99
99
76830
99
212660
208536
273496
99
135672
98
55834
38648
99
52559
99
24096
99
99
430383
30020
269377
455934
265
18574
99
99
99
99
334744
15196
95
277813
99
208045
99
99
1802
37615
24873
99
16753
98
100112
183439
99
99
13696
99
315836
99
99
99
396497
99
99
99
99
113124
88
99
99
99
2583
99
99
166088
99
99
99
99
440024
99
99
17412
99
99
373017
429329
354886
99
541614
40068
108273
20926
99
99
5141
99
99
99160
98
99
99
99
99
99
93594
99
35271
198351
99
99
99
99
237200
23068
96
48532
120247
99
99
54511
213667
368871
111949
97
99
99
99
99
99
403528
99
20236
134100
19432
99
99
99
52773
99
99
99
99
82297
99
99
48172
99
99
99
259457
97219
99
162574
99
99
15213
99
99
382071
583095
99
99
487192
76
17981
99
25077
99
518548
99
117579
99
51883
99
1815
99
155576
99
22644
83946
76947
92
149790
99
99
176774
98
115173
9333
147562
99
121663
99
99
99
144221
208714
99
370835
225834
99
65181
99
92046
99
91
126692
92669
286646
216582
80
99
171789
22667
88
226833
97787
280684
499616
99
563920
96353
48698
98
99
91879
331130
99
3591
99
146528
99
99
99
34424
99
99
99
13912
99
99
99
51360
99
274956
99
306889
99
3477
395756
1553
99
214677
39658
99
364356
99
331091
99
98
99
99
99
99
99
209700
86016
55808
99
320605
57683
99
99
99
99
56529
87835
99
99
99
400441
99
55556
331407
99
299554
99
90568
94802
87874
673
99
99
39602
130130
99
99
68800
210284
99
99
99
99
39287
99
19258
225646
99
99
99
99
99
372800
99
220129
484581
280683
99
35254
99
99
99
99
111985
99
99
99
185552
85470
137332
99
99
296738
180691
99
99
282425
319755
165278
50998
99
99
23616
99
99
276982
99
68659
29867
29727
99
99
99
271904
77918
185786
26300
99
39264
99
38636
21680
190427
406099
99
99
99
55438
323777
81
187493
99
99
95
99
99
89786
99
99
170984
142779
99
49988
15456
1824
99
280664
10283
99
99
99
121705
99
99
111903
46698
27972
138058
99
99
99
58068
99
99
53695
25599
427703
99
70160
99
171044
99
168078
10020
99
99
126555
15636
44099
60739
99
99
99
260292
370951
266688
99
89591
99
99
99
247866
99
89821
34394
99
13570
99
356564
99
99
99
99
99
99
99
99
99
101733
173029
115565
99
99
91
278224
76303
132770
98
331405
99
419700
99
57689
99
99
310584
2810
85511
575517
43334
99
95
94
84076
99
99
98
99
99
99
99
95388
230545
178548
99
99
517103
99
99
99
503489
50749
99
99
99
99
294453
7458
301617
99
14227
122574
99
99
99
25574
99
99
99
99
35235
8159
65899
99
68742
101406
17003
99
99
320271
388497
99
99
99
242198
99
69348
99
23664
99
99
99
99
99
99
99
87130
97
92131
127357
99
15822
99
189275
85
99
52164
58567
76520
99
267141
99
18840
125631
99
224179
99
95478
99
92196
99
99
22289
92
97201
213634
99
99
7782
99
47541
99
92592
99
99
99
99
99
122414
59965
117522
29618
69417
99
187506
99
99
99
99
99
68791
42682
225024
298303
17926
99
37444
99
59585
99
153884
99
99
61432
41538
1909
17566
100328
99
99
99
189636
282218
120179
206708
461839
99
99
99
99
442903
368331
99
35463
99
136398
33627
99
26909
240726
99
11879
99
99
26555
99
99
180277
138043
99
99
99
99
136939
99180
261493
99
177934
2516
99
99
79806
99
99
385437
99
117412
99
293659
77244
431490
99
99
137908
99
59527
146435
518430
99
29400
295812
99
61239
99
99
155411
99
99
99
123807
99
11217
4569
196003
99
99
99
234488
99
99
489765
64018
99
99
99
99
45311
99
193979
63993
99
99
52624
99
99
131746
99
477658
367056
255484
421958
13791
220699
99
99
270284
95
99
99
43032
418319
141552
99
99
150310
99
99
99
275795
288230
99
99
4881
85503
99
266647
99
234058
70420
99
246875
99
99
241532
99
58724
99
99
417126
99
99
492953
99
99
99
90732
99
99
372758
99
12191
110788
99
99
114
99
301168
11853
242414
99
99
496499
99
31504
99
99
99
32468
99
99
99
73334
99
99
99
99
116919
99
33050
138158
306564
99
99
62639
99
92026
13804
100632
95706
189940
243705
99
9542
99
99
180481
89339
458979
99
99
413801
490608
35911
99
363531
158189
363514
226009
271541
99
16679
99
419125
65197
45099
99
225353
99
52608
54847
99
7010
3238
378242
133312
18868
11352
37516
72545
23744
99
187034
99
75087
99
99
263788
439014
99
8727
78577
44874
99
99
3799
99
99
61395
21228
849
99
292968
43200
278121
106327
99
263433
99
99
99
172600
99
99
476132
172571
99
99
99
99
25153
200925
99
95
99
109780
99
114746
13245
99
99
155159
229029
99
100599
325831
59322
98
99
42695
99
87758
99
99
298769
99
99
99
114158
29375
67443
99
459982
99
190804
99
99
331720
213634
99
99
99
99
134797
99
26997
99
11891
96
72833
99
182083
98
126647
99
99
190357
99
99
99
455516
516349
99
17489
502445
56192
232862
203453
99
77512
160972
90310
99
32480
8341
99
131783
353218
243337
99
99
99
70396
160333
99
99
99
311430
82783
99
103887
99
99
323318
148674
279750
99
99
99
384306
99
206784
2443
99
334779
75699
99
13779
46665
99
43840
222653
57529
99
99
99
99
98
99
99
99
99
99
99
75221
99
99
285061
121837
99
55947
99
99
337030
99
28156
99
99
98
99
594264
167197
52403
99
7459
99
46087
24831
99
99
26805
44008
137608
99
99
98
99
99
50378
99
37342
99
343834
2714
99
292566
99
99
67195
225013
99
99
99
99
37395
99
97
99
966
99
183307
270258
804
100691
99
111542
13303
99
99
61684
99
99
218354
99
68085
48467
99
99
18952
461587
6256
99
59453
99
99
54619
99
269645
99
81
263539
99
99
99
99
443104
99
187501
48733
262830
99
161559
99
368298
98
99
99
34693
99
99
367818
76665
375895
99
99
87
71295
99
99
99
387778
99
99
37482
99
99
99
289774
205731
21994
99
99
99
99
44282
99
99
99
6971
340826
99
272532
214532
90964
67039
99
118278
99
99
3865
393017
214764
99
99
146652
154761
99
99
99
99
99
99
14047
516070
453742
132879
99
174516
82407
99
99
99
364551
99
23963
99
99
99
99
517295
208952
107146
162272
99
99
99
99
135124
43280
5691
98713
99
9681
328058
410932
222365
260661
98
26533
101303
99
99
42520
99
271252
97759
99
401729
99
99
110023
8060
294489
99
99
50949
198479
99
61749
99
396561
308235
211900
103407
7994
99
99
99
99
153886
23614
21535
152616
177321
99
221636
99
21959
267924
24981
99
414520
44456
16182
159607
99
99
99
67378
99
9886
111345
315757
192986
99
531179
99
99
99
156899
23840
291779
241674
56200
44626
111862
473125
99
111765
99
99
99
99
85760
99
44180
27707
40102
99
183187
318608
141529
99
14386
153541
52298
443854
125424
99
99
132621
33609
13885
99
99
99
99
313604
99
327016
99
99
64871
88469
78945
482540
15145
99
99
99
99
96
125443
99
99
99
91424
24283
99
99
99
99
28484
75475
21720
99
149339
99
99
57889
99
99
61
481815
208298
150173
321237
71916
116627
62610
2720
233547
52310
99
99
99
99
99
7232
99
45034
24462
99
99
49541
98
2239
31409
99
30156
48330
99
99
13903
99
150207
41551
99
98428
39204
122584
271752
99
108709
99
99
32785
270387
66453
32379
99
181579
99
99
99
526656
141468
99
91870
5356
7204
99
99
105941
180868
99
99
294300
13239
342685
23777
99
99
99
87631
328840
81235
99
493563
99
413883
99
99
63264
147569
99
106283
348085
99
99
21276
99
15493
87429
99
99
99
246987
105157
49744
43399
41659
99
211760
104991
11314
52877
76541
99
99
22863
99
99
6973
99
194077
99
99
78262
286724
99
99
192862
99
99
99
99
98
32489
238144
99
99
26719
393374
197723
99
131717
118085
159352
99
99
166290
99
99
567622
99814
99
99
5232
99
99
99
142915
99
99
390687
99
99
28350
143126
99
172788
99
99
51329
277383
99
43918
99
19471
9557
99
99
116638
99
32414
9235
79066
214565
96
305270
99
99
135566
42974
99
99
99
20351
39096
386669
99
85225
99
12269
99
99
99
99
99
99
99
99
113508
480
99
99
99
99
154116
99
278569
99
99
369499
96
99
236463
190269
99
192251
99
99
99
99
345226
99
298684
97
265368
3581
55447
272953
99
99
276000
54413
110008
26762
51844
99
603591
139700
99
163186
286453
99
148765
185302
99
99
162928
99
99
99
99
99
99
99
211057
99
99
183165
178933
74
99
99
99
108170
49120
25558
7575
98
99
99
99
99
99
99
100818
156527
99
150266
99
277812
58428
99
99
99
99
99
99
99
24129
99
290504
105797
99
99
99
527084
8789
99
98
13508
47084
33864
99
99
37610
116218
350742
198535
99
147433
143046
470371
268438
168551
99
98
99
269649
75906
226034
323104
67272
175381
20388
204402
54150
126323
192624
98508
224695
90
99
99
37
201263
99
99
1480
88635
156019
99
373696
43366
103381
99
3018
5975
99
297608
287182
24107
99
160919
99
99
99
99
99
2451
99
99
37235
195795
449030
29836
69607
80554
65995
99
216513
99
99
49189
99
64305
99
99
58035
99
99
99
99
23779
99
78164
99
99
439434
373012
99
99
94399
40493
99
99
14339
268823
99
99
99
32087
99
99
99
99
99
49516
98
24326
99
78840
99
282373
33332
99
316627
5268
99
99
138126
35756
99
67802
42927
99
99
75080
99
99
99
92907
156348
99
99
214488
26656
99
46206
99
99
3202
99
99
99
27065
17270
99
4410
232833
149385
99
99
99
25280
99
139356
99
213916
99
28088
99
72963
5435
99
99
110187
99
54374
99
99
407595
99
252782
26072
99
99
132843
61398
99
52858
64194
99
99
15448
154929
99
47415
36132
98
99
99
87734
228102
99
15169
439225
18184
370790
16446
154282
99
258802
475865
99
159249
108492
99
99
99
99
99
88140
222420
99
99
99
99
99
99
99
99
21037
99
446136
99
99
304265
99
89729
99
99
99
109307
443092
99
34990
425677
129188
293780
99
99
319159
98
99
273476
39504
99
99
47859
99
535252
99
99
483883
99
99
99
99
99
99
4520
263783
208640
57070
99
267222
99
99
699
99
147322
213961
145453
99
314134
99
165150
266299
69475
70
31084
99
99
1134
303897
95
99
490581
99
194719
99
129355
99
190162
99
99
99
99
429664
186319
216868
99
99
99
99
99
99
99
99
60304
99
99
99
197168
510857
99
61110
99
12416
99
267805
193432
99
47564
99
243712
99
59459
289549
38052
98
99
99
99
99
99
99
8734
110470
99
99
60792
44520
99
99
97
99
141781
99
110259
99
106079
393723
99
99
251142
119677
21503
57042
99
115091
99
99
64926
6471
118432
289925
414827
99
17472
248773
7097
34224
386855
99
99
99
99
99
99
572045
68755
449532
78517
99
98
99
99
99
99
99
123459
95
99
26478
99
99
294856
99
86879
114073
99
99
99
279075
98
429716
10060
82311
99
99
224850
99
78363
127589
29054
99
43485
99
99
99
99
99
55864
21173
314306
99
116611
99
275858
64053
99
99
188665
99
99
158807
577542
87835
98
99
99
200632
66875
99
99
60627
99
94
171875
99
99
99
99
240559
99
152451
4761
12016
261798
144292
86478
105498
205148
99
99
130162
99
204782
99
22005
164269
293607
99
164744
99
99
182783
522703
54081
175977
19429
99
149308
87453
84592
89427
156723
99
152190
214738
99
1662
235547
99
7816
99
99
88982
20394
18509
99
99
99
113592
53301
99
263572
219895
141360
247784
132009
99
238490
99
99
99
99
46491
106781
99
43894
99
489115
99
463896
402076
99
99
99
99
99
249282
99
168769
229694
99
99
336146
113497
10998
279066
99
99
99
87572
63256
22558
11217
21643
99
123401
50278
58287
137971
99
99
99
99
99
198739
30128
9587
99
99
195226
99
99
17077
146820
99
59895
255118
263933
152156
99
99
97
96637
1659
424366
373092
99
125014
99
45044
49615
130318
111979
99
66687
107970
50228
99
99
267011
99
235981
431101
71184
249671
99
99
99
443247
99
258835
99
99
99
99
340801
99
53267
186106
99
350314
99
286045
136570
25853
99
99
82329
99
99
30688
34039
261316
99
99
99
175403
38187
99
99
186657
99
99
99
99
99
99
312745
99
99
99
50225
99
99
7626
40937
74461
23541
329543
100787
125501
178184
237066
173376
4547
410058
99
99
99
99
168236
24123
99
99
95
21076
97
27353
95548
1176
99
10930
7501
99
99
99
99
226840
534627
23886
99
99
99
29215
5571
99
35953
3313
37230
99
99
50407
154953
99
99
99
207237
357244
11488
89668
99
102817
22437
99
9335
99
177600
99
98
5595
419847
99
99
99
130562
99
20834
99
27895
122924
99
205777
176638
180469
99
147525
99
178688
23886
3680
24897
55704
99
533902
97
99
61023
137695
61989
195864
40786
99
59010
432027
99
349557
99
1840
99
91416
99
99
99
99
98
99
14561
99
99
99
31881
30239
99
99
15254
21787
1625
32194
27091
99
99
21454
94260
159833
31413
483367
212341
99
97
252458
56785
74
276114
99
141135
99
99
99
99
21905
99
59072
99
99
99
8327
99
40085
99
214659
11117
92137
165334
22744
99
39786
310583
285878
99
99
99
99
99
113512
364681
505410
25309
99
99
196153
99
433597
99
108214
99
230142
99
50623
99
99
297902
473217
99
99
254129
99
99
45468
112370
99
99
412768
238485
130299
99
35536
232311
337756
99
196457
99
134524
99
43515
99
565368
99
549575
99
135241
99
99
99
99
364586
319516
99
99
99
65316
99
401859
108537
46998
510352
27319
71981
60832
99
99
99
250414
99
16585
198771
256625
99
99
434251
99
99
99
99
99
99
79283
213919
99
99
99
359637
99
99
429483
296320
99
265742
98
99
1415
31090
173669
21927
346587
99
99
139461
250889
69666
34997
99
9547
234950
99
99
568
99
99
206021
119225
99
99
99
70245
153569
208091
99
99
99
99
14455
99
99
122456
99
148837
99
20161
99
181118
99
99
99
99
99
99
99
99
29451
99
548626
442609
99
99
268492
23646
99
165052
502285
99
239415
56643
78346
299843
96949
129867
99
95384
99
118563
90947
99
347995
99
25148
414456
289110
38322
553395
47802
99
98
20723
437344
17968
99
99
99
64362
99
273186
99
244829
99
19456
99
99
99
45179
99
99
99
99
326507
237643
99
4599
272469
425228
99
395482
311645
14374
99
394098
99
99
99
22948
99
99
20047
353551
128771
99
99
99
122925
95361
99
186449
356257
24588
99
40546
95986
52633
317566
99
124796
62184
180318
99
99
910
99
99
99
68789
99
99
99
99
99
413020
99
99
34324
586771
105412
92275
116220
99
107900
33971
99
15680
72651
34539
265863
99
99
99
99
271387
99
99
99
28424
39301
99
205678
99
361441
69508
99
99
281189
184551
99
101238
331699
99
16714
349820
99
18922
144475
37664
100768
52293
298185
11771
215618
99
81772
86732
99
298921
331188
99
99
99
99
99
99
99
30153
99
76189
197712
99
99
99
8772
99
99
99
140872
99
99
157762
99
211608
99
53135
175981
492110
99
261917
53199
32082
99
99
99
18490
99
335090
99
303107
99
99
134396
103239
152375
99
99
97
57065
111615
99
99
16575
152058
99
99
187874
28099
99
96908
99
200865
26130
91542
430900
99
513943
99
164082
99
97
267557
99
76567
99
99
99
362898
31470
160258
417159
193156
135613
306222
99
44782
12657
99
4937
98
99
716
99
160257
45365
67409
99
99
99
99
2867
99
99
99
99
99
99
544857
111471
105718
99
99
99
99
99
99
165893
39733
100651
99
139216
99
76456
29493
153970
99
99
6551
497458
99
6093
99
99
99
95443
99
99
118279
207261
34934
99
99
99
66691
53439
99
4253
256143
99
60559
460544
205933
403265
99
99
22306
22021
99
200556
93
9919
97
99
99
132832
34400
45338
12100
146816
99
107487
99
80635
99
99
99
273021
99
26676
99
277814
124854
347603
18977
292626
274697
39743
339595
99
99
40044
164477
317
99
7532
192546
99
25250
99
25445
99
99
99
99
292501
99
99
217970
22034
123767
100053
12419
11935
99285
99
98371
251132
204076
99
96
97
99
35121
99
438962
99
99
99
293097
10111
99
99
53188
336208
193163
405241
116541
34715
42624
99
99
57171
468703
1495
99
366302
51917
404073
99
344838
167977
497632
207035
185937
88003
99
25871
99
95
99
147858
160987
2822
99
525313
99
99
99
99
99
94158
99
99
423
63768
99
99
99
22610
99
99
176363
152537
99
99
4246
116182
99
99
99
98
98
99
137274
99
73617
99
99
99
129357
99
324143
99
99
113675
99
99
199664
99
394703
327680
99
99
99
37872
525955
27910
99
23384
119926
70252
99
331567
216004
99
26997
99
141207
99
99
99
181395
25136
142311
99
81456
99
556686
92231
99
81540
250031
99
25826
189201
29007
99
99
205792
121969
219711
99
20701
99
99
2135
44257
99
99
99
14498
99
99
179097
99
99
45800
99
99
221548
99
99
33810
99
41661
99
99
99
99
99
98
7410
96901
95325
99
145560
99
414265
99
383008
27463
323814
99
99
104174
99
21602
99
99
99
45160
99
99
97612
99
99
99
81705
99
26681
94652
73480
99
495509
21522
99
99
99
99
99
45679
99
475140
99
99
99
92086
99
99
99
127613
264647
18161
29079
154008
99
99
99
99
211506
76455
143025
99
99
99
99
99
99
99
136753
2752
99
99
99
121678
99
456822
99
277873
99
21581
273680
31657
423182
187248
175064
99
216757
99
99
99
36598
25633
227900
99
424576
99
7704
336663
324343
21540
3264
99
465520
32978
99
99
33592
99
99
99
32384
187606
99
99
400790
99
1998
268800
40044
99
10267
172599
99
99
94807
99
241935
99
94467
99
329859
518828
99
366846
99
99
576846
99
4971
99
99
52414
99
52330
241171
99
3886
99
380256
99
99
99
99
109958
346261
99
163571
88864
126436
102594
99
99
15790
99
99
99
32139
233235
99
99
99
68345
7021
119090
19187
86639
177773
99
229979
20413
168307
99
99
41742
318370
8797
337149
285481
99
99
95
99
47573
32031
53580
99
175689
99
10654
30454
99
181048
99
99
99
32278
32966
54525
88828
99
217935
8589
2941
99
97
21506
99
66164
143861
214309
99
452614
99
99
284413
17783
99
99
99
99
378399
320644
436411
2425
99
10302
99
99
99
99
56970
131644
99
183791
1468
99
99
19713
115896
2465
99
7245
20704
99
99
99
99
24797
99
99
99
99
99
99
200938
120290
72156
301151
478022
99
219511
99
26849
66167
99
324140
174400
99
54833
46619
9981
103978
76119
99
22845
99
29178
99
99
98
92197
98
99
99
99
99
99
88356
51294
75233
81264
164085
99
99
99
124958
99
166428
99
99
99
40484
99
221682
56840
85441
99
99
99
23236
131327
99
501079
99
161226
99
84674
87952
99
2272
99
5194
99
196666
175298
99
528
99
253741
99
337771
99
276233
99
99
99
99
99
99
99
99
87
99
99
99
99
68600
60997
99
34688
99
147068
99
123558
99
452167
99
99
99
99
99
306796
99
99
99
99
108553
99
296036
101123
99
99
54625
99
45757
405559
99
99
184973
22869
109021
99
99
184061
99
286351
99
125026
97
2277
167483
159670
124691
99
346762
99
99
99
99
34240
160039
264961
29068
129851
19194
99
99
9051
99
99
99
99
99
99
96
99
99
146833
99
99
328215
350228
99
99
99
99
99
2014
104452
122153
340254
99
99
46255
84181
34702
488654
99
99
9510
198021
99
47013
99
99
119750
99
36513
417451
99
232127
99
242539
99
77219
99
57010
2793
65558
64934
99
99
135472
75535
1446
76737
99
98
164225
158605
260401
99
47763
275487
157076
99
171876
99
99
99
423406
104426
55921
99
69881
99762
36272
99
161882
358770
99
354357
99
38439
99
99
77199
99
14801
430127
99
56264
99
23769
99
99
370448
97
107400
99
99
99
14421
48174
263592
84792
18459
99
99
99
6341
99
8644
187676
25825
130949
99
4079
99
68617
199321
239124
99
259827
99
99
99
95670
76278
287202
55303
188565
386616
251727
17786
99
72420
99
244354
455230
99
99
99
101911
99
15480
97
222163
99
99
260375
99
6963
99
130272
99
6527
99
99
337
99
11832
258472
99
28950
98
99
99
29693
363498
99
99
59077
424498
155102
99
99
160528
50476
21874
99
99
99
99
293616
99
483967
99
121063
99
99
178896
106133
346814
99
114227
98
99
99
99
99
410425
89365
99
101059
99
163941
55749
99
99
99
112791
