218391
117029
54652
46593
99
39295
41
68471
396547
19206
99
206324
99
61318
331900
99
99
383760
99
99
99
99
99
7140
83584
99
250981
99
99
99
99
99
99
165604
99
99
60708
99
98
39720
108014
99
170663
382138
99
110628
99
99
99
99
45777
99
354286
99
19259
21378
327876
85675
99
191035
139428
99
99
35118
367304
205565
70902
99
99
99
99
98
209081
99
99
94
99
148673
418064
99
99
162780
99
99
126542
99
198305
99
118933
99
99
96
99
190844
307021
9753
9834
99
99
99
83460
90
8087
18344
29726
99
184240
354327
143826
99
117719
77785
99
118312
99
99
247914
99
255456
99
11843
42242
2796
9533
96
128039
6390
99
99
177538
515434
4790
99
99
99
11040
166117
83124
88910
99
22870
25123
99
188576
255305
38762
172714
387300
99
99
99
99
12747
71243
99
60071
99
99
99
260882
140226
99
75178
99
380069
99
99
359162
99
99
99
99
57651
99
99
115817
16767
371834
99
31847
99
87553
99
107295
130614
538717
99
264610
99
32611
99
1262
99
99
67070
216466
99
14492
99
33649
184345
99
1658
28178
99
99
537
25824
117600
99
29548
208
345273
18069
164949
257425
65191
15083
99
99
99
99
99
99
99
99
99
129214
593479
97
99
99
99
99
66825
53803
84068
99
99
99
99
18505
99
99
99
99
99
99
99
99
8874
99
99
443724
99
99
99
99
11708
99
191977
129192
98759
144062
107832
99
99
99
288533
97
200656
51192
99
493619
83383
99
87417
99
136379
99
147867
232975
96325
99
99
35418
99
99
99
99
99
99
243041
248222
26180
3543
177034
99
99
197919
99
444524
361625
169620
303678
99
32218
99
99
99
74062
127880
60973
70911
99
99
99
303434
26319
99
24557
510669
99
223658
98
99
78874
99
99
9839
137029
60604
193662
99
99
7670
15868
38209
99
99
99
99
59341
98
50392
18995
75035
99
99
99
201896
99
98
169085
239502
300805
10115
73365
64277
11519
66456
99
166074
1824
197835
65814
327154
566929
99
161824
99
99
99
99
34430
99
208885
197937
99
99
99
8854
99
99
99
68806
99
189559
99
109376
99
99
99
118347
99
22402
325814
99
71
532807
99
52947
99
99
99
99
99
99
99
99
488881
99
99
122451
99
99
99
270239
99
99
96107
156128
99
99
28320
99
49340
99
99
31309
99
99
337802
128423
99
245702
95092
131532
99
92
99
442773
99
107797
99
406662
99
370879
76141
99
99
148941
1033
315717
139722
99
131685
99
89869
201746
40636
99
310721
120469
458697
91522
60659
98
99
25708
99
99
20121
60503
99
43616
99
99
13391
6465
71163
99
137321
40785
99
99
521340
99
99
99
137761
3584
390104
99
124559
99
99
99
22362
99
99
99
254781
99
99
99
99
222469
99
99
8837
305298
99
99
39147
181994
99
99
99
26724
99
37656
99
183788
99
195654
295367
100123
129372
99
99
99
296764
303677
211985
350373
99
99
99
3950
136326
99
99
99
148892
18291
99
99
99
99
448539
29081
99
163760
210220
32977
254469
99
99
188989
435396
99
396403
99
353440
510618
51001
240242
366201
99
182367
34792
99
494360
136712
99
133219
10466
306751
367890
99
370162
124143
196181
99
99
99
99
99
99
99
99
99
14910
531359
99
99
99
285936
99
99
141401
216880
99
99
99
21198
99
99
99
99911
271408
99
99
70826
131646
201827
99
94
255469
55620
99
99
99
45390
99
272385
99
224011
115579
143085
5381
283651
99
99
74686
454799
26699
99
26696
99
222560
128400
10314
66740
115765
99
99
99
145135
99
223632
99
99
99
30997
99
349996
99
438
347093
99
99
42671
99
168292
84119
194873
99
99
5547
99
99
99
99
99
99
99
150881
99
4479
182369
230664
88655
81931
13131
39288
99
48823
4782
99
99
99
99
68547
99
3445
98
318636
13772
109818
99
99
179129
224095
99
145153
15125
99
99
99
99
101589
54964
55253
311312
99
99
96100
257259
240431
70590
33617
99
99
225589
99
175783
99
99
99
99
99
58345
99
99
98
99
99
14184
99
99
99
99
441579
370741
52042
99
99
444595
25586
99
194639
361430
171988
99
139625
68016
156704
98
244326
99
2286
269212
181461
451180
99
99
64472
99
23310
54114
259154
114915
99
239862
71079
99
138800
99
44959
387823
99
99
99
99
90323
24460
128492
99
99
13056
99
362031
99
99
1176
4699
99
99
116906
99
276040
99
448371
99
99
18614
98
99
13347
99
99
99
1528
76272
99
99
99
42680
292899
99
99
387287
440922
99
307008
11033
33304
99
99
99
116991
312137
68214
99
99
45942
78118
99
99
99
33335
99
99
99
47321
99
99
99
99
99
99
99
99
86837
59698
531016
99
96
121546
44611
428266
562
99
140993
99
99
168398
99
20017
99
99
99
99
94
291519
99
75455
95254
23945
26177
141796
252210
76534
99
445033
488362
139808
369438
164413
481297
20864
99
150289
72930
148967
40565
99
99
99
99
99
99
255084
99
353517
6191
99
99
317985
120045
123592
99
2683
154531
99
338396
79274
254577
68461
175579
99
536973
99
99
263654
99
99
86489
99
199780
116552
259827
1724
11714
60953
99
245659
99
19335
217641
378834
99
99
99
99
194961
390028
63547
99
198943
264492
99
9927
99
185510
99
103601
98
99
99
99
99
238931
6209
99
99
99
93351
191793
99
128522
311261
406634
99
99
80262
282891
99
598876
233767
99
582941
99
299240
30080
350669
59565
125920
99
99
99
99
99
98
99
472361
288972
99
212615
99
98
5967
99
58717
109359
99
21007
77531
99
99
103557
99
153674
99
99
99
99
91043
99
99
99
18243
263042
99
99
152159
99
34891
99
99
36933
39600
42841
99
62050
37450
92625
99
99
112092
99
93
99
164041
99
113549
99
99
99
16740
230938
99
99
153841
99
99
99
105057
99
15800
23638
11598
155652
360531
145043
99
146360
96
99
98
99
66689
4525
222707
484637
306608
99
123984
4071
351975
255239
36788
136188
1212
99
99
251075
19322
99
99
99
99
196316
74004
99
99
99
99
76514
99
333810
51289
151261
99
99
215759
216519
260661
70551
97
63571
98
99
165932
241803
99
353838
112856
106090
116413
98
313988
40211
26884
5674
151141
99
126380
67001
317297
76726
188043
97753
355029
392911
184423
99
99
352
99
99
99
99
99
49525
285669
99
140592
99
99
217820
44010
185392
26969
81489
99
95
26572
23820
99
99
409854
99
444542
99
73105
99
99
2914
211143
283773
149929
560241
263402
557310
99
458172
99
205789
99
27777
177106
128333
205049
99
453562
99
499600
99
99
99
70792
99
257444
34372
98
183081
99
112122
99
371859
93677
99
41774
99
99
13766
99
144588
85307
99
228168
99
99
99
99
99
99
200492
99
98
2453
99
13795
99
339907
9540
99
108448
99
100202
157521
13577
99
99
160640
99
197206
3705
443348
818
99
99
99
99
219387
99
362284
43024
99
234777
120227
148941
34857
99
99
182621
99
27851
376611
325520
115436
42838
94
317714
99
22719
99
99
49771
477034
99
176963
99
466445
99
390172
99
431181
2397
8973
99
481587
99
99
99
96
42987
5081
99
99
221364
99
360633
240214
98
99
437647
157236
128850
99
42379
379818
99
99
124671
43761
143542
99
20831
21155
99
134430
99
3820
99
99
99
130573
548749
200240
58518
99
99
99
99
99
297699
374635
21111
998
99
27745
99
564119
99
109466
537738
99
99
625
104523
141214
500145
99
246046
447953
13533
51525
99
34965
65258
72502
2625
99
387336
57559
99
99
334350
126703
99
142038
98
30901
8947
135195
99
141550
281330
121761
34149
99
99
162154
71108
99
99
99
87838
99
428682
99
99
99
99
99
99
242928
99
16424
99
99
5097
99
99
99
99
99
99
99
99
99
99
99
341067
99
497
99
99
68651
369464
98
99
99
99
279822
138019
99
109593
348376
99
99
99
99
496969
406281
99
42349
99
44006
165073
50986
99
99
99
167564
99
203180
99
99
66481
99
99
99
13923
141496
289576
99
520772
16507
99
99
99
99
99
63462
24204
262543
78220
98
99
457230
99
99
1142
99
99
47164
109159
37816
96
99
99
330487
99
65112
450431
99
99
124113
77356
107171
99
99
289236
148788
339594
99
99
99
83101
11069
57343
99
99
99
191686
371318
51767
99
99
21736
330421
99
182386
99
99
99
1934
50770
61223
99
236179
99
74769
391257
167991
99
113650
20487
277788
307325
399338
58573
111949
3433
99
36408
99
99
310251
164505
90354
99
118834
99
99
99
489088
99
20313
99
99
207614
17969
480598
200849
329584
56009
31618
147555
133753
82413
129743
59393
99
99
20998
99
352439
147762
258330
145338
99
109530
344654
75142
18100
99
177267
61681
36541
62219
99
204797
99
250885
99
99
99
123150
99
79215
8599
99
304314
99
896
405495
99
99
22232
27439
96
99
98
122525
99
99
319786
99
98
99
40583
99
99
99
99
329360
99
99
92073
60054
425760
80315
53722
95
99
304250
139605
235410
13345
358489
157594
99
99
138690
194942
99
180668
99
99
39893
95173
3200
22444
99
292431
99
99
99
224042
99
111944
99
9718
11781
6490
29198
351814
79
99
185539
99
99
99
91451
99
99
99
99
99389
315396
99
37921
99
99
99
355659
209679
99
319894
101926
31071
563075
318882
149526
185217
99
1584
99
133917
99
99
474001
75728
99
99
99
54100
99
320240
72783
99
99
2752
87965
46196
15982
438891
10159
99
99
77224
23853
96266
281371
1891
99
99
99
99
212934
99
18039
99
370283
99
2547
99
473547
99
59563
103343
99
88927
164201
337717
99
99
260592
25881
374848
165916
86624
198968
99
99
99
99
99
99
99
305614
96832
105393
14740
99
99
228734
333718
58337
55585
99
99
99
99
41783
99
99
99
13013
34937
99
188599
210300
99
99
11546
117504
99
229481
342725
99
276399
99
203691
99
98
88738
99
237547
99
143758
571
99
99
99
262292
270525
22453
99
99
8761
99
99
99
99
99
193956
99
6111
99
70132
99
96
99
99
193549
99
99
10975
147532
99
161490
99
32181
216344
99
99
99
126185
99
120971
164841
99
196013
99
99
99
99
234758
6071
99
30446
794
40107
99
99
99
99
76389
11361
99
119052
98
165401
19259
404425
438322
107956
99
99
99
29349
150680
99
99
53692
83977
99
73657
450658
102938
99
99
16090
52057
99
99
99
118409
99
498404
89537
220831
39888
153091
34959
99
99
361019
99
99
99
259523
4665
99
99
160938
99
99
99
99
99
99
97481
99
267024
99
116495
90149
99
99
95931
99
205682
99
99
132913
32707
99
25157
99
216911
99
97127
183964
94926
51041
99
99
329660
128202
163192
70437
18771
99
44546
104540
32975
99
99
99
91565
99
356286
99
99
519707
19709
70668
99
99
324899
3343
99
99
99
237352
556400
43266
553342
14217
99
15243
9485
99
168661
5130
99
99
99
99
99
99
99
487737
99
99
311856
99
48219
99
280805
91661
99
239912
336032
99
99
99
99
99
99
273187
113890
128088
94
99
99
107002
96136
99
99
310247
99
99
101893
99
99
99
29732
99
98
365136
36087
99
17371
99
99
99
99
99
99
50360
99
99
4951
158781
25353
2924
99
99
97
35115
53620
23514
99
14925
52733
89781
99
99
264693
15331
360391
386992
32220
137244
99
46240
7422
99
99
62700
67948
99
3333
105582
99
99
150376
60413
75688
99
99
99
244674
99
99
99
46113
28198
99
378269
99
146847
28428
99674
14877
99
99
504383
94
99
378972
99
110909
99
99
99
160691
99
22375
99
22114
17417
99
99
35205
157870
14278
50534
160427
99
163190
22916
99
99
153786
99
99
99
32649
68591
22113
52152
99
134827
99
99
48855
30026
99
99
445895
514298
49806
37460
123715
122077
50223
53070
99
99
99
97372
98
184216
94450
99
71284
17213
99
29016
99
99
99
99
182079
342428
99
99
99
99
99
99
212146
99
99
168512
388763
99
99
99
209045
25481
199922
150825
257927
33644
99
99
253233
333916
362489
99
99
99
99
98
99
5519
99
99
49606
14096
99
14590
99
99
148505
74431
299857
103706
99
482840
6658
348320
35090
151879
99
99
69510
99
13949
442957
99
99
35701
99
98790
78633
99
99
99
12430
215969
99
99
99
99
99
206405
99
99
99
99
99
379085
99
99
99
99
3773
85676
99
99
12289
99
99
43505
99
2698
502793
56122
99
99
99
329302
99
99
347856
105142
99
23315
99
78316
96487
99479
99
99
99
99
188786
99
135794
99
99
99
136266
39234
99
25517
50899
99
290524
310273
55292
99
9108
99
99
99
323670
99
108086
97
99
99
99
360589
99
340052
99
99
22760
99
2318
99
99
99
99
99
2345
53913
94666
90647
99
99
99
99
99
99
6924
231362
196208
99
184422
34771
99
99
99
224173
99
99
63931
99
98
221190
131420
99
99
99
26092
199030
99
99
99
96861
99
99
13655
93711
99
108688
198730
17947
99
99
99
99
212990
112814
99
99
267344
99
99
98
81081
99
1877
95598
86400
99
99
386913
99
88997
66421
343310
299053
99
129041
161514
99
99
496403
5798
99
99
44831
33783
99
99
99
291436
196989
99
86259
11205
219803
105782
43393
99
99
99
67307
279572
52581
99
99
99
20220
5584
99
99286
99
99
71127
99
355670
119042
27934
363265
99
99
99
99
59614
99
13871
74472
20734
238143
99
99
99
227216
327854
99
86720
379725
99
99
56442
486153
243638
66206
99
189106
82756
99
99
99
99
354088
99
99
16404
99
99
292992
99
306121
196274
99
99
125040
89615
208113
99
10136
99
99
283757
99
57737
57765
309790
99
95274
296617
334489
99
24359
81270
99
179316
99
99
37361
84890
2190
99
288011
527306
99
99
99
297946
99
99
459608
65766
322490
98
99
178365
99
99
99
136408
576632
83349
99
99
277287
99
99
8632
335717
99
99
100626
431946
199302
99231
113865
99
99
99
7829
99
99
98
99
99
99
99
99
99
99
99
99
99
3049
373860
81340
99
99
99
88696
99
168847
99
99
99
205987
135025
99
45644
99
99
99
82849
183022
254974
99
148469
52777
382383
222939
103337
83960
157692
112562
99
99
99
1371
7556
17886
99
99
99
99
99
285928
99
99
144744
353966
99
20780
243562
121743
331124
178970
99
99
99
99
69862
99
99
12211
80264
149784
99
277
99
129650
313305
280626
99
99
174793
42651
99
168812
99
192626
26350
315000
99
99
14495
99
99
99
169439
26258
96
99
99
4654
565
99
99
229702
158224
99
99
99
99
99
100977
14613
249488
99
99
99
250279
177025
519734
99
99
5275
99
308715
6001
13663
99
437005
99
99
116487
216022
99
99
20161
99
32786
274838
137361
99
99
99
99
99
99
109266
96789
167345
99
99
99
174140
129346
99
99
269478
99
99
239544
72
291409
99
71519
420285
99
99
99
99
574324
172442
99
99
200092
99
98
99
478562
32338
127760
45443
316604
273508
99
18587
99
23581
317615
99
292730
205527
99
99
559922
59799
37644
99
99
99
22136
17703
99
99
29805
99
80450
99
99
262573
121479
99
98114
98
99
99
99
99
99
234007
193649
485948
99
121042
99
407430
340973
99
24688
99
412574
47619
99
99
270259
98
274625
4857
41386
99
99
99
99
99
274280
14271
99
99837
99
99
96
98
99
3133
210957
99
436812
70148
99
414144
111094
212054
99
4839
99
99
138934
10484
99
395596
99
99
80648
99
34298
403775
12467
99
99
89212
37425
99
99
99
99
146557
99
99
99
99
7182
99
99
99
160273
77009
99
99
273202
332983
99
23071
99
99
99
99
99
99
64751
86433
9707
99
80665
99
436594
99
99
99
7555
99
141393
99
99
99
119027
99
89
99
396683
99
144434
99
50086
70195
383913
99
209376
165219
42007
23068
99
97
8705
99
130301
202672
99
99
228879
99
33085
99
177665
181713
99
266509
346783
53219
8274
26732
99
99
99
280309
96
55174
99
99
99
99
56412
99
99
99
548948
23261
4110
65827
367299
99
99
395685
41392
99
99
99
332566
99
10851
104459
98
88179
92639
115479
99
99
99
99
99
14145
99
99
16072
214286
99
99
99
531743
99
99
53836
99
99
99
98
123349
73494
119057
7035
32013
99
99
99
49183
282989
99
99
502944
105477
79537
270184
99
68668
3172
99
99
189605
201969
99
99
36147
99
99
99
183625
85852
212546
44558
99
87295
32565
99
99
99
99
99
58504
99
99
99
99
99
99
99
99
99
53739
99
99
99
200487
99
6485
211189
13844
99
452602
99
99
252027
99
125461
5953
99
270267
95
99
99
99
34928
99
19963
99
99
99
99
99
99
99
99
99
99
99
99
191537
19595
300193
3593
98539
122064
98
152726
99
99
99
99
337903
4285
407795
160968
7286
128856
99
99
168034
99
99
100285
99
102848
141744
99
99
28493
193511
50731
182654
50457
151634
99
99
445553
99
284119
306472
500659
322988
99
20678
99
160176
81966
99
99
2737
268785
89543
99
99
99
24820
99
99
99
418161
244699
1854
130244
134317
99
99
99
28600
99
9334
99
414343
99
193358
83572
99
263895
87380
119154
790
99
145305
90584
256707
99
76399
99
21349
26033
42153
99
189961
123159
99
2778
99
99
99
99
40768
99
99
99
236455
99
99
153072
99
221177
99
99
97491
99
99
336956
228602
99
116843
99
99
34356
99
99
99
99
99
596120
99
99
143301
40938
99
99
99
202054
147464
99
1479
499882
99
99
99
163896
119299
99
104010
99
216344
99
119716
38662
24626
58664
99
99
211100
193182
102910
99
54
99
156713
99
99
73731
99
194702
99
99
99
99
175862
99
129206
313126
72680
99
99
99
254974
98
55517
23389
99
99
384012
99
345415
1340
140839
99
99
99
395112
260792
40633
11369
12316
216874
31998
52230
99
91994
154174
98
372956
18778
343151
82907
99
281801
99
181082
99
473834
120420
206847
99
74724
309022
99
244341
9055
39547
122976
98
132215
58007
32463
99
99
99
99
45609
40333
78472
99
99
99
261352
26838
98241
246448
344104
99
204914
60302
99
99
42113
115297
223194
19035
212070
482076
146194
95813
105177
227987
343110
257253
99
99
142172
429251
99
140360
99
99
5802
99
99
99
152993
32051
34802
54708
372135
99
99
99
2129
99
99
99
98505
99
99
53025
99
99
21675
24030
99
107031
103353
135632
82742
164793
40273
99
99
99
3282
64410
230604
220144
99
99
99
99
109929
110948
310903
170512
99
35020
62564
99
99
99
99
25637
69923
15924
72021
99
323584
241866
99
99
108972
48476
425009
96
99
99
181839
8511
31514
75621
99
22640
62509
99
232069
97
130281
99
45127
395025
99
99
99
99
98
99
99
179096
31437
158157
14728
99
168595
99
99
15811
338715
136169
44146
99
99
142238
182141
23543
99
99
99
99
99
99
99
153035
99
98
99
296675
85269
99
202157
279018
99
276463
208912
99
99
99
284565
99
99
99
86318
208734
428186
99
196230
99
165035
99
141940
429739
97872
11002
99
58529
99
99
144495
99
99
96843
489877
18858
99
99
99
98
99
99
9229
123935
99
99
212232
20746
5296
99
67965
446802
99
204588
426831
99
99
2653
99
19633
99
99
548895
154749
6781
99
99
253437
73014
99
99
99
99
13134
4938
99
99
99
99
197047
1989
99
7073
99
183447
413611
16246
99
207977
99
99
97786
86541
130948
99
23415
99
26594
99
43859
19728
580255
99
99
99
97
97
99
168607
94
99
99
46955
239285
375671
311155
12495
99
99
98
121040
1069
99
38382
99
199328
309049
99
99
23313
99
256078
315684
99
19474
99
99
195170
5378
192177
161339
94
99
10627
99
99
33313
99
139341
273289
99
307201
99
99
99
99
181432
326368
99
13393
162917
99
99
99
99
99
99
99
98
98
99
99
24667
85979
99
462593
99
75957
447082
99
99
99
99
116882
107468
99
136204
99
99
99
99
99
184402
99
5122
99
99
99
99
379337
4058
99
53296
335548
99
363397
99
33009
99
322697
415153
239940
92269
99
96
8321
114125
99
99
385563
85441
54940
99
99
161667
99
99
99
99
528969
120370
6215
201701
129471
49367
99
99
235596
99
56594
99
99
99
91294
502041
99
99
130416
99
70394
81332
503663
1280
72896
357230
254898
34528
264742
99
36563
617333
15492
90
58941
9429
267550
99
99
99
241225
210058
104045
49870
99
52197
99
98
60171
99
99
99
179018
60046
110616
99
99
183978
173959
90
99
408189
99
53220
102117
165758
99
99
99
99
99
158089
186474
470906
99
277832
99
99
99
99
218359
99
53283
99825
182483
50840
34733
99
99
99
99
133246
99
99
4128
6837
21230
99
99
91483
291117
99
200036
99
49345
11050
99
99
99
21582
99
99
99
99
158721
18901
169083
112278
99
112831
6577
99
2338
99
99
99
91063
121075
234714
170021
99
60040
99
14271
99
396
175953
99
94
139367
135846
375523
47323
99
99
4132
99
271080
99
99
99
31788
99
203079
99
99
99
244459
85655
99
26216
99
44798
99664
431
99
99
99
99
99
209739
358533
141932
99
99
99
99
135553
260206
67227
99
355716
22898
99
122404
74662
24293
84
7595
93404
99
99
343985
98
99
35740
5966
99
79206
99
99
99
180489
12841
209489
99
99
99
99
99
99
14134
98
99
245599
64755
99
103655
99
99
99
99
99
99
195118
99
4914
178563
99
13456
93525
15435
206540
99
41902
397161
99
290757
47042
229004
92606
58359
99
99
129906
99
320557
99
99
560812
99
376362
329013
99
99
12927
40848
410
99
99
66896
41353
229057
99
155244
99
99
369091
98
99
174482
284500
90653
43022
99
99
99
99
99
99
99
99
99
99
99
64958
99
99
99
137333
99
96727
99
8678
6758
22100
99
116288
297802
581500
99
261722
99
31475
99
99
139807
220367
224902
223295
197975
32722
444242
373650
95287
99
126973
49568
165148
99
99
162400
99
206013
473036
99
109275
358677
99
398842
67446
187726
212084
99
99
16331
144322
99
99
99
99
99
293017
99
99
99
34097
436613
139648
99
89781
66591
96
54890
99
100348
14099
269417
273531
165120
99
78663
58360
99
375490
255522
143799
8189
99
31174
3207
99
98
220298
4634
258452
59067
99
95054
99
99
63908
67693
53520
81846
99
105440
123189
42131
99
99
339052
99
51307
99
312368
98
26291
99
32641
25907
505791
99
99
172818
341655
99
99
99
161544
99
99
99
421746
304607
222230
281102
99
99
99
186605
10834
267655
99
99
271177
44792
75725
156561
10710
234101
77153
99
154845
395895
99
107178
99
60846
16249
166110
64711
99
99
99
82
99
99
407273
177059
37371
99
202836
99
99
189348
99
97
15542
40290
68
240208
208418
178418
99
99
99
268017
264516
297823
175291
99
45808
207039
22812
99
99
25679
748
114319
47799
99
99
99
10731
119674
595038
99
267100
99
15800
99
144179
99
99
64650
99
177795
99
39643
99
348544
99
299316
377252
57708
99
99
70710
18710
353824
98
99
99
99
90
336784
99
153017
521
99
8572
263311
99
84672
99
99
99
99
10938
392887
99
5269
571815
33929
99
99
186970
196275
193831
99
69941
92551
99
214913
390047
325232
334596
45275
5317
149673
99
8929
99
534052
292020
99
99
99
98
99
99
99
99
373176
155434
99
277190
281983
99
99
99
47611
99
35824
112732
99
110052
50512
334618
264672
99
99
53181
174639
99
99
311116
36678
99
99
99
99
96282
100007
213728
101421
377365
99
79254
99
99
179700
99
84786
85090
99
415747
99
59767
99
99
99
53305
99
99
99
168692
99
7994
48087
186831
168866
242652
99
99
365652
282363
99
116367
99
99
99
99
183883
335106
72689
99
176145
56663
2906
66687
135477
79517
99
406972
57767
99
5475
99
3694
99
99
98
99
215918
99
99
19657
172503
99
129929
7392
12686
289677
32253
99
99
255863
145796
8062
99
105168
99
20465
133318
99
99
18903
99
99
26838
57697
6332
99
99
99
99
234461
99
99
99
300161
99
188306
310536
99
99
20273
99
312476
32628
99
98
99
99
99
472987
99
99
99
99
169567
127895
99
98
299958
99
99
2383
99
255226
9035
99
178868
99
99
148880
99
99
99
68
99
264575
185295
99
488435
99
8496
352128
605
99
264856
96927
86947
144557
99
375886
99
99
99
211506
258380
99
99
311666
89666
99
99
16986
163862
19407
159644
99
145842
99
99
178995
189968
99
99
62733
99
99
99
7297
44516
24241
99
138018
20774
306427
99
99
99
125508
227469
99
99
179128
99
129129
445189
71889
99
69984
99
99
99
89183
351098
52195
99
99
99
99
51609
86241
253228
99
99
33205
99
99
392975
341713
98
99
156139
99
160620
1756
381101
5022
152411
99
99
99
99
130265
99
275884
99
208167
177449
99
176942
99
144770
1595
99
178039
99
99
99
3093
99
98
23493
54107
99
12605
144011
141135
429851
47006
77016
99
78310
17042
187866
10921
362392
323417
469156
33767
124441
99
99
99
99
99
90
99
99
99
99
99
68620
99
99
99
99
118487
41954
99
268464
202461
99
99
99
99
23197
166322
99
99
91242
99
129859
40184
80598
432559
49746
99
58146
99
99
87037
6159
99
99
128354
39459
99
7961
98
99
67889
99
99
99
206934
99
99
165745
169191
99
31940
265798
198193
88528
99
79002
333530
99
266906
42016
11342
48034
410866
99
157053
16139
41639
99
135218
423985
77146
99
99
99
422504
416444
16002
217210
162204
261292
99
99
502480
99
113019
37879
99
99
327643
99
162175
99
99
359001
108441
145292
14588
99
99
99
99
24000
44252
99
328954
99
195265
99
40916
251838
208779
69602
99
21678
76692
237739
99
39028
95032
323631
29452
99
99
83095
1941
99
313786
99
25417
99
99
60232
126640
99
99
99
9909
41762
99
99
333336
328347
23036
99
99
38428
99
99
99
184605
99
99
103513
173558
465643
11515
285995
99
126537
99
99
99
37711
10345
30106
99
74509
99
99
143108
99
138822
21112
89063
99
99
196935
99
86589
99
10079
28827
99
3706
99
99
99
77237
99
99
99
9669
93
99
99
235697
340776
381786
99
99
414877
29870
99
77221
99
230735
84576
99
5841
53404
99
99
398774
18636
99
3883
99
99
56205
344556
99
21311
9670
13540
99
115922
9650
99
99
423923
99
352881
99
332203
99
305860
101868
99
18570
99
99
98211
99
99
206640
228916
99
162939
99
431330
98897
38783
99
19031
99
13400
99
99
99
24299
43569
99
99
99
99
99
97
99
29133
19058
99
99
67163
99
99
99
12577
3245
164901
99
25100
99
216295
99
99
99
527191
99
329330
182573
99
99
254017
99
99
99
99
320772
96
99
99
442291
93983
98
77132
10834
99
90048
338958
99
99
99
99
99
8570
73220
421300
98
146676
99
226325
99
99
363364
257574
99
99
56521
99
8186
273820
124099
4683
99
15507
66360
99
108094
135657
99
96
99
24259
6793
99
99
241948
99
49537
15961
90
14745
99
99
94
227128
224432
99
99
99
99
99
99
99
99
145558
54208
27625
402368
99
194535
99
285841
35358
62918
214269
99
52226
62636
235517
4160
99
99
372018
99
99
105499
52287
91617
299762
311078
99
99
25227
26587
99
16794
594603
309132
99
90334
10757
99
99
163808
99
105952
99
99
36497
99
165514
80063
389472
5509
418789
99
99
126180
99
99
164663
396540
214478
191720
201269
99
41996
147493
99
65520
46256
427881
70007
32789
104582
9975
99
210109
99
99
221186
3703
99
99
9802
89972
99
99
99
97
99
116438
174981
5533
99
99
99
99
35333
99
163056
29775
45949
44986
37550
99381
99
181500
99
99
99
211067
132624
2328
99
99
99
99
99
50074
99
99
240436
99
99
123375
99
57756
99
135264
99
40563
11601
99
15448
99
25934
99
140494
99
99
99
99
44587
99
99
10301
99
99
338217
4813
114400
11156
252643
99
99
99
299324
140772
95
99
99
99
55200
98
138631
99
130354
11499
131994
99
99
99
208056
99
348736
144254
42299
99
126574
99
86030
99
75666
99
20547
282493
3246
99
99
99
99
64704
99
99
15533
99
98
99
266277
162569
64163
214866
142509
159548
99
42541
385906
99
66051
18455
99
99
233561
1188
99
49341
108528
212219
99
99
99
44625
360245
99
140790
99
444820
99
84438
167724
21159
99
541735
165359
284429
99
99
99
94540
124693
99
99
394016
10326
99
99
99
41292
52855
96
99
264704
559
99
99
386519
15128
37282
99
100186
99
99
99
99
55308
99
84221
99
199986
99
134023
292737
86666
210126
99
99
1727
99
99
223235
99
433037
157106
119205
97
99
99
227689
99
7070
362954
99
63263
292493
99
99
10024
194778
67369
99
36414
99
99
16569
99
99
99
99
99
99
328999
99
99
309442
99
99
6925
99
99
99
41418
223274
58765
99
99
99
26058
16355
99
43004
322689
74980
99
6138
99
99
9287
140089
150518
99
99
163293
99
99
99
99
23180
99
109171
410624
99
150974
66167
23343
99
292191
99
47437
99
40887
99
140387
99
184022
99
99
99
64938
99
99
99
74
99
224230
19978
99
99
71272
6776
99
99
47058
450077
99
7004
99
33596
99
294229
99
99
22357
234453
99
99
99
11402
8360
99
99
219544
86180
169958
4424
99
332505
99
545689
357470
159258
341321
35391
40327
151648
235510
41295
99
99
11711
97
321309
99
99
99
99
99
99
99
257693
146806
197786
217655
99
99
99
209609
99
99
8679
99
34780
30638
137896
13673
251533
75620
58049
193929
99
415619
8930
99
99
25191
73194
88995
99
9196
99
99
65620
176353
99
99
337734
127418
99
99
420341
99
99
451245
99
99
97
99
99
99
31648
150511
99
99
51823
344125
99
99
99
99
99
11136
80422
99
99
99
99
99
630
99
514553
254110
87
99
337947
177750
41885
98
297685
99
99
99
99
99
99
99
306857
218390
461275
99
114070
235037
99
47053
99
122311
99
241767
99
99
99
306579
99
202377
11748
99
229936
169021
369351
99
99
246391
99
75280
99
72718
327506
276762
227835
49252
99
99
193602
175966
99
99
99
99
99
3724
47599
2805
99
99
48923
99
99
417944
142555
99
99
179813
280316
99
99
99
99
99
99
29770
84449
61457
99
302605
99
415586
99
99
99
514606
20886
289790
99
99
16033
99
142783
99
186397
172419
52365
402109
99
5915
99
99
78998
101585
99
99
99
18290
3884
199003
10485
73892
446137
99
144461
72825
529367
3062
99
99
99
99
99
451320
99
99
99
99
40057
21313
99
94324
385095
99
99
17358
333965
99
99
143897
99
89746
179785
202355
99
57813
99
99
99
99
99
10046
22919
9702
99
99
99
99
213076
207903
139236
227150
99
112095
99
197942
396265
99
99
593812
14966
37338
99
99
99
99
61641
108674
99
99
99
126635
218911
99
28458
62951
272490
99
375211
162611
99
99
99
18116
192853
305878
135037
99
99
99
261058
31188
92117
215514
160796
99
99
99
99
98
111647
99
99
365092
99
99
99
99
126140
99
99
94
19629
230978
99
46753
339282
99
141767
99
90687
218428
139972
99
99
99
99
99
99
9426
98
99
119623
99
99
99
99
42532
107685
147080
174018
413064
99
22344
99
131011
99
98
202198
121558
99
77983
99
16593
77775
99
80
248672
235222
296890
99
89
99
99
99
99
99
99
99
164881
62463
99
357995
2396
12816
98
99
99
232973
99
200340
62900
41345
64691
342534
99
95553
52590
401108
99
206591
99
98
99
99
99
68508
99
99
99
11874
130484
99
257585
409268
12028
99
289394
99
58325
170508
99
143086
102288
28250
99
99
38611
99
99
99
65306
99
99
99
99
99
98
99
99
99
28546
117144
99
99
99
99
99
99
12777
99
99
11285
126411
99
99
99
49043
126185
99
34881
261742
99
144417
99
353780
56174
99
44024
99
227107
99
101108
29828
99
52457
91278
228810
99
103214
99
99
240207
99
99
99
212697
99
14806
99
47402
99
381084
99
41878
47832
98
380235
82294
29331
99
99
374376
22198
71325
99
99
99
124922
115152
75136
99
99
221555
99
32504
461520
147191
99
99
99
18022
52024
99
70176
99
124669
99
99
99
98
99
446605
99
99
99
99
94929
206403
297244
99
99
133529
72824
99
99
99
29746
99
99
99
253289
99
99
99
99
454310
99
295043
40367
1334
42097
99
98
99
34765
46372
99
3295
99
71946
99
376314
58379
99
147269
99
99
99
99
84477
155330
99
99
336622
148630
372975
99
99
99
99
99
57987
432984
99
9038
5519
99
45049
198584
7745
87567
338209
47559
99
29386
99
99
99
99
99
417724
145042
3913
53407
99
99
81751
7136
15145
78058
6392
99
114598
83047
99
187
99
426183
99
99
124514
99
99
99
99
332527
99
99
305154
29757
99
99
6279
99
97
4535
99
188258
104147
99
315535
175617
78004
98
99
99
219964
61357
99
76687
276883
49985
108347
405789
149919
546505
52041
49476
98
364017
410722
67280
99
99
99
99
99
99
352484
80388
308529
127576
99
99
99
2499
99
99
34303
320759
99
99
99
462579
2142
142872
99
99
394148
99
84766
110260
125716
99
427537
99
99
99
2887
156358
99
99
99
99
99
111438
99
383430
99
613007
98
99
99
99
99
99
156278
133409
99
99
19318
99
199403
99
99
377460
42251
99
99
104136
77046
46063
93759
99
99
99
66048
365216
99
191000
67752
99
211695
99
105757
40611
99
313450
98
86951
94
99
257
99
316409
99
10303
99
28205
99
15457
99
296
99
99
99
15407
101760
99
99
125604
99
99
44952
80901
99
99
99
8218
128682
64774
99
129187
3427
246732
285532
99
247437
50956
222023
44083
99
99
7541
139139
20276
18293
99
99
99
217442
99
14509
99
99
148684
99
99
99
23418
146
106745
315242
79807
189012
99
99
140654
46115
16926
95
365473
99
315348
99
3478
23808
153267
99
99
99
99
62954
99
58367
99
99
99
46298
151111
432034
99
94
43282
20940
99
99
99
8300
99
99
239932
99
267418
71981
99
322868
238011
107608
294473
372297
20611
65089
156000
178554
280330
405580
99
333380
99
99
99
206778
99
144357
149731
99
390571
13058
572325
22533
9353
7946
11109
267052
99
118185
99
99
99
194177
47065
99
182808
3433
250249
99
98
95939
175580
355659
99
99
99
79827
99
37865
243895
341816
99
99
161318
99
99
99
99
99
99
99
99
99
427509
99
99
1838
204056
78602
99
172684
99
99
230629
317987
99
99
7106
99
98
99
99
36060
99
84886
303771
82894
34837
99
99
99
99
99
99
99
184573
20894
99
99
247737
173958
99
305367
99
88584
16513
17051
29829
99
3517
99
94221
35857
99
99
99
99
210808
418086
159243
99
99
99
99
114308
213610
216974
99
99
50625
322879
563382
41179
99
99
80753
99
26331
6245
43162
41597
4955
105806
99
91904
134020
99
125331
381638
28449
80239
444054
99
260041
99
99
99
512702
99
41285
8748
99
99
432569
398594
99
99
99
99
5139
99
133936
476371
282688
99
87073
77314
139254
215956
99
99
194131
40138
99
384358
5015
99
99
99
139592
99
89021
107167
24338
49731
65486
143144
99
117671
243218
99
99
110570
50988
66
99
99
99
35762
32610
31803
99
193188
56387
99
99
69968
99
1119
121157
99
138005
3427
4577
33789
194580
159595
99
99
222035
99
99
40426
99
99
99
266998
99
18906
1651
424452
99
10451
99
99
363
99
99
99
386421
99
99
99
99
99
99
16239
48180
99
60576
195978
99
275198
41955
99
99
3212
400958
42238
116468
502399
271717
263509
230647
130254
431775
30131
99
94734
178404
286134
99
99
99
44417
155865
99
534451
73822
184173
96
108023
147282
99
268393
202380
69566
99
99
99
99
206080
99
99
105188
25565
99
146229
99
96
4157
99
94753
99
99
142328
412950
99
326607
127041
99
3560
549162
42822
99
134717
145770
99
12524
313706
38024
378898
93866
145617
99
99
99
116288
38450
80680
99
309619
83556
91
152054
241536
99
11401
95
99
99
190060
105682
395851
99
220750
99
99
99
158025
478385
195104
442617
146684
251570
99
99
99
99
301405
99
391883
22013
2206
99
181540
13299
99
235969
99
421585
99
99
52023
189339
348959
5326
238319
99
2596
5510
99
374992
99
99
82174
99
99
99
99
374422
26002
296205
183520
15056
23130
2171
247667
99
52657
99
50036
167118
214678
4262
99
105477
126584
99
99
99
99
37034
96
99
99
99
99
67261
315135
99
99
458489
120723
7366
33131
143004
385853
367986
99
99
285520
72716
308896
112587
99
99
