99
99
110262
156832
97
99
18254
396616
99
99
18097
411093
14268
164244
99
290398
99
88473
99
39528
99
229500
240788
223261
99
576
52147
99
99
293832
99
4895
155606
99
1820
99
339419
99
508073
99
99
135422
99
99
99
60759
37231
99
99
99
12117
86172
99
284333
99
99
6230
99
98
58843
99
99
144938
350223
99
97655
90157
99
276427
99
207120
414459
99
16700
146750
164810
99
99
99
313735
99
99
37691
99
109488
236231
97
93
99
99
99
502
31157
131221
13668
181322
15416
85560
115656
99
258553
103734
99
99
489797
99
250234
99
20856
99
99
99
99
14383
77416
276986
183631
99
99
17223
99
99
38721
99
99
99
99
588722
14973
34005
483157
112548
249721
99
210290
99
205271
99
34994
254912
99
150475
30165
77525
315239
82474
99
16717
4476
99
14192
78963
50254
99
361893
99
507022
191563
123394
113068
99
99
99
16241
68795
99
268665
120190
99
99
278519
136626
99
2657
99
500382
276067
99
81289
26474
99
99
107767
99
262455
520428
99
99
99
99
99
418913
99
99
99
105637
83774
99
99
99
99
99
99
99
326616
99
180809
3827
62549
99
99
99
99
49454
99
99
99
255689
15958
246505
99
99
189228
227152
198921
99
52141
99
151823
99
99
333
69496
17431
36550
99
27190
99
322
107280
9257
99
99
99
370318
316004
99
130000
291224
232612
117953
99
99
11781
19788
99
2399
25477
284745
99
16071
78663
99
547435
564624
99
298980
99
107947
84061
80548
99
39897
99
240656
16196
124978
99
99
456163
205416
99
252943
133769
99
99
227936
111280
99
268706
69924
99
237986
99
9533
82850
41134
32824
99
58703
151883
1874
58429
99
531789
99
99
457515
224367
161703
75142
99
99
99
99
101536
99
201532
99
307440
99
99
99
47976
99
99
99
19216
182669
99
99
99
99
99
99
99
99
2416
11447
29091
99
99
99
99
99
99
137712
299895
359363
99
14587
47118
122528
93
183218
52316
99
80513
72679
99
548145
99
70362
99
101661
146950
119911
99
254561
99
231894
99
25355
99
99
99
99
99
497649
99
99
99
99
98
136109
99
71026
20216
99
99
13074
81607
445292
99
37133
136595
99
99
99
287539
99
66036
99
98
99
142888
143239
99
99
87591
99
80257
20954
15670
99
205117
6810
8731
235511
99
333277
106254
99
86209
99
388153
85940
99
99
99
99
99
99
188915
99
111930
296765
67577
207246
99
209409
348319
99
99
56124
327986
99
510320
25115
22385
99
99
110391
99
104819
99
189114
99
2030
73243
99
249482
99
99
99
99
99
99
99
110326
99
147552
99
335739
373117
99
220443
50054
98987
261257
99
99
73734
99
381125
99
99
72441
99
97
28216
99
99
99
99
38883
68192
99
259773
347686
99
99
41611
89370
31465
3504
3541
99
476775
99
27203
99
22464
99
383193
99
99
65700
99
124177
40144
99
24269
195913
99
13208
545339
73463
99
99
99
97
99
325464
193377
109043
99
373175
99
99
146371
99
99
146812
99
4860
99
282288
99
99
99
329900
99
99
326091
235334
99
503683
99
99
99
99472
116402
306592
590988
118681
99
99
88366
94
99
99
99
50067
99
4684
262059
99
99
3314
99
26260
14646
99
99
99
18934
99
99
513367
169410
138646
119004
99
68915
524259
408363
174446
99
99
290878
476626
99
99
99
187498
99
99
224506
99
99
99
198810
99
99
90176
43921
99
1975
411347
99
99
99
99
99
46149
99
99
99
23290
99
99
99
295286
145565
9257
137526
99
99
22019
45070
182131
99
99
56300
344812
458973
18721
99
99
24278
199452
99
99
99
99
55334
321607
99
99
129696
157848
229336
14739
99
99
99
99
80769
143139
99
99
99
97
162201
99
99
99
99
99
99
82728
99
99
99
99
156977
98
524434
108610
99
97
326170
94
99
99
136967
270520
45749
99
326311
161103
99
49359
99
209464
99
99
3429
159862
99
544637
64426
99
128221
156107
99
99
99
27479
249397
78062
179499
99
99
10521
99
41124
139811
126718
88148
99
132296
524480
22149
99
99
93942
325189
340688
99
99
4425
99
307355
35575
199007
30667
7367
63447
99
32808
351647
99
99
295409
99
455954
438633
99
99
99
99
99
23866
12508
99
76203
34964
99
99
80946
116063
170607
239314
99
341924
99
136134
117154
99
248864
182050
6951
149966
57546
94694
144019
180653
123923
99
328063
74524
124185
214630
45636
99
99
99
321642
99
99
99
99
169977
265175
20661
86348
349747
99
99
8826
99
103308
417818
99
13904
50139
99
120565
430196
79
286791
254605
62344
144031
434773
99
99
89248
3415
99
133752
129567
16673
99
99
99
97
99
22869
10885
255177
82
99
99
99
99
99
99
178143
99
99
15967
99
151120
253711
24759
99
97950
99
99
99
105043
180521
32785
99
99
186185
99
99
123041
99
554474
80715
108162
99
52063
136826
953
608381
515478
99
529371
99
201359
85852
548353
57412
99
99
26774
99
99
99
328722
99
99
239946
99
965
445768
126551
33893
99
161958
99
99
99
99
5974
99
99
163865
58914
191509
241713
99
99
99
99
66598
99
393732
345851
99
99
99
80268
363482
116799
99
99
99
575521
99
196366
99
176801
99
99
99
99
370254
139332
99
74670
99
99
97
99
59522
99
177908
99
99
99
99
80645
99
99
99
297929
99
168586
111375
121128
2011
99
2841
99
81634
77971
99
99
99
99
222368
271420
191194
99
99
99
116608
99
180048
99
99
99
41329
99
99
76479
99
99
99
99
112852
99
99
64578
15978
99
7610
122027
41246
99
297808
99
99
99
377568
99
325988
99
490721
99
59582
27909
74932
125134
93092
99
19727
95087
99
99
62725
99
99
99
21255
99
404947
68026
70829
151117
99
99
99
94797
279268
558
556924
237215
99
1739
186493
118519
99
99
99
231817
318155
228986
11197
99
99
167801
185670
474008
99
99
12715
84931
99
99
99
190788
99
99
99
99
23174
99
71862
99
258165
66165
99
99
99
99
404780
461598
99
18484
93646
99
95918
21107
99
4759
97535
99
99
149492
99
99
99
99
99
27264
98
99
138343
24638
166795
367225
25092
60307
90773
99
99
98
243417
99
99
155568
99
99
46308
55065
145617
99
63665
16020
140193
99
40693
39676
99
99
3846
2757
12405
256328
40273
2902
48416
31101
71538
948
71867
99
99
345411
99
3812
99
522163
115904
99
414600
140976
329925
274621
72808
37220
591324
95
99
422454
99
99
275526
99
11323
475256
74237
157959
217913
200336
99
99
359309
99
99
232149
99
1441
19261
230798
99
12207
153559
99
65602
6275
99
99
99
99
99
170625
99
177887
98211
2420
747
237337
69933
99
99
107128
264449
242608
99
277641
194505
222388
32693
99
99
471644
288291
99
202425
99
99
229678
30887
207
251465
99
99
99
99
99
99
84242
99
159323
320765
99
99
99
330480
45249
85656
99
216859
114984
12760
209463
106848
115132
56488
99
221567
14372
94711
257196
99
336232
418179
99
7807
99
179311
378442
99
99
53289
203783
99
115874
99
99
99
99
114419
99
99
99
550144
99
42430
99
103966
32186
168819
232248
266885
524063
99
99
99
99
99
515035
99
330037
59630
9192
322345
423375
99
99
99
99
532508
60399
13777
99
40108
99
99
113933
99
47845
95
99
99
99
117894
99
136557
99
86493
207451
99
358596
99
189278
99
80826
99
99
183143
445246
230139
99
121548
99
99
99
294479
94619
142477
99
99
99
182990
99
99
99
99
80817
160830
99
99
99
8837
86731
244673
264394
99
99
99
99
15124
99
41918
99
99
97
102239
527718
83313
171467
99
3955
242198
99
56900
210533
99
99
99
99
99
99
118778
428887
99
124279
6645
49972
99
99
99
599255
45336
99
224852
99
108925
99
99
118172
565550
99
18089
99
136037
99
99
384339
161041
193895
99
99
45349
47918
99
99
145768
9967
99
97
99
99
52297
147426
361634
101733
6643
99
99
99
136344
46554
99
244494
178815
97
99
99
99
555044
99
99
99
153243
99
360521
99
148610
99
99
22702
99
30955
235367
54689
7660
174150
99
99
3553
99
99
38078
99
274211
184487
99
99
289778
99
99
352318
99
145168
97803
99
58441
99
99
99
99
34789
99
99
99
99
99
304243
99
5817
46894
99
100239
99
99
99
4853
119504
388156
112326
99
122377
99
207144
509870
332988
169286
99
86463
99
99
99
470713
99
42901
44194
99
291622
99
60
99
81671
99
7647
99
99
9193
99
99
99
426033
165507
99
232663
73647
11096
217214
99
99
99
2034
138316
112088
99
99
99
99
99
96
99
336076
59336
99
99
483926
142574
8932
99
193486
99
99
99
191702
11073
99
99
304508
79415
195086
99
173411
6277
255599
173458
99
99
25440
99
361286
101628
99
99
334260
963
99
99
99
99
99
140966
290899
41797
99
71445
17245
322538
99
47604
292879
201828
99
99
99
48225
359244
341477
99
8206
99
314128
237183
5922
99
70440
8559
99
120706
94079
300876
14635
99
214100
99
1760
260676
320308
99
41968
99
158181
257470
99
11645
305499
99
99
99
99
88790
99
99
208050
99
99
2068
99
15883
99
350097
97
99
99
99
99
348860
99
99
252867
99
99
28445
9599
99
1995
99
110329
99
99
99
243773
28709
260707
99
99
99
36713
19529
99
99
544661
99
440215
99
30355
26590
99
99
72266
99
274120
234604
99
106405
13833
419048
21940
99
99
99
99
408089
185981
147631
114672
298551
473184
99
99
99934
99
153643
145619
99
99
99
107729
421456
99
99
324055
187724
99
99
377460
99
99
99
21393
318373
130604
99
99
99
188265
99
99
99
450214
89576
98
99
99
99
262551
481521
227907
157436
99
99
93510
99
12552
99
50439
178215
347428
68094
88860
99
99
99
40293
306134
71649
99
63085
98
100219
140918
99
269359
99
99
120218
176335
198386
68663
52203
168751
53295
99
399349
108715
99
187799
7225
150660
4377
99
124306
163472
81286
99
21085
374899
99
465796
99
99
99
59596
99
129272
99
513560
99
447101
99
63979
99
68
13376
135533
27547
99
417914
286
99
99
99
234178
99
260816
99
493045
320238
92813
99
72142
286642
288379
99
69272
99
118098
99
99
311351
204725
98
99
99
600
99
5748
55546
99
99
89541
139812
17965
99
139347
99
163463
99
49565
117610
99
99
272089
99
381729
99
99
99
99
611291
99
237739
99
263156
99
99
15670
234532
35405
99
36101
99
99
99
200
99
580042
99
209102
46902
115197
99
74
19858
98
109053
99
225669
99
99
99
99
99
99
99
99
401470
99
99
103906
104699
9906
99
99
145301
230908
41011
30827
598206
72615
439110
99
99
99
40267
99
99
99
150642
99
269334
37317
99
450116
99
99
99
51242
99
99
570779
99
99
65202
99
35552
99
99
99
43341
99
99
99
83346
221631
99
449058
83044
99
99
99
12150
99
265579
32196
55110
20849
99
29740
240030
99
99
99
99
91898
99
152872
99
99
141403
99
164387
99
99
22987
205907
82720
214224
99
108331
99
30514
66476
70065
153934
10286
219883
5475
53715
99
99
153850
165852
65798
99
99
283166
99
99
254228
99
99
123525
99
112555
75790
99
2898
99
99
520513
105029
56908
99
197472
99
99
129851
99
113348
26379
584047
18316
7215
124165
99
99
99
107588
194667
60870
318420
99
19556
60350
85687
294117
99
99
148289
226016
120798
14682
36647
34300
99
69485
73683
53768
99
99
191181
99
98
99
99
99
306825
99
99
99
117685
73259
99
9929
13130
99
32846
99
32497
25972
99
99
58899
99
99
99
491935
273135
32858
197621
99
99
30678
99
165189
99
42700
126496
99
51974
99
99
99
473451
99
269027
99
99
71241
99
436636
99
369807
62221
99
99
99
87571
99
413415
69370
50745
155072
124896
88219
45128
1940
127476
37943
173098
99
373333
99
99
23375
99
99
99
97
270962
99
9778
99
298107
99
37591
142496
105204
145600
11333
269873
99
317119
99
99
66896
226587
99
99
99
34997
40135
99
46364
11528
143
99
99
216993
44020
355165
41988
103274
293326
173679
493278
2074
99
99
4390
114842
28925
99
39139
99
99
293203
99
99
133811
99
99
99
99
305161
157104
168835
99
60976
333332
373610
152423
59841
194254
509030
99
130685
99
33534
4980
99
99
28463
99
95520
99
99
10743
99
52193
352809
59442
99
99
99
99
116820
389869
99
99
64283
99
402130
99
99
338134
99
99
99
134168
99
99
509
99
51
99
99
369431
99
99
204143
99
263
323515
99
99
92183
99
99
8098
99
355834
401193
137313
99
99
99
99
174416
35612
99
99
79304
10250
301383
91774
99
396227
99
35036
67333
99
99
212872
348089
23701
99
116628
17905
99
452420
99
99
9010
225466
229852
147618
99
99
99
91144
251792
77017
19467
98
179247
435117
253154
99
209074
99
518415
251824
185476
203327
8251
115131
99
270436
99
466572
99
19517
99
119433
99
233149
99
7531
99
114282
99
99
99
99
488677
67340
323783
99
165769
97002
98
35692
260251
383305
99
2078
165543
480557
99
99
74541
99
99
99
99
99
295832
102915
139087
65842
99
112652
99
41265
99
21933
37774
99
149877
99
314941
99
99
47594
96
195965
426519
97
99
10179
99
86084
99
21854
14254
330562
99
99
99
99
132251
114068
99
99
99
99
92438
99
99
99
99
99
5817
150641
99
408627
314028
99
99
136552
99
99
99
99
84070
99
313808
99
176394
137378
10234
99
99
63848
99
99
271555
95848
20863
34239
99
221157
210290
252052
155929
163625
99
217217
179640
99
99
99
195584
99
99
99
56092
358008
60111
99
120145
25001
99
481245
402334
78807
416151
99
99
415934
99
99
99
442971
99
99
99
99
23761
330913
255641
99
19535
99
99
582658
9767
240925
100624
99
187741
99
309608
99
99
99
461248
257371
99
80225
593238
547395
133662
133344
99
99
102148
99
99
267245
99
28432
99
230460
99
99
99
99
99
514250
51573
99
56788
99
280020
99
99
99
99
99
46949
215606
99
99
99
99
99
99
99
37799
248518
99
246432
20938
321824
134182
170614
99
99
121189
99
83670
99
99
99
47722
99
112950
375100
128553
88662
99
223381
99
99
58937
13352
30564
439940
300697
99
99
99
53296
33475
221235
99
61239
99
85811
99
243061
99
179832
257681
99
99
44595
99
99
259863
153975
29662
172204
420981
99
99
99
238202
99
98
34514
99
99
67329
99
191136
99
99
99
99
230944
99
45639
288785
78937
99
114417
210840
99
99
31761
99
99
99
78581
99
21331
99
99
448253
308776
99
151950
99
99
284218
99
99
170832
218919
99
99
102712
310017
99
99
99
170248
351893
99
104411
99
22062
99
181619
34818
159693
99
99
99
191898
191117
129003
99
99
99
99
50119
138056
99
461362
95498
99
240048
70020
99
134427
99
99
99
82177
76599
1268
42619
99
264566
103327
118942
99
99
99
51830
99
227996
144315
34393
99
238498
7574
99
36310
99
12215
99
318821
99
33942
99
196715
99
131333
99
99
12887
99
69632
365530
3427
99
142644
99
99
78206
99
376520
24689
99
48716
99
99
70818
210472
99
33725
172234
228065
99
324516
99
358331
182420
99
99
149671
99
14570
142808
99
99
99
274164
86075
99
38169
99
766
99
82563
99
117680
132516
99
144619
97549
228070
79639
76027
528162
99
98
39874
99
99
99
99
99
99
99
99
99
99
99
8578
24440
172244
99
99
99
332963
99
179229
23338
118208
193784
99
380457
99
99
166074
99
99
2534
92765
99
99
82172
388636
99
252745
216007
7501
30918
97
2520
46302
99
99
241524
99
368532
222489
86529
18206
99
257033
289651
233196
99
118561
59562
99
427787
99
9804
367866
36210
99
99
99
99
100727
99
99
99
99
360814
220906
44916
74486
99
219820
99
99
99
99
99
99
99
99
232600
99
99
99
99
82810
89
332440
99
99
99
99
99
941
144821
87765
99
52393
99
99
20127
286106
356867
99
99
569025
99
99
93162
425077
142670
99
136317
297528
99
99
99
240510
99
99
99
99
88
44045
99
107196
99
59211
214831
75580
354305
430351
99
99
99
99
99
27220
97
99
99
99
16534
99
13248
294410
4588
99
69121
106562
161873
99
60209
126792
2720
99
171988
99
62111
99
15166
149914
174437
202393
39899
99
2685
20408
37766
99
12766
99
99
99
424483
99
99
309664
412229
99
99
4299
193248
99
99
169102
99
99
99
99
145491
50620
99
99
29676
55732
225050
21452
99
584
99
33964
99
99
99
99
99
99
37623
99
455801
99
99
99
462596
285906
99
99
50039
99
70265
470780
99
120935
99
37196
74645
233081
99
30789
99
99
99
14797
42937
141316
34009
99
99
101997
339375
94
99
99
9644
166314
78914
85465
73718
369328
99
288192
99
99
118195
99
15333
332960
99
347983
3138
99
118852
80600
99
99
198439
99
55848
143160
99
99
99
99
207498
67753
99
230040
187338
2288
234417
50130
99
189947
99
179013
12738
99
117285
99
99
263537
99
5403
99
2257
99
99
99
99
99
429935
474169
129053
99
99
234666
202387
99
99
30400
276232
97
99
1402
9596
627
99
99
231707
99
30172
99
99
99
187394
264510
232512
99
99
99
56743
61921
99
312433
126156
39023
434222
99
99
290198
99
72743
25362
376256
99
99
99
36553
83887
99
99
112209
99
6729
99
252994
148729
99
22896
99
259880
99
117880
99
99
27214
99
68383
99
431661
374029
62282
265101
99
99
99
89346
397539
372847
290428
99
165764
3281
99
9809
330255
207935
99
100638
301925
189409
99
170849
99
99
489305
99
99
13974
99
99
4173
76812
99
99
165175
25226
136495
393855
930
279794
208791
162532
96991
99
125223
99
3087
145301
99
344819
353211
252716
99
6575
99
99
99
99
135454
99
99
99
193938
167990
99
138922
151835
37071
91838
99
15603
59425
99
4770
132080
99
99
41255
99
223
99
99
91244
74390
99
99
221151
99
99
99
99
301463
239527
99
99
99
99
248386
105367
24074
99
99
99
99
99
99
93
54707
99
146928
98
16508
99
34039
99
4473
99
99
11854
99
218848
99
146933
421491
99
7604
78290
338116
344001
409459
99
99
394878
99
99
99
99
274284
99
255454
219365
99
99
316336
99
99
265810
99
99
99
99
2707
99
249925
9343
263755
99
99
99
118540
99
99
99
99
150327
40552
98
99
99
109042
99
99
190849
51086
124120
99
363041
99
99
32671
99
99
61762
17756
71721
430469
99
99
98
209664
97
185231
12080
433910
99
99
99
221319
99
134492
432470
99
99
70760
99
99
1162
99
99
50742
546771
51983
99
99
99
193454
202965
99
312475
99
99
184297
45176
99
99
99
99
244210
99
172378
99
3712
186972
99
99
99
6286
216819
99
99
99
99
99
10577
202083
41181
315783
90073
99
99
174193
99
289192
99
968
99
73394
99
99
99
97
99
292600
99
69120
57278
99
184492
169292
436701
181875
99
206396
99
102931
495279
91406
47435
14054
99
35292
99
99
99
194498
161635
75543
180456
41671
58816
99
99
99
99
99
452302
99
65916
99
605729
1308
3591
99
388400
55095
99
99
99
196266
405709
188540
99
156058
99
99
41842
99
99
318012
99
112942
319071
99
49537
99
347106
322691
284643
90
6011
99
99
1942
345249
8922
99
99
99
215101
99
51831
569866
99
98993
209781
99
333894
107359
99
36559
99
99
99
47610
183552
99
99
279503
99
390746
11315
24882
134706
99
456674
10139
99
61476
206569
99
99
218819
137639
28711
99
372109
185497
99
8883
244947
38067
487723
99
99
101102
249528
99
99
384246
95341
99
43743
99
202140
192275
314785
166264
51579
10364
131403
99
216207
407202
99
98
99
169402
1289
292402
18797
99
99
99
99
99
99
19815
99
99
962
99
48234
99
99
249384
99
55734
114312
99
99
99
99
99
15326
99
99
74327
97
323797
99
115533
206297
4615
99
99
99
33020
99
99
66667
5896
99
99
26221
99
99
170125
99
99
164147
99
376877
66453
127586
99
178746
72761
99
99
69084
99
9537
4342
99
117865
99
27268
161057
249436
107845
29970
523932
39367
321616
9533
99
99
99
396139
99
99
99
99
99
99
99
315950
45856
99
99
99
114969
218932
62361
85884
99
90277
108619
99
35062
99
349730
99
79663
99
430641
99
244659
388900
99
99
99
40782
99
99
189456
92931
99
98687
99
2696
99
99
99
99
32637
99
99
97935
158123
215902
53083
2496
99
110401
99
89
8238
35671
99
10460
213360
99
99
102933
99
10986
6762
99
223566
99
99
99
577580
99
92176
99
3812
99
128855
99
397181
99
429628
99
99
99
99
99
99
64984
32197
99
99
99
169698
99
99
98
50307
99
99
156463
99
124254
272657
99
99
29353
98188
99
67387
99
500101
201293
243996
99
89655
99
98
83198
21644
99
157990
96
236525
99
131048
99
201657
99
99
284448
99
99
21616
62202
99
99
99
382052
99
18946
98
2924
99
38404
353971
260481
673
198165
106795
103376
99
99
99
99
15723
99
280800
99
110401
22839
99
189539
32796
99
99
80700
99
121649
191890
99
99
99
124371
99
97
241526
42490
99
227618
205123
99
99
56490
16817
308964
99
99
99
151981
99
49007
45848
99
180610
77178
99
13792
99
328923
366189
99
109149
64959
99
130911
99
99
84781
99
25774
99
18322
99
99
59971
224773
99
325068
99
36675
53929
99
99
378425
29600
13072
98674
125173
99
99
485495
17684
97
253560
99
3063
147818
342314
67607
49738
99
143803
5488
281702
58819
99
200683
99
225494
372451
99
99
99
99
87700
99
99
38723
99
99
46928
118508
211273
99
99
13969
230553
99
1588
19852
99
99
99
49387
53648
99
116469
570991
171130
99
99
99
99
311803
216097
124604
76149
99
186135
99
99
7594
31370
99
488932
109095
16093
126878
99
368328
19811
99
146884
42588
99
211532
81011
119379
99
357848
99
14387
167198
31364
97
134320
99
99
99
99
99
99
99
11060
24914
159502
121152
314441
99
99
99
335388
67306
165587
99
1661
97
121262
142423
67953
2582
99
99
327312
389099
3048
558493
99
3087
193154
7868
21440
109833
15212
99
99
59533
99
99
18847
99
99
99
38822
99
99
146168
99
99
99
99
91632
99
99
99
99
99
4155
236000
36041
1990
44923
99
44888
99
214679
57352
114386
27515
99
99
124981
28682
37183
51491
99
20071
99
97
98
99
99
99
99
117398
99
254169
137577
5290
99
197369
99
110676
412085
201941
404188
99
98
99
157309
282712
99
344482
202868
299618
120972
99
99
99
99
99
99
57710
99
99
99
90358
99
135929
99
299455
99
99
237873
367440
80414
76709
147289
12785
217735
220443
99
99
214388
99
167422
99
99
397779
89518
99
53
99
83955
99
168810
17591
78357
4162
99
278132
282342
99
368795
99
99
99
657
15628
100863
99
99
49153
173460
483524
232791
99
99
99
99
315383
115175
267107
99
99
123637
99
99
425991
8813
99
99
99
1771
140435
164955
99
177455
205368
2381
380741
99
99
99
117689
18037
126663
99
352504
97
6215
241206
99
23340
99
99
295072
47625
99
101836
101543
99
64132
99
8982
375703
107742
73078
110574
98
496072
99
475026
99
87531
78679
157474
102996
99
99
417784
99
327294
334369
99
99
144372
13549
102175
99
99
207231
26003
147397
112344
48934
99
99
99
99
99
99
99
99
30485
99
233894
99
99
99
216104
99
1269
93573
99
265082
99
99
99
302095
99
343401
99
338564
43604
371489
177672
84165
99
98
98
297995
99
206142
167570
249978
133511
116586
313755
99
99
98
99
142716
99
99
5409
12191
99
230403
144529
89
99
61730
99
99
99
40539
99
72762
99
99
99
301017
99
62439
99
175795
99
99
129625
2588
99
77695
330699
3094
7826
99
99
258491
78894
203106
99
99
252198
99
99
99
260776
99
462154
247976
99
40010
99
144249
30048
99
132226
99
99
41493
99
26
135086
99037
136299
321859
99
365610
33949
94
194454
8911
79864
99
99
99
99
99
97
143825
99
99
99
90714
16359
231557
53524
99
99
88
99
113211
99
192639
99
575128
172769
37839
99
99
99
63897
84654
99
65563
275811
99
99
99
99
99
99
373112
99
99
543748
99
55073
99
99
99
98
162484
23539
99
99
99
458403
99
99
208766
99
99
172584
266101
99
113804
34827
6049
95
49443
99
233096
99
31106
99
70453
42249
537066
173381
91228
96
84
367068
99
99
523979
1621
34855
99
155593
2792
99
99
5283
99
8472
99
99
99
119817
99
99
259650
99
99
99
138909
11402
353848
99
99
45696
273366
164603
99
99
43772
247075
387142
197383
99
296827
99
99
180490
99
22975
99
578720
15612
99
62098
99
322431
99
99
83820
99
99
99
99
99
143821
99
411186
99
48422
431824
99
99
99
89060
99
465520
61906
99
28590
90448
99
99
99
99
501954
490283
11562
176552
5608
99
221066
99
23951
31182
407160
356020
99
15754
99
99
135754
127025
143318
99
179054
27224
99
208703
99
353582
222980
99
6383
56783
99
65902
181041
99
28228
461223
99
99
544560
10191
298989
26051
354328
85219
295395
24925
99
148330
54676
99
99
99
99
232946
99
99
27828
99
216176
99
99
99
99
340642
99
99
8009
99
99
99
163025
163357
99
144920
99
10294
99
99
23803
17220
32556
207000
210230
99
89673
99
99
99
50223
143791
99
222337
217474
99
202382
45726
1983
99
73940
55095
97
180038
99
99
99
99
99
99
99
99
99
99
117416
99
251444
99
34377
99
346228
380748
107389
99
673
80518
42477
99
99
6784
232855
99
99
95027
99
169779
96
99
51020
161831
106686
99
99
77765
99
205
98
228910
103793
99
89137
99
99
99
99
52220
255863
99
378037
99
99
52736
99
334984
99
99
68683
492562
99
25717
99
99
48879
99
240816
99
99
124934
99
99
65118
99
25853
95
68685
97487
60183
99
1261
99
99
169587
99
195358
264652
133691
250440
122090
533539
214186
58688
99
18948
98
99
99
78872
99
99
19410
15584
99
20638
99
99
99
262528
99
37284
8462
99
99
101243
99
54342
99
99
99
3452
99
522335
99
285600
141919
99
99
99
21044
203840
70213
403
99
99
99
99
99
99
99
99
99
99
31162
27669
99
101858
99
97
87
99
24458
99
65863
99
323908
159208
346597
99
99
413298
99
99
99
99
99
99
97
99
103961
12914
99
99
77255
37337
99
99
27225
99
99
138218
165724
99
99
99
99
47599
489869
99
99
99
22410
95577
29993
126573
28527
99
2821
99
193048
99
99
59008
427993
99
96
99
241801
99
99
99
99
99
99
99
97
99
99
168545
99
99
335352
53356
118794
99
99
3221
99
99
99
296149
99
99
18829
99
3143
9468
99
98
99
97
99
99
99
221762
99
31158
99
145523
99
9021
99
138404
99
99
289713
8962
99
152481
99
99
21845
52494
538679
87702
99
16300
93
99
74832
99
6894
99
97
99
99
415188
99
83761
81024
172761
99
115097
37545
99
23703
99
99
99
95027
99
99
99
99
67376
98272
89894
99
95
98
99
99
555748
99
99
150227
147025
99
42921
99
83283
99
31230
99
99
99
26475
99
99
99
99
99
336267
98186
99
99
99
99
307857
99
99
99
99
331786
99
99
99
104336
99
99
149275
144340
99
178075
99
29230
375550
48026
99
110955
99
99
35220
423826
99
464881
99
98
152776
202390
99
99
99
287840
16960
214028
160935
99
99
313544
109158
99
605747
99
99
99
34448
280705
187411
151283
99
43570
99
208348
173848
99
31789
28159
99
99
4386
99
176318
19690
292060
152348
99
99
155325
337995
428602
99
99901
14247
79350
99
99
99
288599
99
64923
11147
307475
99
99
130311
20516
99
232304
433123
99
295821
99
99
99
46074
30852
99
97
533645
99
99
99
99
242125
99
99
329453
98
62701
99
205415
97
56640
220997
99
188744
41965
99
10112
99
99
9291
99
91248
53237
99
22464
59063
454401
51573
99
99
99
99
99
99
99
99
99
99
203996
263665
147484
99
283827
99
300900
99
99
49026
100434
129930
16633
19038
18400
171730
12339
7620
137715
538222
99
99
78460
535638
99
99
99
162531
265639
221384
99
99
99
123142
99
78770
99
99
99
346109
96986
99
99
747
65943
99
148325
99
84597
99
99
45508
99
60375
268055
268432
99
99
99
38918
99
99
99
105014
223051
164157
99
19143
99
99
99
99
12564
467604
204374
99
31245
99
171830
282698
285559
67808
99
99
99
99
99
31530
99
99
143655
159992
99
98
239516
99
99
99
28603
39301
99
99
101067
99
99
99
99
16168
45675
99
16635
99
68340
63488
99
530559
99
99
99986
172616
54201
207241
99
571850
99
99
99
42347
201764
71972
100188
99
241931
99
99
382094
99
99
208946
99
99
161314
99
99
99
99
27065
83658
99
137017
152450
99
99
99
99
98494
140853
76114
29420
99
262911
90
99
52102
165698
99
99
99
8978
163505
99
390686
441586
99
28285
99
99
60296
98
215656
99
27955
10013
99
98
99
99
99
6822
99
99
25554
119501
99
99
140808
99
143971
99
99
99
49886
99
99
99
58048
323347
99
99
99
330041
99
99
99
305735
99
99
99
53281
99
97
99
99
99
166145
99
99
98
78
13
83653
195061
99
99
87330
99
1405
37107
341877
349942
99
99
99
175449
143452
5013
27203
707
284620
99
120573
130813
521959
17930
99
198457
99
126670
99
99
129908
99
99
99
99
99
99
14341
12358
98
52502
273935
99
99
171753
99
120822
354036
98
99
202544
99
38837
99
277683
15150
99
99
99
99
99
141470
99
99
99
99
140862
594910
303390
99
99
210975
54969
99
99
99
99
99
291827
99
153143
99
478944
83933
210950
378554
99
99
370199
185236
69507
97
99
3487
708
199206
99
459645
23336
2011
99
99
99
99
548123
99
99818
26013
201904
99
297258
69381
196972
99
99
145994
97
99
56896
99
99
361317
99
99
2584
99
83090
99
389628
35854
11870
93415
99
99
99
234721
99
493642
99
99
99
99
99
99
99
99
122562
99
108689
38375
49920
83
139860
405230
134718
153757
99
283979
162411
58532
99
99
99
99
167042
437
9598
99
99
99
12693
34270
101712
150743
99
121481
99
126765
158286
99
99
131824
95
99
99
40351
99
99
99
99
99
99
13578
99
111078
98218
107325
327839
269670
340789
134408
99
99
134561
99
151009
153287
99
46233
99
97
26358
99
99
161937
99
184046
145594
7173
99
315124
99
94118
198
99
113917
99
99
32223
99
273419
300785
99
99
14188
99
99
99
99
68753
39156
99
99
30570
11088
22263
99
99
87423
469766
227585
99
109350
78038
99
99
72677
94419
99
99
99
99
242185
18837
136978
20721
99
25920
73784
6004
99
80975
13267
35769
99
99
99
74107
99
99
99
159048
99
99
99
22193
99
31563
99
252649
406966
364021
294826
99
99
99
98447
99
99
99
12194
99
93507
99
99
99
99
29960
152279
99
99
2732
99
72937
99
468605
99
444718
99
401780
99
99
99
99
40563
111918
189622
99
21534
16290
578255
99
223713
99
99
99
99
99
99
330617
73734
99
99
131747
40611
40198
504525
397
99
32282
99
103933
99
99
276262
205271
99
99
398482
443037
103433
327746
161674
55017
99
99
99
16456
36608
14259
99
99
391816
385447
99
133046
133279
388331
99
99
181686
99
99
65671
99
287307
82618
99
99
219750
16070
99
81181
99
99
99
99
45911
16019
301420
171560
99
99
386972
35877
184998
2543
94674
37063
165011
99
5484
99
10216
99
99
99
99
91644
95
99
110647
507202
13873
99
185870
99
99
388834
29254
99
200665
152682
389276
99
99
99
558111
99
99
119688
43849
99
99
99
99
6403
99
99
376419
99
99
99
99
52584
99
276709
99
99
99
148610
99
99
3971
99
187470
229127
99
278919
258046
99
352008
110921
99
99
99
534123
99
239688
15406
99
99
99
449082
99
231006
193232
99
99
291009
352192
99
99
540048
109914
26662
35621
47811
20571
284183
121213
316823
109508
16648
99
306799
99
99
99
131916
99
167481
70436
99
64412
33046
54311
99
99
99
99
336834
93
99
62412
99
99
99
99
433451
130206
99
379431
99
39093
99
379003
99
99
99
185300
99
99
282297
99
437749
99
81232
99
202836
11928
99
99
99
56351
35055
57105
161472
99
99
99
99
93
110542
97
204286
99
57349
197825
228888
137629
99
99
66664
99969
160589
99
99
99
132394
81375
7191
99
8567
99
115215
93
65979
99
99
99
103558
25912
99
99
99
99
69709
99
99
99
99
99
99
503651
99
216539
99
99
99
99
99
139742
99
99
99
80785
99
99
99
99
1
99
21501
208880
97041
6493
206992
99
416477
126208
44136
158717
99
99
8778
99
95
99
55830
99
25636
196380
99
99
99
99
241960
99
8007
99
99
99
99
99
26792
99
83060
16802
99
99
99
99
97037
99
270255
138196
99
99
88
99
99
138444
177244
209651
63679
242243
99
99
52877
10280
317648
99
99303
10657
99
99
99
5903
97
135582
34547
99
186149
99
328530
99
99
99
53237
291678
216020
163610
329163
99
99
4534
99
19177
51856
132317
44698
99
80697
16079
99
99
99
99
99
131552
485424
99
99
99
99
217613
99
145334
369983
99
84131
99
434433
99
156637
504476
181702
219340
99
99
99
136213
99
186621
99
99
99
648
99
219106
116020
99
228969
277032
5760
69889
99
223506
154053
122055
325472
27086
94
99
99
99
97
99
160891
132030
465146
21040
99
99
99
152116
60214
99
449290
59455
286005
63297
18945
117449
99
99
290855
149547
183154
96
99
60081
235225
99
99
99
382542
99
99
26987
99
99
99
130255
99
73183
99
99
99
99
102884
58974
56581
719
99
99
267995
99
99
13486
80509
99
20194
299339
32176
61387
122355
139371
99
99
43635
34683
99
99
99
99
173851
371821
99
99
99
31247
38915
60830
99
90145
514870
70969
99
92
184569
99
97
17274
99
99
99
99
99
44999
381305
36214
43845
99
52955
38494
180253
98
37624
241396
99
99
99
65363
99
99
181077
282404
99
103812
53119
99
99
99
99
99
366679
95
99
99
99
199
393094
99
99
99
32891
99
99
37715
101768
99
99
217853
35779
99
127262
99
99
110731
99
99
99
365307
99
39130
610340
378327
33395
99
99
99
8239
1247
99
27346
99
121713
465826
48571
104533
13720
99
97
99
99
275457
303202
99
80261
99
64064
99
513541
99
98
173577
413826
340529
107323
99
99
99
99
459609
99
99
99
99
73273
274203
99
8881
119209
218107
45381
207571
99
99
90
99
99
129549
99
99
51178
21682
4516
96042
99
34825
99
141809
99
99
99
99
84824
99
150020
99
99
99
61470
398193
99
363319
9849
86627
99
99
99
98
108331
97
94
99
103130
348510
154458
99
99
51116
89713
19662
99
444425
99
99
99
98
302427
236356
7487
99
61873
292294
99
99
99
99
99
99
99
99
88387
99
99
99
541686
141156
99
99
229153
67110
288
100542
97613
10941
99
202688
40332
99
216124
99
99
99
17831
99
99
99
99
99
126343
99
99
456374
45840
95122
55244
73957
99
99
56174
99
99
99
99
99
51115
203301
561227
31714
18356
99
99
129119
302980
99
99
282572
439855
99
18077
99
296880
99
99
92645
13721
1169
180780
99
99
57819
99
99
110264
510569
99
97
304756
135754
99
158865
99
111265
26694
29779
153590
99
99
99
47119
99
99
545004
346169
99
99
386755
99
426918
158596
99
99
328353
99
99
99
3370
99
192965
99
99
99
99
99
99
99
6812
5436
99
99
99
282445
99
172065
264096
233324
392918
99
99
99
99
531763
16296
411313
99
99
4423
99
99
99
456298
99
233943
99
225010
99
99
99
99
99
99
148855
99
99
99
99
22469
99
83573
167416
99
150242
99
99
99
80114
204169
123133
88645
99
99
99
99
336486
99
99
162298
42723
435203
301804
99
118238
31776
22595
99
1736
99
99
99
99
606625
13688
99
99
345412
150042
99
399414
97
99
99
146134
59376
372594
99
99
153291
99
92290
99
99
99
99
26193
214093
52507
364159
22831
99
