22819
99
154617
99
96
99
110136
70019
99
56868
99
99
99
99
333160
97461
20683
99
99
370854
99
75495
127864
215256
99
263223
99
57751
98
99
99
99
10536
380660
22467
41744
99
436466
99
108688
25787
99
529022
15978
135242
98
2631
248471
99
109694
99
73870
65095
140411
99
11543
99
99
107633
293102
45903
99
99
99
99
453466
98
368205
112412
107281
6899
99
99
99
99850
99
22146
99
98
99
99
242864
99
139312
99
99
99
99
99
99
99
99
224068
99
129178
167779
99
99
99
99
99
478597
69368
99
99
29982
48616
58052
38778
99
99
99
99
90952
99
99
188983
99
99
99
131253
99
124035
99
24585
81422
143492
99
99
82228
99
124261
99
190053
99
65653
99
99
99
99
95
145868
99
99
225283
2043
100862
99
99
71902
99
7846
133526
99
95
326314
99
255295
77339
247334
28649
99
98371
63804
62877
418802
449154
268208
99
99
210441
99
259677
99
586991
99
100492
99
99
15979
99
489804
99
290459
391790
99
494049
30401
13918
9747
99
99
369124
99
99
175118
99
11756
195902
389363
19014
512771
400009
99
6232
162461
529360
99
15238
99
135294
99
162045
124201
72076
79556
9629
106022
99
171822
151535
76959
284365
99
56484
38243
271316
57903
431567
386410
86613
273723
99
99
99
99
105190
449857
99
1624
60801
99
170811
99
99
99
99
99
99
503546
99
507489
99
329306
58412
145431
99
99
17099
99
245990
264949
99
99
2987
99
60589
99
203335
138588
99
17726
283218
178838
64394
7278
99
99
466886
99
461422
15992
275557
99
199556
99
520562
99
143617
160212
38650
195624
88672
11941
2776
436010
30714
99
131552
99
99
330115
99
99
99
46303
99
12485
99
403792
11121
2241
66016
219932
99
562706
99
99
99
27194
221361
99
2021
99
438773
99
368296
99
99
4844
178985
99
99
99
99
99
79694
99
99
99
99
220600
5816
99
99
99
99
99
319405
99
4109
99
99
546214
34141
117679
174727
99
99
99
319656
65207
48657
218930
8851
99
99
31799
84197
110957
313073
30349
8411
80
279174
48263
202927
465760
99
99
22143
500347
53155
99
99
98
107371
99
99
16259
99
99
99
99
99
99
99
85644
99
98
99
14379
21177
99
60151
99
99
23337
99
99
266453
303096
185730
28379
99
403099
99
305725
144565
99
99
99
99
99
59473
434357
99
144451
28639
99
292614
99
8381
171348
242251
99
332828
99
6064
99
183389
99686
99
99
47386
99
28264
156139
1030
99
87731
432946
99
99
41432
228605
175240
99
99
99
259320
320134
99
99
99
225900
99
114242
99
5579
99
215734
99
367645
394195
173866
30264
60272
99
99
99
37819
99
99
212383
334956
253463
99
142996
75863
99
326664
99
99
99
99
99
99
143349
231823
99
99
6602
99
70297
99
150258
99
165914
99
99
441275
99
206825
99
116803
99
99
345058
99
99
98
46182
99
94
332003
99
99
117906
133475
203502
21719
99
305063
21323
99
58146
99
95
17579
53822
348840
99
99
68874
12194
99
99
28513
99
99
126907
219712
99
99
98
99
207778
161361
135402
99
99
99
246708
99
20504
508685
99
398323
8782
97
99
391231
9814
99
134895
280706
22410
149747
99
148645
45525
62943
99
99
99
95
99
30283
34969
99
94764
519746
234445
181730
99
99
192605
63030
203588
99
99
257736
99
99
99
99
103064
99
99
99
1706
99
99
99
99
99
99
85672
443655
99
16037
190484
12653
99
99
178094
99
99
253695
71603
379606
120100
99
99
74818
147159
111078
77054
99
17921
99
99
59541
484927
99
99
162116
8271
408540
498903
99
334992
99
39282
363995
99
195007
187149
47354
38839
39990
140798
99
99
99
243594
351084
99
99
267716
99
99
99
99
95
99
99
41503
99
184134
396144
99
99
99
99
11385
76702
99
99
99
99
98
99
45725
103917
336591
99
25772
99
184335
80495
339001
232059
99
362044
99
99
99
99
349138
98
155385
196821
59
192137
126149
99
477651
62206
99
99
320151
99
237868
99
2957
99
410541
99
106586
99
99
99
99
28556
99
99
459660
99
26818
99
374590
99
558483
4157
16097
450001
404369
47797
99
99
99
10379
245734
99
133890
99
78
99
99
99
99
112495
99
38352
182181
99
99
99
16956
99
99
383750
99
99
99
99
99
24124
99
232720
139732
99
32430
128416
281531
99
175057
99
99
34233
421238
200985
69226
88
172400
99
164905
179146
99
360629
23093
202767
214591
99
319816
202179
99
171852
97
21279
99
99
139788
99
99
845
99
72104
125038
69893
110363
117085
99
4610
36485
18127
22729
98
99
316288
99
67326
99
99
99
99
109436
99
99
166790
4087
99
1920
99
64469
97
142912
99
99
46396
15838
75570
64294
30249
25714
99
99
99
99
99
99
99
365968
857
99
3389
21357
99
87
67768
99
99
99
99
99
121495
448970
99
42471
192594
99
99
4213
47897
99
99
199583
280975
102843
95240
99
367298
163267
99
167418
99
99
906
141427
137726
358099
99
204577
99
99
15483
194719
64811
28365
99
94
99
176816
118037
12534
99
99
40922
453180
99
99
99
99
946
56641
99
77789
99
24624
18686
99
198307
158934
99
9154
62789
169974
96082
99
42554
99
99
139302
418194
345156
99
99
99
99
146367
122018
271044
15784
380913
99
15152
417987
58764
99
313706
99
99
84
3578
99
53086
99
99
90
99
99
39090
58955
208828
99
99
161834
99
99
40598
165714
99
99
99
99
99
72596
92
96023
99
99
99
10350
6557
210135
99
99
313318
97
99
99
97
99
25115
99
99
99
24941
99
254491
336204
99
99
3534
178435
130984
99
10310
329030
309854
99
99
99
35923
76676
99
99
99
281314
99
99
413115
99
387191
99
5731
98
65443
319515
236952
99
225641
144303
16557
99
347284
99
99
99
99
1752
56512
99
99
331756
54299
177
99
149843
98
99
28253
99
99
99
28283
99
99
99
166157
257547
99
51247
251935
98
148907
436364
99
99
99
99
397515
94
99
99
99
99
86657
99
64586
64793
44769
191309
99
99
71740
99
99
99
99
45342
99
99
99
83985
561650
332805
99
41549
5172
211244
330609
99
374672
240679
145046
7124
99
24848
15430
122617
99
99
110189
22255
99
99
99
99
57630
99
26284
99
154822
81579
99
99
99
99
99
143287
79165
99
99
111611
246700
120859
99
99
302893
117346
99
3848
41466
99
242655
99
206526
99
99
423695
99
63152
94
99
25062
99
99
9396
99
99
99
100832
117675
175922
99
21571
99
11321
100192
154214
89
99
99
213944
99
343101
99
95
122604
271193
111475
99
99
254904
1088
73424
165101
226566
109020
99
99
63803
458583
163598
54928
99
196624
188031
171509
99
138081
99
99
98
99
99
99
136791
99
50859
69521
99
34826
62923
212640
193472
99
99
99
31716
10513
194712
172172
99
381817
99
99
99
55132
99
77034
105527
273146
99
99
454360
99
99
99
52823
99
16551
99
218415
134416
146108
5703
311525
99
40513
99
173274
55416
99
172696
61896
132456
99
99
99
99
7481
421967
142109
99
99
74344
99
99
63130
99
234445
99
148148
99
1058
99
99
440864
99
439811
99
99
99
99
38024
99
87899
13962
99
92324
165680
99
301253
73712
99
99
102044
6796
99
385589
99
140553
99
106136
206077
99
68300
99
68010
375481
99
195931
413718
99
99
298790
99
231703
99
88297
99
99
99
145424
99
272148
101785
43126
196580
99
118084
96
193755
4360
303052
99
99
99
117983
98
187238
34292
128101
99
99
457067
277911
455584
275118
441366
110599
105565
99
415888
300742
99
99
492464
99
70596
99
110956
99
4114
99
99
99
9112
26131
236279
99
13552
16302
99
99
257714
99
99
240832
82526
249138
76109
99
5954
127376
99
443831
98
98
266792
240964
22975
180637
99
841
99
99
99
99
99
52472
285374
93701
140640
99
99
99
99
99
99
99
47592
99
99
69941
99
99
171391
99
99
244707
99
126882
99
179182
99
51490
99
99
8605
1288
337302
14083
99
99
190538
218482
408411
99
99
99
99
99
99
99
99
269009
99
99
99
99
99
99
88509
42163
99
98
99
313366
99
99
49247
528204
1118
99
99
91574
99
123773
99
99
396678
107322
99
86
98
99
99
310696
24520
99
11180
99
99
99
99
136763
99
478932
105332
469879
99
320094
99
99
68884
1995
499678
99
209904
301477
99
5797
99
209017
99
99
99
99
99
71531
99
99
99
179911
98
99
99
98
99
99
99
59929
79268
99
42120
60942
99
19777
95378
93120
187034
99
92212
99
6666
99
99
99
18666
9045
98
426445
190369
99
99
99
99
97521
86666
99
99
99
99
488697
99
74905
203355
86937
99
99
474421
99
99
99
99
103277
276301
140493
324169
99
191383
158114
99
99
99
33110
59153
99
97563
450105
99
177701
423061
26212
89476
38211
67993
137548
262009
189960
12629
5927
120494
47992
99
99
133296
309206
99
99
99
411042
99
461544
46463
99
99
99
99
14120
355554
242507
99
122762
99
371856
419123
275694
556204
99
99
54200
99
99
99
356658
99
22537
99
99
99
99
99
99
515301
35894
99
239103
109715
99
51503
18492
104424
309829
99
21266
10946
99
99
297542
41453
247754
99
18399
99
6326
170604
99
99
5722
99
99
56893
89499
99
21523
4071
99
99
74405
99
127328
99
99
5360
33975
133709
12404
99
99
99
419296
99
122253
99
99
9397
99
353024
99
171469
99
110825
99
99
315280
37068
99
63186
99
346362
111418
269974
99
99
442218
11767
21496
97331
99
483822
99
211917
248373
12844
18125
371052
99
240597
99
99
268556
1242
99
71110
99
77995
99
94293
99
99
120146
99
179515
289559
99
313098
3657
200037
99
22020
99
33142
237734
99
130455
99
99
99
127903
378990
99
99
10212
99
99
99
99
99
99
517346
262888
254262
99
29299
61505
99
99
99
99
99
166024
99
99
56054
99
61
99
99
99
102227
222839
99
99
57753
337456
99
305233
5230
182606
62379
99
216814
99
99
99
352269
1853
99
293281
725
99
98
99
99
38316
68115
99
7669
48658
469753
71511
191673
99
99
99
99
99
372808
23889
99
99
190562
99
99
2967
113400
62803
99
118316
86537
84568
221121
99
99
99
99
99
99
92274
99
123181
98
99
331322
99
99
99
99
100041
52028
125264
99
99
26031
6459
99
285559
136304
265972
99
99
373304
44129
99
520480
398409
99
99
99
404165
99
99
259898
99
300761
285424
6566
99
99
99
182870
264468
539941
149298
56473
114188
99
202814
6129
99
123909
406559
99
279271
105460
233442
89
99
203577
123054
99
1391
23390
163843
99
98
99
99
99
99
99
93
95
204794
99
99
86659
99
138773
99
99
99
951
99
99
199766
99
99
99
99
99
99
4105
159777
29534
99
99
280822
298651
140594
62401
466217
99
99
3417
99
99
94289
61118
99
173787
99
99
99
99
342264
54043
99
99
149881
677
99
398250
53197
99
32713
361256
249329
143779
246045
10245
173260
13328
99
255552
25470
154081
145059
90306
94352
370616
99
99
12648
99
99
209795
235933
53826
99
172173
99
99
99
99
99
99
45714
335326
203845
209533
139409
162149
119
90883
99
99
99
1985
99
152627
99
89013
240920
26430
99
22722
117724
99
149351
165379
81753
99
114609
99
234434
13353
142015
164338
99
99
540125
402206
99
195861
99
99
87
99
99
99
3094
20498
243720
99
99
244981
99
554033
99
99
99
31827
54893
99
86698
99
99
178243
153692
99
99
91336
424530
34423
99
403040
99
98
187643
99
58179
99
300053
62096
99
89587
99
99
91512
37412
155771
99
99
180512
99
27183
99
99
453352
177850
352175
99
77702
99
99
99
99
2448
99
99
99
437323
102867
216658
99
99
99
116209
26891
10647
99
99
122999
294698
99
261802
36553
99
248634
99
33698
99
466064
99
37809
84526
77583
273771
99
99
99
99
60482
99
99
99
93280
99
99
99
99
99
99
99
51521
225209
98
99
38416
99
96
241931
118310
99
99
28969
375257
17715
99
11832
2253
99
99
99
99
99
99
182931
9026
166330
38551
264230
99
168237
99
99
95
99
65337
300011
288051
99
193840
120459
98
99
30989
83
2256
8452
99
275844
99
176697
99
99
99
67075
339123
153219
243882
22016
56313
99
99
270446
102653
99
99
191423
99
111757
35383
99
23421
99
99
63758
61773
99
99
99
99
23463
99
99
7918
99
99
47015
353662
99
99
99
220209
99
99
99
67982
99
410048
99
99
932
109871
40832
99
309034
47797
279065
99
99
291436
20338
99
98
154833
99
99
167411
99
99
99
99
386247
98
134300
160942
99
252052
99
336860
205271
99
13166
72007
6098
491270
99
99
467375
200815
99
371359
60242
396828
154384
99
64351
99
99
7371
51476
33143
37115
99
99
407
43482
251938
32161
27324
14874
99
44352
99
99
99
197693
5422
99
349448
99
71609
369780
99
99
99
99
250476
102506
38822
99
98
87282
99
91056
117406
99
99
99
17514
329564
140895
94503
142375
9466
99
111460
99
99
25731
291929
98
478872
133197
99
99
99
20365
99
6685
304799
98
360253
99
90460
11997
99
37674
99
110983
242106
124579
41473
99
226455
139606
47085
2128
21953
219725
310072
99
99
409453
9917
73518
99
220020
99
24526
62804
135769
99
6948
332676
80646
99
3180
99
99
99
99
99
99
99
206877
501625
99
99
125534
99
101250
99
99
99
225149
99
99
65298
59828
99
99
65107
8748
499997
384702
506461
14992
99
99
34907
99
99
359968
166222
99
87798
348161
69246
7835
29530
99
99
99
99
89784
93
59
99
99
27888
59608
99
541024
99
99
99
99
99
15772
50821
290867
99
20988
59500
283856
99
99
123853
99
20123
42656
99
89674
40401
99
236044
99
24991
2538
150812
42363
99
485481
96
99
99
99
99
375985
99
7015
253329
99
99
290191
28305
420119
99
99
99
263412
108051
99
99
99
99
99
177910
49821
1081
99
99
99
49167
99
245791
168102
102897
99
103361
99
99
7874
18278
99
19794
99
99
99
99
99
99
202124
95111
189230
143897
159420
99
36533
549282
55059
99
545139
80322
40480
99
99
1299
114706
64320
99
287
99
99
99
99
458222
280856
42
99
447980
38865
99
155116
496236
99
242889
259934
99
99
250243
99
99
107306
7575
270196
99
98
99
22081
287694
99
99
99
99
99
190147
33591
99
99
99
29273
15368
239310
1353
86274
59236
274652
303240
296526
230634
78045
99
99
374511
94873
99
219453
99
99
110124
99
298954
99
99
439265
507750
298053
22298
99
99
89809
99
34581
110963
99
371657
99
179344
553107
455690
417634
99
62900
99
262255
99
494055
58741
87838
191860
213952
239330
102031
99
53615
17951
99
99
99
45478
114575
99
99
96633
33748
498195
99
95118
99
99
99
113906
99
99
112167
99
71500
9388
99
99
97383
224983
99
99
99
99
99
626
99
99
99
99
16020
191306
99
92032
17908
291986
99
196399
99
99
99
174815
99
99
16819
148805
99
224861
206135
99
99
99
513597
138236
166331
8204
99
99
99
94075
150318
39511
240404
76712
74314
99
99
99
99
18618
99943
99
90651
86552
86127
99
225286
99
99
99
99
316006
148462
99
99
24348
47265
307243
99
66134
261401
612707
46630
99
99
99
99
24046
98
99
99
99
99
57342
161021
99
99
99
339658
11276
394831
99
99
99
342992
99
99
67604
99
2366
99
34258
151228
99
281277
99
290151
349499
99
70
99
16439
18930
416432
8887
384231
99
99
99
251468
33303
51044
297214
431227
209165
99
57508
99
99
99
99
324
6353
99
126862
204931
99
99
98
9712
99
120584
99
99
80656
246454
81983
144539
7155
99
99
6387
76336
35630
85504
99
99
99
15469
99
47946
98
459160
140725
133713
99
99
99
41006
99
523285
99
214395
99
241589
99
86514
99
99
177622
92758
22059
99
284087
495210
99
454106
99
23514
10332
92777
99
38300
99
144311
99
99
47457
366781
208073
162436
99
9278
492884
99
158163
361400
89234
114525
15163
31070
24625
424449
99
166091
99
99
26719
345860
49819
253432
99
355632
64812
99
99
352397
99
199743
106331
166367
302303
99
99
99
104837
99
66852
99
14661
132907
99
151536
99
68272
99
97
99
99
99
130636
99
99
16346
99
99
134090
99
99
114790
99
99
16472
99
99
99
99
615074
99
18069
264171
63185
99
213588
99
99
161390
99
99
99
99
26654
99
99
316049
126163
10777
99
97
96
99
402870
142564
99
99
99
99
144063
2902
99
185718
99
120622
10493
99
44556
99
99
299614
95
99
99
31830
99
99
99
46484
231052
427131
99
20098
99
99
99
59831
415931
325867
97
99
99
74727
6313
99
34756
99
99
99
99
99
426885
99
35997
82
23360
309510
127930
28529
99
99
99
27639
391444
96078
110662
38562
99
99763
99
99
99
297728
99
99
188273
99
94790
88904
99
99
99
99
99
72733
316236
218338
602060
99
99
5328
98
99
39291
99
36548
99
99
471
16554
99
19990
99
99
508887
99
99
111245
90935
312368
196845
120348
99
454580
286008
99
45850
364783
99
427245
99
264931
30786
75642
99
99
99
99
99
99
479324
99
99
40748
153487
380579
99
99
149443
98
55389
236098
141274
99
105964
8645
64980
62906
86
281986
70145
99
99
99
99
99
120431
453885
99
216945
99
99
2223
98
301608
355544
60986
99
208178
99
167119
99
51111
99
140335
99
99
420587
3228
99
113171
99
99
68314
106308
99
99
434260
99
121778
33507
99
99
137655
91232
118746
54191
99
99
95
9679
117050
40943
99
139635
99
99
179345
99
99
21614
39202
126986
2608
193887
99
63758
99
26875
221821
16009
44502
128534
99
99
99
99
133985
128860
99
99
227550
133059
97481
50020
99
99
376380
6228
99
106540
99
143376
99
162637
18976
99
99
94801
99
99
316907
168150
62604
99
99
99
369032
42330
136556
99
99
377071
184128
99
268615
361576
230937
80025
99
99
41935
99
99
46778
99
209288
80634
144814
99
99
99
68312
99
92482
448633
99
99
99
99
99
99
99
99
99
99
31749
99
59322
99
99
99
99
99
98
99
17000
100873
355909
165767
26575
153830
576838
339312
99
79379
99
19732
99
239059
5669
99
7171
79793
99
99
99
25638
99
17061
299330
161951
99
341575
99
1637
99
186748
15737
99
559028
99
145956
51198
99
111822
99
99
79373
99
99
153410
99
99
94812
98
105564
85657
473989
99
73219
54094
99
173444
577663
306210
99
99
99
96
49050
55990
358852
99
99
99
86960
99
99
354422
149631
99
99
99
99
181449
49801
401914
99
99
99
99
99
544092
50222
167748
99
63684
1290
99
99
99
41659
99
99
99
257449
280235
99
183974
99
99
2476
99
22937
305295
99
217577
104427
99
25699
99
294057
54628
25567
145282
99
99
6077
56792
76413
98376
20917
99
42042
132635
99
99
99
99
99
86948
205340
97
99
99
175065
99
1032
30528
268376
204734
11924
99
242476
378667
173072
152819
453832
99
99
99
41507
99
99
99
152112
521413
99
99
203901
33617
99
99
166094
99
58911
61800
96
99
149517
115001
106091
99
99
99171
99
365283
64396
172246
99
496798
211414
99
99
99
99
99
99
26698
46693
99
99
70974
99
480875
99
242431
177736
99
99
99
74236
111534
155551
248244
99
87468
125617
99
295229
5495
112767
338873
99
99104
99
173483
71663
240236
129580
99
75099
26582
99
194
99
99
99
5022
99
203116
99
99
83965
99
99
99
63875
409073
99
53495
172633
231940
394299
190450
99
99
37602
99
99
99
115271
138537
99
97
99
99
99
234963
99
43149
99
23870
139522
46935
72615
99
99
433746
3646
30433
99
141585
174186
98
47374
132187
6462
99
99
99
99
99
76878
99
177210
99
381958
275883
367
99
11389
301497
21823
101662
220745
99
99
12550
99
99
99
99
235668
99
57229
99
94
65876
99
99
99
193992
99
57500
99
99
99
354
336793
44980
99
99
20324
99
99
99
4793
105534
12097
99
99
99
65727
283436
68727
120519
141807
99
99
72881
99
99
157050
151117
99
99
99
423640
161778
226028
99
67705
99
99
99
99
99
99
237053
579050
99
99
99
194549
342859
11113
90050
99
99
99
473110
327357
72903
233607
137813
9809
15495
99
99
164022
99
99
99
27646
47152
257090
99
352822
99
475143
24049
24023
229010
81417
99
44747
97
29289
99
314399
99
99
99
99
99
120533
105785
99
84184
242834
99
99
99
99
99
346115
302114
99
442872
99
99
167152
99
99
13266
175381
211641
99
99
99
469482
9597
254279
99
167601
99
46020
107892
169375
99
449381
449366
99
99
99
99
237288
99
99
10495
99
306134
186221
250632
207885
99
99
99
99
98
24415
99
99
99
182981
7102
99
99
99
99
47309
99
411639
99
237906
63670
99
23714
402970
15205
69058
99
99
99
99
346660
122288
437159
99
201933
272650
21973
321200
99
99
60526
99
83299
99
255568
188764
419150
348486
99
99
401360
42610
99
42458
99
288349
497306
99
250917
3138
99
415194
168807
599866
184905
99
99
97
99
54290
99
159557
99
99
99
477743
99
6840
99
99
305058
99
99
99
91
12091
5594
100888
186902
99
530936
99
10138
308767
99
99
7224
47231
136365
99
99
99
99
99
99
99
99
99
99
99
99
31651
99
38074
23250
99
99
99
99
99
102962
99
99
221117
99
99
477512
99
96763
194074
155263
143025
99
68571
99
29293
333523
99
46639
99
119545
152965
542842
41250
264407
99
37449
191824
99
70459
99
99
54224
350355
4672
99
186578
99
489129
99
99
148998
99
98
8178
99
145833
278686
16804
99
99
76159
123666
99
44073
99
96372
99
370854
83034
99
99
95435
290414
99
254059
99
99
99
99
99
301435
99
4802
99
99
99
99
308656
99
99
23743
99
99
99
71128
247
111120
99
1164
99
743
199046
241488
554839
1593
377620
148596
191023
99
99
97260
99
99
62220
99
99
30692
99
99
99
314775
99
9177
139557
396217
457024
99
99
102386
32299
99
99
242695
332805
99
376437
34804
90694
99
99
99
273516
422975
72753
99
35037
99
99
99
99
12019
109299
99
99
99
99
255670
99
74895
8800
99
99
99
99
99
99
99
99
13933
332670
225218
95
99
318639
99
23906
7307
12261
111087
54655
99
99
99
99
32481
57873
99
21429
99
99
369923
99
99
61
91549
99
255962
99
5998
182336
60267
99
99
39436
3861
475949
99
348399
131028
58543
113209
99
99
99
144432
54700
121182
303558
279631
13469
82821
166912
346098
99
99
99
99
126366
99
185813
37845
99
99
99
99
99
99
99
99
99
99
264050
4431
99
99
193205
99
42827
33636
99
93157
5817
157191
99
214446
259881
99
33882
106102
99
99
99
99
99
99
195526
99
99
257860
184383
99
92609
131626
99
12057
99
12285
99
231805
99
99
100579
99
95
236471
99
65701
161321
99
361592
8901
99
29543
64095
99
93162
35168
138498
54281
99
5236
259259
456452
99
99
508012
75975
246610
99
99
99
99
99
99
99
45381
4590
99
105773
98
47270
99
99
99
43786
99
222844
99
99
28159
99
195137
442691
99
21347
297857
48648
99
164211
99
99
99
99
99
99
99
99
99
28790
57636
99
99
161370
99
354293
89
135691
99
35585
243349
99
99
99
208207
18054
99
99
387612
99
99
30579
61222
99
13078
368371
77857
61662
16730
99
99
75969
131038
99
99
153562
99
99
99
226396
99
99
99
99
99
99
28478
18475
45295
99
99
99
99
99
99
99
99
88594
99
83032
72781
99
99
115257
99
99
99
59759
132105
99
99
95
99
9467
129614
606994
382326
52705
81277
99
33175
317570
99
99
8714
94
99
129018
99
99
157987
112153
99
99
186950
327559
99
167499
99
450622
99
107046
99
31880
167815
95
99
34041
99
99
99
99
99
99
23447
130469
99
140934
231171
99
281051
197351
99
64621
99
464513
99
99
2268
99
452977
9932
99
99
99
403022
99
99
99
99
128964
112632
99
90
99
99
99
99
371320
474336
186334
214944
318672
99
99
105492
99
1929
50548
280428
76076
51621
99
99
99
24226
99
124990
99
292305
282615
40901
99
99
7438
228229
99
99
372630
99
408385
99
99
99
311934
99
117209
99
5453
99
182716
371959
347086
222640
98
99
99
99
14345
99
99
99
232698
49764
99
50953
151736
99
35358
99
520587
337782
95
238773
99
99
99
167935
99
410154
99
99
96
99
11500
111325
26878
143676
99
99
99
314400
99
99
285425
80310
47930
418554
99
67945
99
331186
99
144572
96305
172164
1206
190223
117996
99
99
53011
202414
1412
174593
99
27624
99
147
99
99
75998
99
1587
578820
103220
1750
99
382116
60131
106874
99
99
99
99
99
99
94765
235354
99
99
99
43752
99
99
256120
129846
65447
99
105505
131022
108404
99
9438
145249
99
99
99
323707
35871
99
99
97393
99
378052
99
160930
55594
24570
139297
99
22848
177955
150515
124545
99
99
99
209140
99
99
99
2250
492662
209221
99
192155
99
47605
293614
12132
99
113630
99
99
363853
99
99
99
110187
99
130364
99
302281
99
99
365846
99
99
99
99
99
99
217823
99
99
99
99
10733
113733
99
99
99
62176
279350
59997
68104
242648
2034
115667
129253
99
99
99
199253
98
99
99
99
99
109489
99
99
99
99
264927
99
98
22019
102684
99
16943
52603
99
99
99
99
99
6897
99
502245
248435
192335
264035
85550
445518
84289
326702
402849
251427
99
99
99
71608
128314
99
16062
99
192576
129517
99
243263
99
114071
129904
99
99
47420
269711
99
206416
99
300848
224344
489026
25380
99
99
4709
99
99
84520
173655
72598
194263
4613
15504
99
382977
285457
254965
99
80803
97224
2544
99
181072
99
368
465957
71730
99
3117
99
99
99
99
99
99
464196
5346
99
99
99
399329
556352
99
99
99
99
38717
6221
4558
8062
99
278646
14130
99
99
99
191779
99
245921
175948
17812
99
50158
18804
294467
450507
58189
51351
99
287769
99
99
99
7465
13548
373093
99
45248
97
99
99
99
148390
99
97
99
99
407695
99
82633
226848
60260
99
99
251696
46146
99
99
99
99
18947
99
262644
98668
55424
99
99
21773
99
334546
99
24441
70185
297174
246724
70173
67315
44037
99
89236
54085
99
125909
99
99
22487
85484
75599
99
99
2425
99
284164
269674
99
62697
71972
99
247981
161810
42640
52450
161419
174934
81503
99
82212
99
112723
96177
99
214344
99
40921
47066
97063
153006
155465
99
99
214331
99
387596
275241
460084
99
99
99
99
39150
99
120032
299162
99
99
52373
308955
438157
99
99
99
99
99
95
99
152224
144923
99
99
99
75986
78657
37228
18190
71694
99
99
6176
4371
140769
99
99
99
125927
284536
99
99
99
39
99
99
99
255873
411311
99
99
126645
99
99
99
99
162464
99
99
251650
74336
99
99
99
11174
144070
99
99
99
304700
99
99
99
99
51263
130002
99
28883
99
136211
99
207319
140618
99
300228
99
194863
1756
118322
99
16330
99
99
99
99
213866
285473
34821
99
230694
136198
4728
99
167780
99
99
99
99
99
32348
99
191584
99
411436
99
26763
99
250720
99
99
99
99
98
99
167
99
265691
18856
4696
29350
99
99
95
99
603
80655
300320
99
99
222763
92172
99
21377
99
43128
99
99
99
71644
395376
116333
99
99
99
260113
385878
99
26254
99
99
99
99
44867
11572
99
99
99
234379
90338
99
99
99
480478
264904
30400
99
26374
62328
99
99
99
203849
99
99
99
116470
249206
99
99
99
99
99
147203
98
2127
99
222906
99
99
95
99
99
8925
99
99
99
99
99
99
286181
516720
234668
99
181860
99
14663
99
144043
197672
99
99
99
99
99
99
61246
42876
99
99
99
162292
8910
99
120981
250095
99
99
453125
8168
99
241061
54905
99
99
19095
99
99
141963
25441
99
27508
60583
99
110937
99
77258
99
139856
99
99
15851
99
99
72000
99
117436
499151
438627
99
99
99
230877
99
99
99
99
365276
99
395771
52360
99
99
175942
149749
99
426211
190
98218
234792
99
99
99
77727
99
18287
152559
99
3467
5054
99
236113
104333
99
99
101483
195904
99
99
80709
99
20693
108672
280694
99
231407
99
99
99
323834
137194
99
99
108690
191515
23630
274998
99
99
11753
69753
414541
164522
99
99
99
17418
351287
362179
99
59263
99
535
15792
14414
51972
27942
86556
143894
83332
312482
302688
41044
56977
99
350754
17503
99
99
99
99
453302
372301
99
94
330400
99
99
80860
99
99
92190
99
135121
274393
99
99
99
99
99
114833
99
99
99
400294
99
99
99
99
99
358512
215185
99
99
99
16794
99
99
130248
3608
99
99
95
548002
153641
99
99
99
99
99
99
99
99
95940
202232
187273
41793
181737
97833
99
62607
99
99
99
23973
231883
98
93971
99
99
99
99
4331
15250
350271
99
285019
17800
28342
99
117185
99
99
24736
99
99
243581
99
71593
99
99
99
99
224931
99
25969
195122
107814
99
578562
99
99
99
99
264482
99
39866
99
99
99
38606
99
99
99
19506
99
99
106421
432489
3969
70105
234908
246769
99761
58871
472536
456881
82651
280347
99
99
99
99
99
99
99
42428
1229
195556
329130
99
99
99
99
175896
99
103545
16874
99
99
99
99
99
8562
135451
99
102638
136456
94035
99
329886
99
99
99
99
151292
99
109704
99
99
99
46304
2681
99
55639
435175
99
219617
99
167909
342263
99
328696
198927
23739
23912
61276
99
99
99
99
99
46248
99
47876
276842
99
99
187994
99
97
99
99
99
99
99
146674
99
99
274069
150728
99
183535
99
182554
99
99
96
446082
277772
98
391131
55248
151176
99
284842
97
99
20374
10006
211759
99
437369
99
10520
490289
99
38472
141707
99
99
135633
99
52368
99
471803
497430
2020
63210
99
15659
56543
99
471017
116895
1046
67820
99
339626
99
181362
74103
99
261250
99
9901
70585
99
83
119085
33925
99
42215
133365
99
99
99
57983
183228
99
477458
347545
169243
158996
12607
267527
2681
99
99
214881
99
104445
216445
91765
99
99
183925
274776
4677
143874
213298
99
92274
99
99
99
99
299345
99
99
184127
394809
99
103030
35617
99
168491
159546
99
99
38278
99
99
96
99
99
99
99
419198
99
99
99
99
99
328752
99
162993
223225
99
332681
99
209600
203
99
99
99
99
103888
9519
99
99
61007
27760
99
9266
101098
279566
118053
338868
253701
105700
99
586702
99
83969
99
69080
143754
99
99
99
99
99
99
99
99
5238
99
522665
99
99
99
3465
265011
99
99
99
61757
99
99
99
99
69330
99
19713
99
66942
163999
99
27352
99
99
99
99
99
304318
99
99
112300
99
99
203438
133938
99
99
99
193333
99
101837
99
99
260661
274313
99
99
99
30114
51481
353398
99
7397
29880
183047
42401
131252
99
250046
99
99
99
361856
99
99
405775
100549
99
99
99
52114
349807
99
187009
179687
524208
169187
138138
99
212251
99
174334
99
20178
15837
99
99
79650
99
99
99
9724
99
24953
40137
276964
127244
99
53295
8419
107967
99
377621
8561
99
148913
117375
117778
99
99
72
99
99
219322
78154
205164
160000
9297
85605
152271
156905
99
413562
99
99
99
224179
99
108457
99
55459
384480
99
171901
99
52410
132656
261449
19350
99
47944
22541
97350
147893
51026
9538
99
126298
153498
292573
99
99
94487
63053
99
99
3952
43756
57918
99
99
99
20780
301744
31205
210718
1178
99
46618
99
78175
99
98
232536
93101
99
208636
250098
26693
80814
99
99
241867
99
44205
99
122376
99
99
99
239750
99
99
99
99
99
156667
448710
28054
99
14691
99
91820
326954
108063
99
196665
191780
161365
95
83421
99
57181
99
99
124626
99
155170
99
411017
99
99
435159
99
99
99
98
393011
14894
42661
99
280771
404997
391221
99
99
99
99
99
111684
99
13620
271092
99
99
38929
404404
99
99
99
99
207192
99
1278
21384
99
87211
99
118654
99
99
62885
164369
99
95
99
99
99
206822
76882
285945
99
99
52091
294773
99
410684
267751
441921
99
11344
261292
7390
99
93895
99
16609
99
141139
99
220922
43328
99
98875
99
30027
154037
121693
99
256492
73614
99
206389
22384
99
99
399567
99
221610
99
99
99
202239
143781
99
99
4293
99
99
99
99
99
99
35819
99
99
121322
99
99
97
247152
99
99
102064
99
201125
99
90
104339
99
99
99
47797
178582
99
141212
83537
77
99
99
221934
305505
171823
76
5602
100210
99
27178
99
3865
181241
224038
99
46772
99
75448
99
99
99
96
294386
85102
99
99
438845
6424
43561
99
5427
99
99
99
99
288804
99
56463
99
138354
99
88556
126855
7177
99
16154
46593
324528
99
99
46970
99
284047
151512
99
152854
99
5525
227815
100342
99
99
99
69315
9870
6049
2774
99
15517
588410
99
64756
22372
99
106477
73145
35427
241446
99
99
6147
99
99
58
69005
90
99
99
99
122394
99
99
173850
99
99
190942
99
92652
453
81558
99
334167
201022
195663
37115
352706
99
53285
99
99
99
26511
36050
99
19141
99
51961
13505
81839
81112
5627
98
89
99
289250
99
79093
163978
215295
13674
4110
273922
99
99
99
97
1174
99
122073
99
99
51039
247138
99
509006
8506
336983
99
99
99
99
99
97
460323
99
99
83717
99
76414
77778
99
85172
450166
99
290395
99
131502
99
435637
99
128651
224490
158087
371645
94
16575
51849
522386
99
4183
85
99
99
70269
328806
99
99
244890
68333
337488
99
99
186173
99
99
402378
886
99
99
198293
209966
99
99
99
99
51603
99
99
29700
317546
300455
99
99
99
150882
117745
99
115011
99
99
12344
99
43270
289243
99
99
187534
143290
453446
99
99
99
87084
99
99
480055
99
98
99
339362
611094
99
99
99
99
202068
207903
99
1465
99
97
153173
97
99
99
43552
99
246036
34955
99
48448
408214
542420
99
179512
161013
98
123898
77244
91697
99
99
387197
42754
99
118984
362098
258461
99
22599
99
279602
99
30110
101342
99
99
792
99
161682
9695
99
99
261126
31277
99
483367
99
38913
99
193968
206708
99
93145
8536
539460
99
99
174263
79394
249367
99
99
471318
99
99
222257
99
64694
99
99
533305
99
99
60066
245563
99
99
140342
99
18832
99
542947
76868
58886
99
99
99
88583
99
454060
99
260977
204946
42915
99
99
99
15005
129579
99
99
188306
572426
339468
86516
99
99
13623
99
32390
95
99
99
367751
99
469515
353895
50002
166704
44433
99
104119
465768
177490
469870
78158
417200
12648
7065
48884
438785
98600
79099
99
147603
212416
83500
99
100256
99
130212
99
534925
7597
99
99
95543
217069
99
5432
166404
223486
99
99
99
12478
90042
99
99
11671
182920
99
172799
277255
95
99
99
174840
99
99
180563
68095
99
99
36172
339606
368162
242411
99
45977
99
6623
330821
81530
82102
7970
99
99
13197
99
4330
96
99
99
99
104294
71286
99
347309
99
297446
239468
99
99
205919
325701
18883
99
35338
99
99
99
164232
405114
11085
99
151700
153326
1609
99
99
99
132722
99
99
448849
99
99
200852
44704
97
99
200572
99
99
99
129828
435186
249346
253361
3773
143179
99
99
60647
309066
580839
123282
99
99
166658
93779
18684
115365
60926
394222
99
99
99
215
4390
341477
161610
99
99
11050
99
594082
99
474212
124626
99
99
228804
70930
99
34466
99
146991
99
58812
99
202876
99
209301
140773
336037
51094
99
99
55982
49670
302933
99
41631
8259
99
99
99
99
420225
403935
99
99
96
174609
99
99
125123
105471
350698
99
1726
99
170485
26019
180120
31532
73579
99
147495
99
46841
148172
99
99
99
99
359288
99
99
189118
127497
34534
99
99
99
99
124912
319658
99
99
87974
99
39358
2419
99
99
8582
99
12218
99
33205
99
99
99
99
99
11547
259129
99
418333
99
2859
198083
235686
9261
47201
99
99
98610
99
99
99
41654
99
99
58901
99
25683
200807
27864
205384
114081
99
2799
173496
50670
99
99
409399
60563
20255
313615
99
34071
104242
227192
499618
320623
99
65859
99
33093
99
99
284800
99
99
218986
321711
156061
141530
99
99
490307
108340
96
99
99
99
99
99
99
99
178634
99
384934
38360
63886
99
99
292217
25912
38943
99
99
