123868
99
55182
6797
99
191108
99
187494
99
286851
116480
99
99
99
99
99
99
99
99
99
34836
27625
99
6690
122068
33174
99
133041
99
99
95
99
194329
137748
99
99
276777
234113
18506
438759
99
559932
43970
888
99
99
127390
107383
168404
99
99
333249
99
99
99
99
99
178567
298536
99
215693
98
353217
99
99
99
127389
142802
99
151019
12871
429810
99
215342
99
99
99
99
39527
97
205356
99
99
162158
99
99
99
42977
99
99
99
3588
17787
268279
99
287921
99
482905
99
99
99
99
99
11541
99
99
99
99
91405
99
99
99
99
28339
99
117855
99
99
99
99
99
99
588285
99
99
99
99
99
123270
99
99
99
99
353756
324
109239
62850
99
5098
198023
178497
112549
99
1859
99
99
46441
83237
441439
99
310034
88432
102840
99
99
99
86018
99
413608
234421
57740
23987
99
99
251637
202896
14453
111882
99
99
353751
86986
480703
99
99
99
189436
45107
108301
99
287135
320498
64110
99
111934
99
6978
260194
97
99
321225
99
564813
99
99
148490
275885
304103
99
99
99
99
4067
99
336251
99
99
354592
112657
97
163778
110598
465512
99
99
279032
107643
99
5778
99
168374
99
99
263803
1250
86989
33478
99
99
99
232577
99
251
97
130131
234828
99
99
99
359878
420891
99
329564
3625
63762
134806
156953
99
141422
99
99
27073
99
9907
99
99
98
99
99
380669
30408
264581
283062
43690
109783
99
10837
99
46427
271524
82540
99
65367
99
99
99
99
99
69387
560515
99
99
99
66304
290412
10404
295292
99
99
99
592939
37942
99
166030
108693
134047
99
99
99
99
99
99
92537
99
99
256905
32534
99
88090
99
261085
99
46947
258522
111307
288676
99
14127
234970
343988
99
524735
393189
137649
99
99
99
99
99
43047
99
401374
142035
99
99
99
52760
303523
99
99
436669
99
99
163466
79
99
89281
42282
99
482205
99
216707
165615
99
53826
97131
196313
10482
99
99
120677
99
99
451101
60286
99
67677
311938
38115
110355
207836
35411
99
19625
288171
51635
99
449175
599455
99
99
99
137409
30596
99
8969
62519
99
589672
99
332900
99
19015
99
99
9461
99
99
99
99
99
48122
99
419485
80945
156579
99
308460
100436
298950
99
99
99
99
99
99
99
16209
91
35654
22153
257162
99
20541
78845
98
116928
306878
101932
19133
99
99
324841
293719
99
99
65826
99
99
93627
14128
99
99
99
99
99
77980
99
99
160684
410979
99
99
238326
211568
304225
99
99
99
15512
396677
99
52907
99
99
373837
99
99
39041
78691
49635
99
271535
134
37162
304061
118224
96794
99
99
99576
99
137426
47017
85792
99
99
165379
97
99
99
99
99
454612
99
54076
99
99
184766
163816
39059
73634
99
377270
139653
215898
3410
40078
99
18806
39456
99
99
98
99
99
99
248332
99
99
344083
99423
139468
316009
234255
33919
293023
112280
231381
233056
319698
37476
98
13159
99
287
122003
77331
17083
3510
157469
104236
99
41565
142970
250580
56033
86745
99
122298
10727
103757
99
99
99
465886
99
99
13774
576792
99
55723
495607
365406
51694
226463
99
424165
23955
489249
78396
146073
199354
99
72821
99
99
10809
311580
99
99
292782
413664
17216
99
288940
99
99
42685
1630
98
99
98
99
99
37715
99
106516
99
165471
99
334766
99
99
99
99
99
249941
99
99
99
211338
99
59172
99
89669
99
99
99
99
99
494
352755
139286
99
29
99
99
151769
2530
99
99
181739
152486
99
258820
99
99
99
99
99
96611
99
99
99
62643
99
99
67833
229882
99
295327
249145
99
32730
186456
99
99
99
339923
99
288351
99
475035
149330
99
59322
27652
456059
165487
3184
99
1049
5443
158555
169366
320889
99
64520
36320
99
71013
144027
99
99
98
99
99
73041
99
99
64934
1258
99
99
111946
99
248893
99
99
99
22340
302175
99
97
99
71464
158142
162769
42653
99
99
98
242563
227295
38659
99
99
99
99
275406
90133
99
99
351274
99
192924
99
262475
4183
99
13074
205055
99
46694
98
373348
97
99
99
6017
99
99
99
354461
98
99
11721
85
346
84935
99
141269
99
99
99
99
41257
99
12050
99
99
99
74978
99
99
99
99
99
40939
8008
6
99
95178
99
329909
98
99
99
225643
99
99
107172
99
234722
99
282690
99
99
99
7094
99
99
99
222005
99
231520
72979
24023
99
40233
96767
99
235887
212487
227197
220333
99
112202
99
99
48836
37104
99
507329
238360
99
87765
193657
99
99
262639
99
189023
232197
3835
99
99
92334
46782
119700
49337
172794
99
261915
1184
17660
381699
99
9643
95213
133421
99
99
36325
99
99
348152
40952
99
335556
99
78191
388186
99
266632
99
96
99
6451
99
70448
99
608893
107101
260832
99
99
108902
99
99
116408
25646
592839
99
18393
8647
99
576
99
99
96287
99
11799
22499
200167
99
179541
153667
99
107822
491732
107555
99
99
128773
99
99
99
149760
46793
232832
308612
99
99
99
60596
99
99
99
100127
127536
99
440866
97
99
99
99
99
30417
362688
11494
75893
99
151607
99
480697
99
298112
99
99
99
141492
99
99
99
99
35066
27050
99
99
99
98
365240
177103
99
99
150851
2266
99
386515
418026
99
99
99
330282
471793
99
99
306400
138899
56186
212400
32526
249543
73455
4759
209418
99
99
81721
48948
99
99
99
99
199144
54694
99
99
99
12830
99
751
99
99
99
8799
73629
99
99
99
255264
99
99
99
169612
99
99
99
337147
460261
468031
99
99
108051
66868
19692
99
172813
218806
99
1350
99
99
264154
99
99
486530
99
308661
62235
99
99
301170
11416
99
344703
33749
99
95875
99
81558
29448
188672
99
101993
31952
99
253238
181133
99
99
39898
185016
375727
92826
188813
99
99
97
192462
71496
106475
99
99
6295
26904
287167
141048
99
150815
99
145309
99
0
99
99
323365
99
99
35214
99
285404
99
31004
39139
72240
99
224573
363089
59306
67131
99
191549
88546
86188
24
184694
403229
99
99
99
1071
99
99
99
21062
174461
99
99
46912
378395
81863
99
178271
99
99
58015
25422
102152
99
166209
99
72110
212202
5483
161575
193742
99
99
243315
99
99
99
61576
178853
99
102879
10399
99
99
99
99
99
248178
105580
424204
99
99
351523
201447
99
106280
19900
99
53906
99
47338
99
31543
122093
99
349774
99
48810
51155
99
99
99
99
99
92655
99
99
308179
99
99
98
503145
84123
202668
50092
67024
43488
99
99
99
99
120513
99
10196
171001
99
118566
99
408275
6006
10543
237363
94
361039
99
283088
73159
228014
99
13188
99
99
18038
17620
99
99
99
98
76350
99
16924
54870
33137
99
363968
107318
1933
362311
94732
99
99
387088
99
514136
99
99
99
99
99
99
92
99
45125
236763
353940
99
383536
99
16251
99
99
564465
469301
380827
106806
97
109092
180107
99
23717
99
378420
99
283359
3011
99
407200
99
26890
375471
99
300394
99
515181
136636
439905
99
193202
60894
99
398573
258163
98
153176
388
112470
99
99
99
17582
54390
38552
99
373882
99
99
99
328963
34061
99
99
274477
51594
25055
99
297475
20610
306429
185937
89068
99
105608
99
99
99
226626
28299
65826
4205
1935
97842
99
98
98
231469
128247
99
99
99
26027
99
99
60901
99
99
7268
417750
99
8496
98702
99
99
212370
99
99
135359
107494
131989
99
99
116344
99
99
99
97
99
99
99
99
243773
99
41792
99
99
1813
7906
20980
99
99
166237
245012
99
99
394035
172640
153986
115920
39637
99
97
398806
98
99
23690
111157
99
99
16404
119241
162045
289469
99
99
99
99
99
49470
56425
591481
248856
99
99
99
153983
99
5926
151836
99
2591
286256
99
113045
99
99
99
215032
99
25
84703
115051
99
99
143560
99
5137
99
99
99
342599
99
99
99
99
248692
71098
226085
17880
99
99
97384
40638
99
96
378450
99
99
460543
20471
99
99
436964
251535
99
97
56179
133482
540
17473
150738
99
99
193227
34806
99
150082
99
99
99
41731
79458
99
1129
112152
99
99
128432
99
99
99
99
103006
453971
62450
30197
83335
99
342461
264377
164945
99
99
196639
2345
125217
283089
99
36512
99
99
99
99
123597
215858
99
99
353834
99
83979
99
99
173989
99
238756
99
99
333959
99
99
99
520312
120358
291045
99
99
99
99
290713
159852
118086
99
99
99
87342
99
99
99
100527
99
557796
99
99
99
99
254958
98
330075
99
139735
99
99
99
99
99
69764
31023
98
71506
409899
99
394682
99
556157
99
99
99
22235
505733
99
113502
349376
99
99
336637
161970
133976
99
99
192917
99
99
15457
7172
99
99
75041
218761
99
99
208293
99
112098
99
99
89919
119939
156986
170789
31865
42119
99
123981
99
99
5202
99
233127
441791
135369
131034
317490
99
340900
164749
61246
99
161422
99
52841
99
34507
99
151964
99
44152
76267
99
99
97
99
98
50775
99
98
99
54758
303554
51519
188311
99
99
99
72272
99
251572
130364
75775
99
99
165616
99
99
99
99
99
99
99
99
249003
99
234392
8224
441864
126186
99
99
27290
328126
99
99
99
99
212921
99
126821
390117
207688
99
99
99
99
99
99
99
99
99
59172
30658
280782
75180
265242
99
2316
147677
97607
99
99
99
513392
69339
373918
430295
99
17243
99
104310
6679
107575
99
99
99
99
99
99
99
27368
432736
11275
120961
125707
99
99
99
415652
99
99
99
99
99
99
153652
99
99
175314
99
99
4575
259222
99
9797
99
99
99
99
33756
303413
99
99
99
125861
99
99
24913
99
99
99
99
99
183826
76372
99
99
5201
403433
447731
99
372468
322293
136380
40406
218190
442373
285852
23851
99
99
38583
99
176688
267509
999
99
259068
201575
98
156326
51762
296843
291094
99
442744
36478
72994
36234
99
378778
32780
46586
247880
99
99
99
486666
99
99
17789
74081
99
99
129430
99
99
278103
207694
99
99
99
99
254582
99
14114
94492
467160
193434
99
239679
99
397283
99
99
110444
29894
98
99
184551
1233
401145
98
99
10519
31059
99
430904
252468
99
99
99
99
329419
99
99
276336
38020
96510
158837
99
25309
99
107536
98
99
100180
99
99
205734
99
711
439413
99
99
43174
186123
99
99
99
99
99
49076
99
99
182266
220177
99
216928
99
326508
93330
246478
99
108706
45629
99
99
99
99
49111
99
99
99
96
99
23450
99
50468
99
99
99
99
99
162941
142094
99
467626
99
171829
28517
99
99
99
99
99
99
49225
99
1967
99
99
99
13373
406808
5828
15564
127448
160964
152267
99
99
99
249759
34858
99
483001
99
99
301819
99
186243
99
97327
99
6600
86757
242553
63518
99
57304
99
44257
125021
309514
99
419051
123369
473376
99
47576
99
99
99
201380
283065
99
82564
99
99
99
109556
99
99
99
30336
99
54125
99
141670
99
131089
289771
99
403956
99
136554
22535
170404
105748
77908
99
152721
99
99
115550
26888
99
231884
30432
163222
216268
121275
155900
96
133574
99
23793
118270
99
99
482156
45678
99
275352
99
96
99
340014
99
74294
99
4181
99
80951
99
166714
99
143788
99
7205
99
99
99
99
99
51140
67113
16430
99
536212
212452
99
99
99
99
99
99
318760
4780
99
28067
284059
98
99
307442
403793
99
99
63725
99
99
229376
99
99
99
865
99
164953
41990
73521
96
99
426955
306404
181935
99
99
22269
99
99
386356
99
99
64168
99
359286
43879
261202
465245
99
1295
29954
99
99
99
99
37623
99
12776
320768
166828
298864
99
99
4796
99
99
99
203689
13053
112132
99
99
99
99
69289
242827
466
99
75515
99
99
99
186185
99
99
38921
99
99
99
237284
238075
99
99
407769
174533
99
47333
99
225232
12684
27027
99
99
99
59740
304864
99
99
99
396927
99
149891
21711
95
16644
157584
345821
99
99
99
241362
516441
109143
26755
227579
35485
99
10255
313664
498347
117713
128245
99
99
164807
99
423169
99
146825
7863
141739
443553
99
240157
196510
99
99
99
99
32592
287137
99
108988
11058
19643
362195
388523
234056
68338
79110
25951
21870
99
4906
554572
422824
99
520553
99
26878
76939
99
154437
99
50954
99
37572
99
32243
152076
99
99
99
99
99
27828
99
99
294984
135792
99
65
99
204670
99
99
37368
99
150553
99
99
522468
16157
99
99
99
164676
137025
99
98
99
191377
99
1275
60825
99
99
99
99
99
99
99
324385
264662
99
99
99
108996
1861
99
99
99
99
99
435003
262014
290244
5616
99
99
99
8729
99
277835
99
5129
99
116008
107372
192515
99
99
115227
31090
97
99
15553
97
99
14039
99
99
333384
99
99
99
99
99
76000
350601
341043
90822
99
39451
99
99
99
71848
224357
10748
99
99
428162
99
99
244980
99
59644
99
99
186490
99
99
99
99
99
255792
143142
13414
99
281137
391304
167199
99
67868
99
379861
99
99
99
99
99
99
99
99
99
437162
99
99
99
99
76
120463
402645
98
449007
424840
218628
43404
3031
94579
38560
385894
99
283597
99
97
388275
28757
99
99
223075
49939
99
99
5923
202450
99
4573
99
99
99
28937
99
99
99
315607
99
99
62020
140040
98
99
99
11558
99
133937
79233
99
99
370846
99
310331
99
99
99
180246
99
99
495742
99
98
45069
194532
146927
220912
265420
99
142831
438002
99
99
99
99
99
148026
27006
8465
505216
250435
497141
99
99
99
23833
276174
290563
3336
312981
99
99
231356
99
216896
96332
204713
70685
97
99
99
99
178031
99
316308
138826
374101
99
344884
141974
99
128479
98
248674
28721
99
406725
99
149551
130379
102079
99
159243
16546
239662
101094
99
374642
99
99
99
157579
99
99884
99
99
78520
99
243062
76
99
176280
293799
99
32955
99
162327
14290
143515
135651
79416
99
464776
99
1068
313099
99
113632
300487
99
99
99
37374
65522
71
99
99
99
302628
28426
244862
94399
99
99
119626
99
99
99
99
99
145354
99
99
99
99
55848
99
405668
99
2294
122643
298069
99
99392
99
5795
99
99
99
70744
99
99
44714
99
378489
99
99
286948
99
87413
224785
102589
81515
146387
236506
112557
74341
108600
121670
220429
98
99
48085
99
416
99
49007
75314
99
99
125390
99
99
99
306500
76138
253290
249302
99
99
79
134528
99
99
99
126302
99
354112
63163
99
21201
7209
5954
99
99
192011
59676
14065
99
256000
1347
99
99
10999
99
2061
99
58251
99
132306
144480
50756
254484
99
50096
99
99
99
99
12238
144302
99
99
99
99
99
99
230492
99
99
99
36043
96
99
99
99
312381
72961
99
99
56346
57053
99
96054
8479
99
99
16618
244656
99
99
99
99
39257
72132
22437
99453
391238
122203
142485
99
127143
99
289856
99
378571
99
99
393218
99
167800
101025
99
129024
99
259885
99
87880
313448
55676
99
3605
99
13008
134286
98
99
99
20500
79389
99
90461
482813
239324
99
99
89662
99
99
45218
2745
99
91639
99
209336
97
462
99368
32521
239048
4873
42371
99
99
96784
26624
99
99306
141765
235545
198136
99
120794
39469
312453
99
99
99
404374
99
36382
88048
99
87045
99
31137
99
107654
4170
36699
30425
99
99
809
99
99
233915
99
99
99
99
99
99
99
541305
283860
99
99
99
99
183762
99
99
20781
391574
99
23446
240521
26386
34768
99
41597
5975
99
10502
202485
185985
167306
167717
60035
99
50763
3671
99
99
99
99
5789
99
161252
89
99
99
494947
99
99
99
9403
99
99
198834
42663
99
99
4505
99
467108
115193
192001
99
333261
65623
99
405189
99
233836
464418
99
167501
99
31751
99
99
88988
97454
99
169130
99
16733
75836
99
99
16094
99
47879
99
99
99
99
99
39239
416299
99
99
220810
99
99
99
162099
108542
293339
98
99
99
77952
99
100508
10059
99
99
136227
367314
99
180758
99
313651
64511
96344
99
355520
173965
99
99
52728
93
258714
99
99
99
99
99
99
603152
269114
146245
99
39921
71122
99
99
375702
370048
137818
160268
99
99
99
99
99
62590
62573
12336
10174
25922
99
127727
99
161802
99
99
99
4206
99
77751
51396
99
99
406064
387388
99
70602
80370
99
99
149849
83003
99
1172
99
99
120891
99
12713
99
99
91
44784
99
99
99
217802
99
99
4253
99
81
17802
99
99
99
365470
99
99
77062
99
71569
99
113821
400108
16427
123220
91282
99
52144
99
99
99
99
99
16159
99
99
99
99
10953
192183
109596
104259
259897
99
99
99
379064
2709
98
99
99
70751
43538
289199
99
99
99
99
187125
32860
412343
21850
100679
99
9133
99
192732
522281
19705
179801
324796
99
189613
99
139361
132754
99
99
110029
99
350296
401216
218303
322729
297207
141680
99
99
99
99
99448
167502
143264
99
36255
151255
86399
99
99
99
99
113770
99
466631
7226
187838
229048
2109
99
63332
455209
41657
118065
99
111250
99
99
99
99
421758
99
99
99
16338
74985
99
27906
99
32882
98
99124
12881
475041
99
584233
32434
155140
48154
99
98
448188
353422
32326
154674
99
6777
99
99
144456
85427
249491
99
107639
530963
99
100321
99
137107
1896
152745
99
194567
91285
281717
99
99
119686
99
46205
224356
99
99
99
99
99
99
98616
99
99
178755
99
99
390156
99
99
99
412999
285172
98
169030
427618
491922
286843
26090
99
142079
29152
99
99
99
37958
99
314230
28827
99
99
194876
84264
33005
103284
99
179962
12012
8136
99
99
161780
2044
99
99
99
99
99
8271
99
446843
99
99
97
99
61501
114300
99
14114
99
284755
98
359753
298981
50032
170949
143823
99
102004
99
99
99
99
99
99
99
36586
99
57768
99
84790
99
99
99
15119
99
405516
99
99
261037
99
120131
99
99
99
371908
99
99
41610
99
99
99
99
99
99
99
99
99
99
99
290152
99
15301
98
59278
99
98
99
137278
216456
99
99
256890
12872
103657
99
99
98
99
390817
86867
75542
99
45597
201270
58046
286036
248190
40058
99
10718
199841
318118
99
101441
429494
495659
99
50419
99
99
41021
35238
27299
99
99
99
99
262342
72668
77496
329702
98
99
466893
99
99
99
183944
99
3046
99
99
59257
3902
120775
99
99
16717
99
14187
99
99
249
431410
99
99
169417
99
99
12280
99
286792
99
99
270957
141118
99
397867
252985
99
557
99
57306
99
99
99
99
148755
144295
99
93
63588
99
58011
249509
271641
99
76
99
99
99
99
99
99
99
99
61254
99
406959
99
99
99
201211
99
99
81006
82535
130314
99
302
198787
99
128738
85328
99
61012
99
230827
99
329542
89462
51
99
99
99
26363
99
74924
99
99
99
134751
99
99
96
9717
201147
29171
99
3355
72659
10755
128987
106622
11529
99
100031
453298
99
19711
99
398810
618943
99
99
99
111926
251717
65184
445021
99
79323
67561
15070
99
83774
76612
464829
137884
99
344636
588963
443092
99
99
99
469518
99
395553
339168
99
99
99
485528
99
45059
99
99
99
203189
266861
249738
484564
194184
471492
99
99
225297
99
99
99
99
157996
190308
360912
1291
99
99
99
240462
43042
99
99
211889
4287
247229
99
260205
99
99
99
414382
23876
97
247526
99
351030
132520
99
99
99
124665
99
99
356899
17078
13065
99
97
8552
205634
99
99
99
433916
99
28820
99
11554
99
68267
99
92907
29279
46240
131231
99
31174
99
99
506093
35771
99
99
219331
99
107017
109776
23433
199900
99
99
99
99
157795
68310
99
99
63993
256931
289147
99
85105
99
205014
99
136556
99
99
99
273160
99
99
61913
99
99
99
99
99
99
99
99
515986
99
99
99
99
41919
99
149720
69847
99
99
291470
99
3125
180178
127624
99
363079
34510
92
389
117516
92319
205271
90346
101937
86312
99
140785
178771
133615
115185
99
99
45535
274885
520592
159181
99
37488
87687
99
99
65337
43323
94367
99
278013
10016
99
99
21757
47753
99
279049
99
71097
528160
99
5839
99
99
99
149422
99
85631
99
99
99
99
59586
196552
272669
186525
163639
74052
45794
99
36329
164861
99
99
99
99
480290
144188
77
99
48641
403078
99
141613
195347
110989
99
85764
33525
99
22700
85790
369568
99
99
99
99
99
99
61196
9262
99
99
147437
90042
99
390697
99
98
99
542600
58138
349589
281681
99
99
78749
99
99
99
99
99
54389
205803
440241
4227
99
69967
27783
99
52474
604247
237977
99
138665
99
8144
99
450000
6059
99
88111
99
99
155115
65376
99
98
34166
23892
13378
64605
99
99
99
99
48445
68945
98
10834
99
72033
85707
99
170655
147090
99
520170
11847
99
322922
36704
99
99
50226
61330
225859
99
561061
113399
99
99
99
99
99
577944
99
99
99
99
99
30940
99
98
99
213552
30853
41621
99
495823
100157
95
26519
27940
99
99
173465
99
99
99
4228
218594
132964
1824
99
99
59032
99
96
99
99
99
194437
34132
188871
99
99
99
99
87
99
311719
99
111962
99
53539
60779
99
179279
99
171793
141566
99
104489
99
391686
99
17782
76117
232402
99
194281
99
99
99
99
76449
415600
26429
74400
99
99
99
99
156348
48340
43796
99
99
15013
99
168531
99
99
99
44741
99
99
442547
99
99
99
99
99
99
419438
24574
99
99
99
82434
99
121431
99
99
7132
131578
266313
99
392590
112429
99
252921
56666
139614
177906
10028
99
99
99
99
49081
67605
408334
16012
525370
99
99
99
99
99
99
98
54849
65697
99
99
99
99
77207
99
99
99
99
99
182784
99
99
133459
477834
22644
369249
99
340333
242201
99
3745
99
127844
99
99
99
270498
118659
264354
99
295240
99
99
99
99
99
246932
99
13740
184188
99
99
99
95345
99
252237
99
99
99
33086
95682
10017
452773
99
99
95134
99
99
295805
145714
29674
99
99
99
65747
99
45152
99
1859
4156
454501
99
123439
99
289565
97
35897
204024
96
99
99
106628
99
99
99
99
127127
99
2017
204036
99
129496
138721
480691
93018
99
187377
98
250619
99
99
29979
99
99
598427
65492
99
105977
99
264256
22543
99
99
85484
99
99
99
240641
99
99
513517
99
281521
334402
99
74723
29371
99
99
26419
102674
263620
99
47356
69204
359074
187271
241891
99
99
97
99
176864
205353
19114
99
26117
97546
57324
427768
99
99
382786
64
68881
371132
794
161795
98
2456
99
99
92042
99
246901
242749
311659
317108
238103
99
35759
139623
252839
39939
98
99
99
136830
99
411458
131802
99
179019
99
99
116477
99
559360
87257
402624
99
99
99
48652
99
45088
99
27579
99
397752
42083
48405
420002
99
99
99
22473
99
99
113204
10828
43544
97
121155
10878
99
370724
99
99
11317
99
99
99
99
447284
99
455756
99
266130
99
99
99
32985
18715
119642
333252
188422
99
8363
68188
127490
288096
99
23603
99
99
99
164554
139847
368199
99
99
99
227998
99
99
99
97436
99
99
99
99
29351
99
99
99
436056
252349
99
13848
155349
99
99
383626
99
100457
235657
104076
39315
366977
209070
99
304442
99
109345
146586
99
252941
59402
46659
99
99
99
179851
99
99
99
481866
83017
98
428
99
43476
99
21575
99
468983
99
520720
99
5358
35724
145425
348475
197683
747
449816
22635
470721
101792
99
99
21261
32319
99
99
99
169194
96461
114238
99
187
99
356109
99
289269
226393
99
55646
99
110916
288678
99
99
97
99
60707
99
366842
12211
99
99
99
259358
99
75623
99
148216
99
144290
140108
99
99
6946
200205
99
99
21863
99
99
99
99
99
463433
99
126939
99
82520
99
186674
225533
99
32993
41426
87613
99
99
59902
30032
149406
55400
366003
540717
99
24403
360449
85428
99
34732
143596
217031
99
96
530510
39195
99
44904
45845
150637
142943
99
99
67467
274360
99
99
64162
14389
58513
302663
14853
219759
84592
128581
99
59716
59829
468396
277578
239437
99
109357
99
99
99
99
136975
99
99
99
99
463985
99
111884
622966
232010
179786
100915
99
85812
99
99
99
99
205612
162880
99
70884
532004
19152
99
99
923
203
280426
99
191296
99
99
139356
182089
126716
204448
99
99
83751
99
99
18329
20369
40055
99
99
117542
211243
99
112169
5530
160955
225132
99
15862
449197
23180
99
20586
99
98
366978
544715
473560
66643
175799
17895
99
99
91
99
548755
487010
99
99
99
235043
99
109063
99
27360
99
99
470561
99
99
99
192486
99
30585
99
205101
188663
173772
150701
99
99
240327
284709
99
99
92571
462563
99
284328
99
63777
99
99
99
147258
40330
182825
99
99
99
99
294090
99
99
99
77299
99
99
99
99
376161
99
400711
99
151509
24432
72144
99
99
355619
262809
99
23343
99
144183
99
99
99
99
29877
100423
376369
381708
99
99
99
99
374309
21836
96
264783
80362
81590
132
99
99
99
99
99
99
82345
4709
211209
99
99
108017
74396
86681
99
99
143871
99
12124
10442
211965
99
98
149482
18998
99
234383
99
93159
64487
33134
399683
85466
80772
208784
99
99
99
350442
99
99
22543
157197
99
99
3260
221282
99
99
99
108257
99
99
99
99
99
99
99
66824
9110
159014
99
99
99
37535
82153
99
12731
99
99
4006
143775
99
469281
99
99
218702
156389
99
147171
175693
308946
441319
140306
99
99
162871
16428
237341
317490
99
195285
15474
459935
85942
99
99
485324
99
99
358141
206354
118658
99
99
30758
99
164083
99
63743
99
99
25271
99
250932
31539
754
99
99
98
99
58047
99
120375
99
3275
493127
99
99
99
240900
99
99
309905
99
99
99
99
99
99
155648
7859
99
133488
99
99
99
46119
140963
227868
527846
99
383915
99
99
134899
205207
99
99
273282
99
189471
53181
98625
451652
99
94601
101545
220219
99
201705
99
99
320099
99
21532
99
99
96198
173043
479640
112681
513602
258728
322280
164418
99
86546
97
442007
99
316577
22913
99
279044
99
99
99
99
99
467161
11276
99
99
99
99
82189
99
99
99
541183
166485
326921
179312
49012
174247
99
99
99
30392
378468
99
28314
99
99
97619
99
99
99
223127
99
99
386787
9733
99
99
99
99
117536
7696
88780
399878
19450
523165
44
99
99
99
200400
97
99
122789
99
18778
48588
100973
99
99
50012
99
320983
14696
99
99
303606
99
252007
47050
99
99
99
99
79820
99
96839
99
79022
112083
464131
99
185270
99
99
32684
176780
175447
27716
99
99
208132
12359
101826
99
169783
99
99
12828
99
47256
99
492411
99
19213
81048
14427
99
30331
99
99
47812
99
88545
104760
99
30915
99
99
99
237531
117928
99
99
87805
88185
91614
99
203266
79378
99
99
166416
99
4672
30498
99
99
15206
74558
99
99
164164
10613
250074
99
99
45212
79423
99
99
99
319822
99
84623
395778
99
96612
99
127848
99
99
58911
95569
25848
25812
81579
99
43286
286932
8786
51957
418168
99
99
99
99
124731
34568
49
3500
99
48482
99
99
9565
99
99
99
5173
356914
109680
99
59066
32154
99
99
175768
99
24409
98780
90816
99
11960
210301
99
101976
99
114649
16988
99
99
99
341913
99
360473
99
99
58673
99
99
114633
99
45414
56114
99
99
99
99
99
457752
209873
331433
99
99
98014
482125
99
6284
170500
124813
233956
99
353683
99034
99
244146
99
169158
99
194195
268245
440758
99
99
99
99
99
99
284581
194082
99
201037
99
71412
110694
166943
99
99
77374
99
99
99
172616
99
99
11614
99
29925
99
99
26362
99
99
155656
99
99
99
492504
99
31600
99
153013
99
373083
99
499369
445408
98
99
37752
181991
2540
128381
300269
158497
413359
225288
99
99
64750
99
545116
50386
86298
55970
231276
215164
99
99
99
99
99
73138
99
99
41387
99
99
99
224
99
15565
41660
99
512980
99
99
1229
99
99
217110
99
213023
99
81
119772
189088
99
131194
99
99
441337
270973
99
99
79960
433
11943
99
99
99
296374
37774
3396
99
193798
99
53425
75860
99
390691
99
45896
52530
233399
157656
99
42236
99
99
481929
99
99
99
99
17680
99
99
98
116120
99
99
99
99
99
99
99
423738
99
99
33113
111425
99
283090
99
99
332519
325874
99
304639
99
27920
156794
4685
99
99
99
110516
99
99
99
273290
99
99
3215
99
99
156344
163278
363949
86998
4614
99
678
99
98
130481
145712
34034
113795
99
99
99
98
141003
215272
99
47222
25837
99
20826
482
99
27629
76408
13148
215837
200241
99
99
89370
99
301896
262395
99
99
437486
1538
136955
99
99
99
98
366230
115796
99
172736
99
99
99
99
99
88
5759
99
99
99
99
99
41078
99
99
62114
138985
99
7108
99
43928
99
99
99
99
94919
99
36598
99
99
99
99
99
99
213141
280391
99
72639
176624
6019
163177
99
46999
99
99
99
99
221052
48798
236903
238142
99
295816
196485
296144
228387
99
157057
101243
99
99
99
284024
17196
33322
70520
178
99
99
99
157093
96
99
77682
99
162162
99
9667
88781
99
55366
196511
99
99
2996
99
99
99
301189
180182
71093
99
67068
99
99
99
10460
99
99
21118
94
478084
17219
99
11710
57470
96
99
1808
292567
99
126875
13242
446437
469300
14811
99
28294
79882
99
26174
99
99
99
134201
10217
99
99
99
124876
346284
555644
99
99
99
29627
157740
6707
512047
14068
99
96
229439
99
54797
278199
98
99
99
18738
412334
99
353863
45643
90871
306703
313680
99
99
378693
516093
99
99
286569
452974
356786
99
99
74137
99
335056
424090
201119
183871
99
525
99
50033
99
171837
240029
260398
2443
165069
99
400784
310991
174000
99
99
99
479750
56972
99
197777
86505
505794
99
85535
38141
245075
99
99
99
99
99
156684
53703
99
99
63950
99
2771
408972
164959
99
4303
278790
99
76564
99
391408
89444
99
99
99
26147
170528
99
99
90105
531797
303034
443380
132753
99
99
214098
165439
99
99
98681
99
97
28200
99
19642
99
23021
99
99
99
68692
99
99
99
99
99
331952
30695
99
261945
42918
408719
99
247690
336593
232360
13249
99
99
25367
99
99
16043
179644
99
99
99
99
73912
99
342934
99
99
224341
81549
75640
302343
99
119242
175435
106939
99
4741
99
87282
99
442624
192959
161846
297691
422193
287801
107634
373410
99
99
99
242847
99
112904
99
99
21354
506129
99
99
99
104775
99
332289
34112
99
177231
312643
209665
74073
99
99
237258
52855
161337
75896
54734
99
3178
99
99
99
22168
313950
279373
15934
99
180182
99
99
99
35870
203545
211796
99
82411
96291
99
422274
366642
97
95402
99
243875
116566
143995
99
124176
405012
99
99
4833
125965
99
99
99
99
18645
9459
99
402560
158462
345210
99
99
24462
124077
99
92574
99
99
99
99
322470
24295
99
59843
99
99
99
113136
115197
340509
99
233894
99
62413
99
404989
99
99
97
99
274906
99
246464
478609
99
131588
99
109593
99
99
99
99
99
48811
99
113418
99
2686
11241
44215
99
219810
296518
99
17690
99
325716
318443
99
99
99
486927
99
99
286987
183843
99
99
13159
236422
99
120137
48494
99
99
15750
322857
99
490200
401415
99
99
99
89128
99
59212
20234
99
99
10249
278300
74400
240335
99
99
99
99
195203
99
338086
99
151258
99
99
99
99
99
40844
99
399258
30316
99
26208
99
162330
270415
13001
128268
99
153755
146131
99
99
418132
99
398445
13321
13329
733
557023
99
171691
99
99
30034
99
307400
43235
99
99
52863
99
8818
431636
99
150141
11227
99
99
99
111143
169405
434273
99
113161
8745
125151
69077
1828
99
99
88629
172110
277099
99
171951
99
371589
99
7508
99
99
192183
65840
14694
99
119351
99
62380
99
129953
99
99
138746
99
99
179147
235145
99
99
99
99
99
99
99
70022
3162
99
87114
99
8381
99
134828
72587
99
99
99
36268
357134
99
15835
99
313803
99
115778
99
372908
99
109996
99
99
99
97
99
60245
99
99
99
99
14452
95621
99
89010
6570
465022
52979
238295
99
8652
4080
99
131401
435135
99
459726
99
99
99
99
154305
261344
99
128016
203507
99
99
140804
99
99
99
88
99
182801
99
75776
75891
96320
96
291118
99
99544
99
78522
99
99
32286
99
48057
99
99
99
411106
99
130193
249644
112202
294261
99
228775
99
99
2640
99
10096
99
99
95
99
77672
99
268831
99
99
107411
43588
5127
99
37435
568407
99
5323
99
99
162928
45561
110912
99
107602
99
280882
99
102124
15086
99
99
80821
26807
99
443138
4995
99
99
99
99
24636
99
99
99
99
18887
4449
99
99
99
288170
99
99
119880
99
99
99
99
6919
56989
393529
98
99
124137
99
99
99
437532
97
99
2866
99
99
72635
99
99
99
69618
26081
33836
99
501398
99
180145
99
67225
354183
99
21260
99
99
99
19319
98
33858
99
47200
336378
99
2329
417639
99
99
34217
99
74730
380123
23913
99
128785
97627
326866
248336
99
89269
99
99
52707
45510
47938
95980
99
99
55578
99
96014
238640
429255
521399
242934
25322
99
247275
4471
13994
99
99
99
378854
107095
99
74172
256582
99
76735
88890
11635
54380
63643
11986
99
99
36770
99
99
99
402376
99
76639
99
99
216943
130446
99
99
217731
423205
224782
125040
99
99
99
103779
99
300790
99
99
140356
188152
99
96
99
99
99
99
99
171461
38698
99
39324
263993
10367
91066
325974
99
133234
372405
101851
99
219970
49045
99
99
160075
99
99
43451
99
141991
260516
30222
359657
147362
205988
99
30341
99
99
99
6669
2678
99
99
39710
138144
253705
13444
99
66314
240387
99
99
99
177074
4827
99
99
350228
1799
103099
352342
1688
99
98
55265
1605
99
99
99
126858
99
99
99
152119
99
214213
99
99
99
99
99
28017
94071
99
303653
367412
99
181576
99
99
99
31271
185422
33133
98
421987
119766
99
99
69800
15465
99
313123
99
79352
99
356642
87420
16729
99
110913
88340
170434
92299
148772
95
135753
99
23475
99
12613
99
11255
99
99
57246
252457
250685
522635
99
291437
20375
99
23785
10954
354032
99
99
262996
8508
99
99
46626
50919
85246
99
138866
99
63709
99
71559
1618
99
34139
437907
99
77110
114336
99
99
146198
237010
119573
99
9710
99
9091
99
99
8423
296641
99
98010
99
434600
99
99
17401
99
99
92618
99
147460
99
76121
99
176314
18917
154459
99
99
313037
99
99
99
99
99
99
99
99
99
99
99
99
99
202580
28290
99
99
242307
209756
99
348
471867
464948
99
99
175120
99
10188
312549
39736
30252
17426
99
5977
99
99
19025
99
10471
99
99
99
99
99
99
49812
81
99
185728
71454
99
99
99
216861
99
99
51523
31004
236169
7699
99
105351
301604
324277
139232
99
178713
99
99
99
37134
7387
99
6513
57054
444698
33464
99
325537
99
99
99
164568
99
99
280052
166197
99
49653
99
99
285232
99
99
312267
99
244468
99
268390
99
99
99
356282
99
226379
357869
99
99
99
99
173220
99
99
99
194063
304841
99
99
99
99
99
102820
212395
43358
99
85521
99
83915
411918
99
252302
99
193560
19354
96432
99
99
99
497267
99
99
135585
99
99
18052
205131
316920
99
99
172673
99
77
96
99
99
99
99
140973
175446
431499
99887
327485
149113
99
99
99
99
4697
99
143141
99
99
99
99
99
48043
55710
99
99
99
99
114007
121493
315631
99
99
99
99
99
293996
99
99
99
290915
99
99
95885
99
82773
99
99
99
96
99
174973
99
86
139651
392061
99
35083
219592
6998
390663
99
99
378216
99
99
99
37933
12770
89803
99
263011
208580
169127
99
105042
97
222485
35203
99
439977
99
397046
99
16881
99
99
130964
496
99
85743
34402
99
99
99
51204
99
92
114437
158726
99
36087
407
42476
99
99
5728
99
99
99
5278
99
99
99
99
198749
99
99
99
126359
447628
99
99
99
18731
58651
127368
99
265450
171350
99
99
99
99
198104
18896
99
333223
99
99
99
24545
118840
133447
99
113123
99
99
99
110333
99
99
390699
187973
99
109111
99
99
99
83922
436505
377504
99
99
583819
99
99
99
108491
99
99
99
99
99
99
99
178667
98
88181
276435
51259
108125
99
87280
96
99
496139
99
1920
99
99
99
318912
160574
99
99
345896
99
99
13016
364555
99
20268
27564
99
99
99
99
99
99
99
99
244391
99
134410
19745
96
392296
99
283215
413490
99
99
99
89066
46780
180030
533019
99
18071
143825
99
208224
245999
99
105773
126762
99
7244
25685
99
301618
49990
97
99
99
302392
74445
510181
6010
425865
163563
99
99
99
195236
1849
99
99
99
297806
10642
388319
99
17538
127205
99
77595
373748
71571
525621
195941
23444
211484
99
228169
99
104245
11435
567793
99
62903
99
126899
22172
134352
99
99
246121
16134
5904
99
99
361297
99
99
99
32027
6588
99
77560
9573
99
11387
99
39054
99
99
261230
99
99
99
16591
99
99
99
99
33136
99
99
99
386356
99
99
8542
99
99
99
99
99
87534
