99
317232
232684
99
207293
99
99
99
177945
372289
97
97
99
210413
164177
99
93698
10623
12346
99
50461
99
265595
241216
99
13874
292118
573714
99
91476
78391
174102
99
99
50533
27208
99
38337
99
153807
99
41254
25094
186113
282945
91645
99
120043
33823
39586
29005
241925
99
99
99
99
142827
2961
99
400507
213810
99
99
392303
99
116786
99
99
99
9784
10313
357837
120200
99
99
99
207020
99
99
29968
300418
38268
99
99
99
32800
99
16838
50369
99
99
11200
99
99
256335
2317
216720
99
99
99
160611
101928
99
99
99
99
98
236017
14496
378902
99
99
108973
99
99
99
99
66496
99
365115
287490
99
99
99
99
601068
99
99
99
99
99
99
99
162219
99
39810
80009
99
40756
402051
518615
99
98732
115256
1254
62626
102650
42982
99
99
25918
99
99
58565
105887
209217
15172
6059
99
99
99
99
243627
99
99
27739
99
99
99
74191
52881
99
99
173348
66213
582409
99
99
99
68974
99
99
158478
428188
56509
99
24190
99
99
319401
99
99
99
89
99
99
99
99
3945
99
99
62154
99
312425
58206
2254
99
99
569960
394924
99
352377
99
186535
89
99
331890
99
99
133471
319333
25174
99
283118
11469
99465
99
99
18218
318970
119632
106258
99
19433
343969
99
20287
99
16498
25854
58218
99
50831
99
99
99
22792
99
19684
99
99
123365
99
65048
99
138530
99
99
99
99
133775
75722
418214
99
99
99
99
169977
99
99
89
99
211359
99
501835
9627
97625
106153
6459
158193
99
85850
99
125126
99
32144
99
176801
51001
219039
99
92231
99
99
99
96085
99
99
270662
99
560105
42585
99
99
17558
99
305247
50576
364910
48044
99
36924
99
94479
99
99
99
99
99
118540
99
71587
99
163906
130698
99
99
166694
131799
99
439023
136778
213489
327189
36822
194151
99
183056
129284
297804
99
448076
99
99
253478
99
99
99
12634
202406
195575
418070
99
1042
99
99
99
99
228176
274558
99
99
99
70948
99
99
99
328725
99
47479
195970
476001
99
264753
99
85120
99
187335
413559
99
99
224856
25106
277814
44470
129769
99
96
99
99
99
248527
4154
134379
7172
99
350836
99
99
99
24926
99
149435
14986
99
100180
178282
21768
99
99
110605
88376
99
99
99
99
99
99
516537
282918
99
28574
14678
148678
99
99
392646
102359
375424
99
99
320380
99
99
226307
99
99
236909
36156
179231
481663
417995
52949
110961
99
57462
382532
99
94
136549
396652
14982
99
99
9314
225072
99
99
229038
99
409995
233440
29380
85466
99
99
253984
99
99
99
98
99
167959
99
2207
99
99
99
99
180275
368866
99
13452
99
99
470776
99
99
99
99
99
459445
46337
99
99
146847
71986
117841
233163
99
51244
99
99
99
99
462209
99
175947
7141
99
99
21753
106466
172135
118033
99
754
99
99
205455
99
274437
381308
99
99
130845
99
114211
38412
99
99
99
17200
99
48224
33961
23523
124315
99
99
99
99
99
389683
99
86480
169127
112375
99
54368
99
99
62623
99
114020
98
40243
429648
40316
180174
45003
437425
163942
33403
17399
345732
211146
342922
99
98
99
283729
221233
99
356613
99
238618
99
99
402769
99
21127
99
99
99
99
99
99
99
4471
99
282704
99
99
99
99
36926
99
99
98
145372
99
99
128814
99
99
79100
106259
84769
534998
99
65490
37673
86240
99
140727
99
99
99
99
99
99
254797
99
116341
94038
99
99
99
98
68283
180000
384325
99
99
179050
327252
409
99
99
678
99
99
99
430896
99
99
99
99
99
531591
97
91
99
27508
99
99
173848
100394
99
99
27841
99
99
28018
99
188105
60662
371588
99
269205
211182
99
18765
287025
88444
57288
57135
331900
99
99
99
99
439127
99
246627
196192
99
99
99
99
99
43033
57606
99
92898
101222
99
99
254459
99
99
99
189008
99
27929
28969
64572
99
99
574867
147195
99
99
4767
307238
68882
99
78543
99
17649
159948
99
106039
99
112387
99
12737
365273
109672
99
99
99
77849
99
99
74311
99
99
99
331562
99
99
347784
40322
99
99
98507
307985
99
99
530740
99
99
99
506478
99
75102
99
190230
126940
96
114141
99
99
99
99
99
196746
99
22190
196584
99
56803
352856
99
99
48149
99
99
299056
89
99
208077
99
113872
56153
99
99
99
99
93
385406
99
99
99
99
99
98
347398
99
94736
164933
56578
9199
35145
118039
31213
51742
99
164866
99
56124
99
58972
99
99
99
35595
3242
7123
607747
99
123609
99
20798
99
247726
109230
232112
99
122879
242746
45238
43319
155903
5038
99
99
99
123973
7557
412376
99
99
99
162525
149982
404151
99
99
427053
34655
365150
148251
223067
99
99
103641
352672
19214
99
510238
99
99
86107
30812
53373
137446
99
99
99
350894
99
9252
99
9213
259496
99
31683
369677
99
4725
99
97222
37229
99
99
46321
21013
99
99
99
24652
99
3432
185928
99
138630
131148
99
99
99
49314
99
99
99
151320
99
95381
99
99
70183
156479
90373
368556
99
99
48438
98
235461
99
105615
99
5824
99
99
99
99
99
99
99
99
99
243348
23585
68051
99943
309157
99
416065
110990
165901
99
99
8563
97715
39505
99
99
99
99
89853
99
223789
99
421113
307490
67729
99
355210
99
99
37261
73595
654
29564
99
99
99
318276
5330
99
99
99
99
5386
77
99
99
99
63636
170687
99
99
289462
99
99
99
295582
343955
99
99
41416
99
79460
298292
176589
112631
11943
347963
99
83440
340015
148638
130395
99
266632
99
99
99
499000
109994
54573
99
257187
99
99
99
99
12830
99
99
99
99
83
99
128837
211768
82939
99
99
99
99
99
99
99
446201
99
371511
99
70124
99
46161
190956
99
99
5713
99
125029
99
106383
73796
99
62088
123740
284005
17818
395727
99
32516
80
99
99
360384
99
99
152047
99
49129
315917
35341
99
99
99
99
88293
99
99
233210
74068
79403
48875
99
45294
25288
99
44153
99
318536
99
143747
144654
99
99
99
323183
61349
99
99
99
415819
78057
99
99
99
99
65
99
99
91150
17367
65299
99
99
99
91308
99
99
99
200285
99
99
379552
99
99
99
99
99
61970
99
99
99
99
99
99
665
99
99
59628
99
407842
50695
99
57935
5144
99
99
107400
28029
30220
99
99
99
14722
99
285521
405952
99
99
30190
90378
282179
99
99
49137
99
361723
241662
120629
34555
99
99
99
356508
99
99
99
66
13157
99
99
99
570726
99
99
99
868
12637
99
91542
91413
283163
176068
34760
99
99
99
2109
294639
99
101907
30594
99
18962
343752
99662
109690
99
57627
172542
31587
130475
65922
99
99
99
362041
44312
99
400746
9150
99
99
99
380376
184821
127942
99
99
99
4374
99
108145
99
99
210768
89551
192951
251022
99
60051
99
99
99
99
99
263285
325203
225460
148899
2930
99
557046
187506
99
31791
99
99
59154
99
99
99
82365
99
99
99
78608
99
149119
77790
99
302296
324694
5268
233888
128595
283486
99
265980
88953
95712
20933
96291
99
99
99
99
22728
151647
99
99
99
254941
99
99
32461
387119
130065
179458
99
99
99
87230
99
213875
99
99
99
352867
99
130455
99
99
99
99
615126
8094
17310
99
60816
182068
97
174858
430876
99
99
163346
99
99
17210
227728
99
95415
99
77987
99
99
99
99
99
211258
20921
223381
99
99
8326
99
268
99
540
137524
99
99
66535
99
4577
97
275875
99
99
98
99
177642
99
183280
90
99
235679
99
304943
155156
300481
99
99
1599
99
99
34550
99
211629
341796
112634
99
20177
99
415254
25960
209894
120228
304702
111958
99
253836
22290
99
120143
99
23360
99
8787
424248
99
257462
259142
99
99
361423
99
50012
9569
99
113669
3248
15239
99
99
406349
99
99
9033
113686
99
13924
318668
139291
376374
115962
99
175960
9542
139831
9709
24627
73224
99
9139
99
99
419294
359279
102040
99
99
99
46966
126345
55108
99
99
99
313769
74292
99
186815
99
99
260731
99
99
99
14740
99
389114
99
99
10522
95481
40951
151341
99
99
99
99
99
99
142519
99
99
99
385119
7076
99
99
99
35360
99
371028
301714
99
15622
42974
32164
85607
99
92554
99
646
214921
224827
76680
203332
459512
99
99
99
163163
178012
124965
99
68525
251714
87290
99
99
31587
99
99
99
99
99
160209
176211
99
131856
99
34342
99
99
99
99
214056
552308
157195
99
99
20989
99
377202
99
628
27394
200831
99
22535
99
84410
223455
99
78069
99
173006
99
99
99
99
99
99
316081
7334
99
99
160682
60821
99
25269
99
99
479740
99
198004
99
60755
99
14074
303093
99
99
99
413413
514205
99
99
225579
99
3435
99
96
99
99
55099
99
26089
230286
99
99
347652
99
98449
99
99
125386
99
99
99
35453
99
126744
82
99
99
136536
99
99
99
39597
353779
99
99
161488
99
2893
382726
115203
99
54218
99
99
99
99
191063
50360
99
28015
240567
99
523622
99
99
229217
99
99
248563
122483
7157
99
87756
99
146370
36900
99
99
150475
12563
99
99
99
99
54506
99
35190
94944
328081
99
293479
178095
317694
99
16283
99
99
127581
224551
99
72051
99
206249
266147
99
148891
342514
184022
99
99
18443
99
339699
99
1357
99
72385
485772
292096
18501
131021
99
3357
70766
73234
7536
25642
99
99
90367
210612
99
380175
55103
391684
99
99
250413
99
99
99
283803
330084
86122
156044
109535
42987
99
177519
572085
99
12554
17634
10745
99
196175
99
55215
158689
99
99
105877
14342
23625
99
99
99
2392
56644
99
99
99
99
65474
258493
99
551268
214745
248460
31800
99
99
246600
171725
61851
99
99
89176
388171
53022
107984
99
99
181070
99
258341
412183
96343
76018
99
99
99
214032
7639
99
219179
143733
99
99
99
172328
97456
23441
99
14941
99
99
323673
99
281727
99
21133
466633
74268
99
99
99
99
94758
99
99
99
99
99
99
99
303399
20701
46514
199261
99
99
11610
99
99
99
798
219225
99
99
99
99
99
99
99
99
112316
11451
99
99
35590
99
98
143372
29171
466442
308916
393562
43444
87402
13549
99
99
154985
99
25044
99
99
99
64669
456816
99
99
284241
45539
24984
99
211391
99
99
255699
99
153768
19548
184238
99
32880
99
99
10324
99
99
134550
358707
99
99
99
99
99
99
188773
22548
99
99
99
43681
99
105423
99
92
383717
99
214951
99
109009
99
84
383376
8838
99
108899
99
272291
33078
6272
364181
10197
99
99
436813
5930
99
99
1773
266341
30802
99
272131
236455
99
99
99
99
99
250517
99
27538
89
68437
99
98
99
267274
99
57602
274646
292285
68359
99
99
99
396638
28841
99
99
280206
99
96
99
167261
98
99
96411
148226
99
57224
61240
99
117752
99
99
92900
99
99
185977
13686
103084
99
163226
2039
23831
99
99
43357
422563
99
394791
89575
181482
99
372842
99
99
99
144927
437984
100805
159162
99
99
99
183570
339178
108549
355014
99
99
79379
99
124481
481549
249633
91012
115337
65223
363639
164349
257150
99
32767
407575
99
402749
99
60642
99
99
198563
230905
331972
120451
78018
198871
99
99
99
99
99
99
99
271681
99
397140
120515
20363
99
226202
48846
99
99
99
2620
99
99
275425
99
99
97
304622
68430
99
99
99
99
297193
19347
99
99
28164
99
167603
99
99
99
12918
365192
99
99
88908
6317
99
160597
99
16728
99
187615
99
25695
82125
99
99
99
354498
155800
99
243927
99
205110
99
99
99
70429
99
16462
99
99
99
204693
93
99
111787
99
7126
99
99
43306
99
165069
163019
99
99
147610
207273
219927
157186
99
118812
99
71592
496656
277172
585102
894
47044
99
99
99
99
13409
99
136381
33531
99
10358
99
207343
99
99
99
39438
27537
71524
99
47668
99
16575
456874
99
97
263492
99
146273
99
99
352861
110130
99
181671
33989
146201
99
99
99
99
210488
99
99
356206
15536
201045
99
343459
99
419201
481887
99
99
165695
99
15416
52108
36639
75629
99
99
31512
99
295218
175949
200854
64646
99
48851
99
99
292162
99
105074
99
97
343193
99
27093
353214
519192
3207
99
184808
114146
52940
16761
380973
37055
47801
99
99
180500
99
99
99
99
434773
99
99
99
99
99
99
164894
99
110192
72443
99
160994
170045
167715
31427
77978
35665
407773
99
164501
93293
64484
93
14752
99
51727
283321
20413
138272
99
155177
116257
99
99
196625
251863
97
99
99
99
102151
99
99
464303
99
99
99
4651
147333
99
99
99
99
578375
99
99
404219
99
99
261767
99
64812
99
99
132958
234082
611446
99
274519
9440
99
99
423247
99
79050
244496
99
99
99
202162
12551
99
49420
99
355378
225249
99
47740
128687
369267
8161
1
247391
82
99
27358
99
71556
99
99
19117
99
99
99
4768
490708
99
99
99
327901
469084
99
99
99
99
99
211247
99
284689
5888
42655
76024
99
99
99
54744
20219
99
3975
352485
99
179569
99
4958
146981
99
295764
99
99
1797
99
6422
29567
65436
3662
99
99
5390
4009
99
99
41388
99
53108
99
28697
99
99
554770
99
99
372087
85577
99
99
99
90
99
76078
99
149199
310883
95
99
294509
99
2496
130563
18633
99
98
15539
46435
99
91274
23655
99
241543
99
53204
37962
260578
99
290279
99
99
99
220598
63423
616795
137561
99
17911
64547
370704
100325
86374
126545
16511
91
99
99
304136
283755
83432
79652
247106
114285
84574
38600
10958
302418
99
74090
230542
79003
99
99
99
99
289470
99
99
210034
99
76520
132354
99
99
85038
546656
99
99
99
83964
99
136343
17482
99
99
99
42573
301849
200545
16838
99
50732
99
99
54494
99386
235422
140643
99
91226
157294
99
261681
99046
596315
99
22833
127020
99
99
99
99
16727
99
99
49146
215787
99
414087
99
99
321186
99
134734
99
199964
73725
99
422339
99
99
26974
65592
116386
140066
520656
99
144482
99
155051
3295
99
189878
99
61596
99
99
99
222291
138952
203924
8697
174582
244565
99
286733
437642
365073
107862
10273
225425
99
99
133003
148535
155362
17652
442649
16641
99
99
142206
27448
99
99
99
417528
294315
61520
237788
33439
99
95014
145811
99
305671
58663
99
136204
265544
99
99
280943
99
59639
362536
99
182082
99
53963
99
224121
71842
313704
105456
99
97
99
12024
99
99
99
71962
99
99
164916
280647
539842
99
204036
87026
66133
99
99
99
15131
215674
172899
99
99
99
2302
99
366854
99
99
199921
149741
99
99
52747
44224
99
99
99
31007
8343
99
99
3872
99
99
99
99
99
99
90406
99
46848
23775
99
183315
284423
99
99
97
99
99
99
99
99
35792
11100
99
157034
99
99
33168
12335
208458
367
37501
2762
99
105523
331233
99
106550
99
293032
99
236597
25178
99
164061
110163
99
11093
441
71393
99
147517
271849
240194
292074
344618
99
119532
99
99
220944
4732
99
99
190240
99
264065
352688
99
3756
69000
91512
552449
79854
99
122091
99
99
12961
30619
99
99
66719
15351
69650
99273
99
99
99
99
88190
163433
99
273472
17307
98
99
118005
99
99
479459
183844
99
28306
99
384984
410428
138986
89224
148656
99
99
99
99
554335
273667
99
53443
99
74533
99
99
99
99
447800
79746
389548
56088
99
231655
99
342321
99
140551
99
99
413855
99
293154
99
182634
99
331406
314367
99
99
99
550816
219675
488944
85974
25109
147808
99
99
54342
99
407485
267
235779
99
99
99
55267
99
99
68
371413
459245
40994
99
128929
94
99
36934
99
210012
99
204344
99
99
99
99
99
99
99
251787
99
99
233348
334588
241630
99
99
86
99
99
99
99
99
216803
397435
213430
95229
99
99
99
354946
99
99
99
82028
99
2158
99
99
99
213286
99
99
49218
99
99
319766
99
97065
99
99
107688
99
99
99
99
84037
99
33
264042
99
5273
99
408961
99
99
384117
99
99
387105
99
5856
217328
126012
195228
99
99
56212
99
288492
99
106353
17596
522063
99
99
79258
99
99
60818
99
35848
99
99
295887
326332
99
99
99
17585
140916
99
99
99
99
99
99
81141
117450
99
99
46211
99
12057
99
145741
263260
1760
77594
113502
99
99
386594
473756
99
99
107530
89959
99
346505
84586
484845
177365
418151
99
31427
11239
99
14781
99
99
156954
99
99
236561
99
304925
99
64873
304539
99
99
940
99
99
99
269026
68
99
99
326157
99
137092
130651
21049
99
109430
98
187789
99
293756
301363
99
9830
99
99
99
210281
148822
99
99
472811
99
99
99
6490
99
99
28286
99
116663
99
56283
54204
284416
99
345525
99
281143
99
133911
99
241080
292586
107154
99
531948
78534
19374
99
99
103222
99
99
99
99
99
99
99
99
88618
99
99
99
99
99
99
7975
44143
99
18918
308362
127705
13231
99
1659
96287
88950
99
106173
99
99
99
99
36079
78058
67714
399751
99
99
99
127649
99
99
99
235354
99
141453
99
346072
128906
99
99
99
18226
99
49337
99
431889
64943
30368
99
75563
42202
92
20008
99
50560
68240
5873
8219
99
61475
125150
354614
179092
233016
99
12863
19499
25753
42725
99
36141
254779
67935
77608
99
353722
99
99
99
99
188820
99
24273
178861
99
99
99
99
340375
19646
99
99
99
84133
99
56824
99
51940
18526
218642
389879
94
116893
99
437963
99
99
99
233419
99
99
99
111268
141381
113643
99
255748
99
99
250884
387019
99
99
298382
99
123018
99
414178
140642
99
99
6105
62144
99
22226
317424
92132
32369
99
122055
21786
117642
90402
99
113818
99
99
110586
99
578427
99
181912
12487
3887
99
99
22884
99
99
99
99
99
99
99
11017
3488
55083
99
99
7878
99
2759
106263
99
99
99
44661
99
99
233496
559440
310883
54076
95
330999
67576
99
99
99
31625
324456
286882
35115
99
143728
99
267358
99
8169
99
98
341240
35451
286121
226894
31882
399413
86441
99
99
17963
99
99
219941
59645
99
99
99
65213
346742
298546
481015
140407
99
99
99
109087
552165
99
417938
97094
74077
99
99
87644
96
99
99
11993
156991
31315
224989
34182
99
52868
99
99
120097
171473
20487
13357
99
99
99
99
145707
99
99
15774
143976
384940
57560
99
99
99
99
49333
99
92384
32405
99
98
99
89958
99
2183
328569
98
141825
99
99
99
19253
99
99
99
99
11872
143763
90
452004
99
99
447794
99
23176
312558
99
99
99
99
141287
95278
99
99
99
50161
28846
99
99
99
99
99
99
145258
99
99
1957
99
33203
99
231890
307936
47513
99
24121
99
99
99
99
410750
99
452001
259381
99
99
40904
93902
99
32236
75197
99
30525
54316
464202
99
36991
342083
99
22
329882
16805
145176
275243
18513
17586
99
23314
99
99
74577
99
34992
99
99
99
99
99
99
186586
9778
99
99
97
233248
275580
87160
591430
99
99
99
78044
145999
99
235794
16558
129375
99
407702
99
90382
15057
99
99
264842
99
83009
99
17215
254255
52565
99
162888
99
10177
26231
99
99
213687
99
58299
99
80640
99
99
99
166073
132922
146287
98
99
99
99
282989
394861
99
99
99
6721
137914
99
99
99
155216
99
99
99
99
99
99
99
273711
99
461971
94116
99
200870
132872
256373
99
1100
12651
148884
99
37065
105963
99
99
99
99
124940
240395
99
59527
97
99
198969
148455
99
99
99
275324
99
99
276885
193347
154243
228890
99
17467
99
31747
8870
99
99
99
2218
99
7760
99
99
99
99
99
99
10790
64266
99
99
183084
99
158653
451296
325371
99
99
99
235187
254723
301720
115336
214836
99
97046
214178
336207
250100
292018
56728
224053
183453
99
204851
99
1964
98220
139480
402588
99
99
98945
99
99
258665
99
74643
67331
99
60144
90518
99
168998
99
99
455220
99
159908
99
99
99
99
98
99
99
99
99
117268
108441
320856
99
99
42451
41248
99
55652
148782
79825
21144
75800
99
82855
17275
40699
99
98
99
99
49744
99
179637
168879
99
99
6620
10075
99
146495
189202
99
99
99
286543
99
99
47436
123939
98
99
112809
99
99
19171
99
99
99
114999
99
99
322506
99
2881
99
99
24317
144895
524438
99
99
286973
47810
129495
72613
99
99
115292
99
189447
80
153228
99
53199
172616
31447
336514
446051
96347
99
99
99
96570
99
99
99
99
99
229752
74015
83095
21544
231428
549779
107439
99
207549
141069
99
99
99
32454
238361
146833
99
99
122449
3940
99
99
99
99
44613
99
291076
233998
17037
34540
79477
259562
137398
50215
127078
99
99
99
468921
99
99
99
99
99
18977
99
99
3861
27238
316006
271531
220017
99
99
99
47897
99
99
99
99
99
99
99
102156
99
244609
338131
99
184790
12618
99
99394
22206
99
136270
99
99
99
58401
36972
99
139265
99
13421
168489
99
99
161293
176043
99
99
192397
297885
115506
26535
221152
99
79189
7568
11411
8105
99
71
20452
99
99
20840
411916
99
99
99
99
98
85092
113471
99
99
99
336913
422936
44022
76251
99
99
298285
99
42159
291036
29938
99
99
99
99
10996
72191
48977
99
453151
320903
185818
99
99
99
99
99
99
341301
7182
99
339137
56728
99
44568
99
52347
99
99
99
281101
99
92399
99
99
99
99
414
99
99
75960
99
99
187978
99
99
99
99
99
40987
99
99
99
99
99
38985
99
7083
99
29082
99
99
99
98
66572
27236
187146
99
99
99
99
83227
99
99
76219
99
97715
99
99
99
99
35267
135012
23262
99
99
99
6965
19554
96
99
99
99
99
99
368370
97
8904
76742
99
99
99
258162
99
99
423495
99
99
122069
99
36114
99
99
99
360718
563
36791
511423
99
99
24521
35827
99
99
99
99
176702
5128
99
295064
381587
7008
216765
72619
287769
90462
99
99
143253
99
250602
99
469559
150307
99
13897
99
2053
165285
99
224301
99
99
14344
320665
99
13286
172092
97
99
99
99
233668
99
99
20741
99
70701
62038
201564
288431
99
99
219498
99
406675
239883
197556
19153
224781
99
102693
313347
407104
99
99
99
150699
212701
120495
99
214968
99
99
99
222405
99
13737
118564
41161
47486
169041
99
42548
99
99
56720
99
99
405358
97520
98
99
112920
200585
38202
99
99
99
62438
103819
104401
22874
99
99
42926
108074
99
11244
99
434966
432517
327034
99
98
265818
99
99
29727
99
99
8217
65526
99
15389
99
99
99
105666
99
99
35097
536167
161691
99
26387
84145
149320
336669
99
99
99
99
171414
441966
99
109754
286020
26136
345838
99
166777
99
99
15067
98410
51821
39215
99
99
198460
96388
99
33395
79401
98
99
99
99
24152
164643
182497
99
42515
377381
26742
210112
99
99
172911
403291
8525
126118
99
99
99
99
99
99
99
98777
99
99
99
99
99
343822
99
99
294917
167992
542310
166993
66691
86551
99
11095
99
99
97081
375337
99
99
8493
99
312326
99
99
44177
99
99
16517
99
99
99
99
102508
101235
7759
349055
99
9583
270771
170564
9858
99
99
99
14874
178556
348594
21086
99
352434
220040
99
15378
46516
21913
509569
416597
99
23335
67
13135
499515
99
359839
99
12493
954
127143
99
63750
99
99
99
91153
99
2611
39479
99
96680
91900
99
99
316533
99
224694
99
99
99
99
99
99
99
99
99
298012
99
99
99
11227
79409
99
33313
99
99
99
80742
99
110217
55851
99
99
99
99
336382
104985
70880
215386
99
409883
37764
8982
99
99
157568
99
99
112353
99
296696
99
99
146052
98
365872
98
74124
97
99
99
99
37707
99
99
103842
99
99
197412
99
46584
544789
299525
57552
99
99
99
613753
99
99
91754
99
99
99
99
34052
248535
11264
99
287094
99
101668
1534
211928
99
99
99
99
99
224074
99
99
99
302160
99
99
340480
99
99
99
99
211527
166973
99
99
99
63088
291078
168672
465970
99
15407
98
142286
172248
108860
99
270498
99
99
6615
36110
99
153663
99
255057
99
168838
100170
99
387347
99
99
99
190588
283630
99
64493
99
516422
99
99
52389
99
35347
99
99
97502
99
434363
220573
97
99
237157
38497
285566
99
9836
156003
99
29794
99
99
461207
99
99
99
99
99
38978
99
5463
99
99
251885
99
206379
99
99
99
24101
4048
5607
99
99
59663
99
13297
99
29868
153001
72
99
249860
218908
99
345660
99
99
237841
99
99
99
196832
66811
99
99
99
43699
26069
15142
472680
99
99
99
29423
99
128178
99
36059
74827
99
99
153891
141303
68370
99
270435
99
99
152202
108360
99
162276
137585
63906
99
14157
99
99
114737
63163
99
11394
341383
99
65747
30989
386311
99
141978
99
99
118262
99
99
99
99
99
192704
99
99
99
99
13296
99
99
153532
99
1890
99
92759
34423
458632
9571
99
63011
99
82110
99
99
52872
44749
99
99
99
99
27274
93891
99
419554
99
99
237401
1145
45057
99
99
22414
239545
106310
493476
99
128836
99
99
106681
99
8185
206156
106166
196849
99
99
46329
244554
99
99
47362
99
99
173091
37945
99
192664
68312
99
99
99
99
200310
99
10655
225599
15642
99
99
99
102843
99
12118
99
33292
17295
99
95152
99
99
99
99
99
99
99
99
99
99
99
236331
99
99
356810
99
99
232840
99
99
218049
99
99
256884
99
259638
380874
4280
99
99
472115
99
352291
505287
211807
99
99
99
132179
99
99
266585
99
391305
99
24222
99
48262
95
29763
99
594161
313471
99
99
422721
558618
321227
99
99
99
143389
99
36921
6709
37631
80410
60413
99
107744
99
99
204358
507778
99
99
99
99
99
124534
99
14089
453468
28172
99
150622
99
51997
501223
154307
99
99
42839
8057
8572
99
99
179366
99
57239
99
99
571753
99
99
99
99
220021
30734
128341
416435
572185
414365
248232
161985
170401
22318
99
99
99
1200
99
99
99
60826
99
99
16582
99
99
125934
275699
98
111433
99
189380
207782
99
99
99
82861
32945
99
99
27301
43374
99
99
224906
99
39480
71599
99
518605
163685
28772
22423
99
99
427870
59037
54543
99
462808
99
99
99
8844
131250
52441
99
99
80581
234909
193293
99
170335
102569
354185
311478
99
98
216479
99
99
92788
99
99
99
99
99
29060
16070
10777
99
99
99
182434
99
56326
98
502733
157743
66832
277019
159902
14725
82770
38591
206649
78788
314039
115756
85564
61232
61571
99
93426
99
99
29869
234382
32212
247067
247452
90
60097
517536
135440
26349
94
99
99
228477
99
327081
99
99
314710
99
211937
44297
176616
56949
276788
99
242611
99
489194
428764
99
99
99
99
17787
464988
95
285958
99
6715
99
304
30104
99
99
99
274901
3614
99
99
98
99
65696
76406
99
214034
251694
99
99
99
61828
199229
99
98
868
99
99
580190
99
91713
447387
86312
56715
99
99
99
75358
39267
250287
287661
192154
98
99
98
99
99
25017
99
53554
99
99
99
263426
99
99
99
99
99
207625
99
17827
99
99
99
98
329923
99
99
99
99
99
99
99
118473
422
99
99
40808
99
99
99
8483
99
99
66577
99
323609
99
333403
476857
99
4638
64169
95911
99
99
294204
163125
98
99
99
99
5801
433944
14779
234258
99
155735
99
336012
81493
248192
99
99
469613
99
99
99
99
256271
99852
40463
99
97957
43924
99
83987
178349
520401
115030
99
53261
71202
488669
99
21643
99
99
41592
99
203638
99
110199
233149
221151
64376
352547
307879
687
99
181272
73665
705
149458
99
99
160912
441854
127812
99
166974
99
99
110676
99
99
99
99
99
99
99
559958
153886
24442
99
99
48345
99
135061
99
99
99475
70235
99
99
7766
154672
263478
99
99
99
43279
31954
54819
129217
99
99
99
103622
99
33833
99
226887
135907
98
99
99
249132
216266
5859
99
33742
99
99
60689
98
99
99
99
98
99
191197
298218
95629
99
44335
98
99
99
99
99
188788
99
312471
99
99
99
11131
215377
99
99
105961
99
95984
391345
52672
31809
182619
14962
99
122931
4267
99
296897
99
99
99
99
98
51459
8007
27168
99
99
99
99
270775
64639
475734
28669
175966
97
179718
315300
99
99
139087
136833
194464
166320
99
219052
99
93401
99
99
99
99
172031
98
411819
99
103215
98
99
89
99
238508
105538
99
99
99
39115
99
142088
99
463039
316250
77582
28068
37428
99
99
99
99
212104
339690
195194
355132
233473
239769
99
3611
99
33294
99
8360
99
18307
17132
276525
546309
140148
230627
99
431411
39634
99
99
17009
99
271796
146447
164859
99
251894
99
207978
99
99
174240
99
1666
99
7885
99
105128
99
99
8492
99
240951
99
99
99
99
99
479345
185689
99
99
3883
156054
99
19190
99
99
99
99
225544
99
99
202955
99
212599
99
99
99
99
10455
2746
95439
99
10998
97
99
99
473190
75472
99
18091
22646
99
136583
99
97
335531
99
98
240235
63415
278606
99
487920
99
99
12795
102389
108991
406410
193785
152600
13442
314588
8482
99
99
99
99
99
18341
10385
24529
158588
99
99
99
99
99
99
280085
99
99
3787
367182
99
99
50534
4375
78612
81359
92
51190
99
312980
102354
99
45546
99
99
26215
99
183443
235552
99
99
99
97
99
159562
204035
13535
99
53111
209868
99
99
99
319816
99
98
98
584962
98
108262
408925
99
81981
99
99
99
958
139468
1215
369998
99
99
27512
97
290947
99
99
179971
99
64158
76751
99
113978
158749
175910
99
86012
134406
116798
24289
256551
24622
99
99
99
35522
165690
99
99
99
8884
99
99
99
99
198762
99
48853
98
140492
138905
13685
187616
99
16256
26459
99
99
39881
99
99
99
80324
99
14173
98
117484
30542
111212
99
235497
410608
507814
379394
46655
99
313557
27707
188392
99
99
99
99
203573
99
99
99
84706
183583
441274
99
450956
244708
99
99
99
205242
70708
99
99
99
399598
140022
99
25316
99
319602
353183
235645
275366
21006
24719
273151
99
99
96
262935
99
99
99
99
99
99
99
99
3987
99
99
154102
112582
99
307725
99
99
10060
68336
97
147169
99
99
192107
46369
204368
99
192536
99
99
246589
259534
300386
138
123346
350064
273479
192495
99
48278
99
283751
382112
46199
99
99
99
52752
99
99
3062
284834
99
159785
99
240383
102971
99
99
8974
99
99
10603
6483
121995
99
99
143830
99
76224
99
10926
99
99
99
480898
27734
279840
99
142551
99
18873
188692
99
99
99
99
141298
99
99
330557
99
99
99
4065
104013
66626
99
99
18428
99
99
99
99
99
99
99
99
99
99
99
207849
99
99
99
315645
36188
99
475783
102028
150710
99
99
99
460125
99
99
99
197878
93879
94
4092
99
9663
202724
99
99
175294
99
18173
462868
99
296416
336226
97824
143283
99
99
327192
99
33792
99
480019
57697
618605
154140
43184
229431
72356
12776
99
99
576
99
407681
316202
273720
5285
99
99
99
99
134035
99
178596
99
99
99
99
99
99
99
99
99
90
99
7430
163821
566065
209110
41569
99
75960
221128
99
99
170634
5983
305431
29129
99
40987
434903
99
78141
99
47814
99
99679
99
3694
378039
99
150181
91708
99
25042
178426
99
99
99
99
210043
17906
99
99
216770
99
68849
99
1468
175642
503254
99
121770
99
99
170270
99
99
99
108645
324837
99
301713
98
99
194235
307675
674
99
62056
99
99
76100
138281
99
376589
12976
96
67896
99
99
341551
4687
84966
99
99
390971
276407
15125
99
99
99
99
113220
135789
99
156167
99
15414
90667
99
135655
99
99
99
273272
99
85226
64187
58195
99
99
74302
184181
99
99
44718
99
209290
99
99
99
212857
99
129090
99
73639
178081
99
3642
97
99
99
31561
98
34291
99
99
98366
99
99
99
344499
99
329413
99
99
558533
18448
232729
99
176104
99
98
99
99
195078
99
99
50957
99
42143
269435
99
271669
359092
99
145313
99
99
97
383698
85793
137816
99
77829
7887
205064
99
99
102933
98
176049
185109
99
2284
97
99
99
342319
70503
4042
97
58722
99
99
247950
99
84135
65103
98
350302
99
7504
99
99
146004
99
213413
99
99
99
89
99
68293
99
99
27940
99
71798
364564
185379
118010
208565
211534
37095
158368
99
60169
99
431029
99
133008
43147
99
99
99
31329
13283
8508
99
100412
168140
99
66885
99
87792
286811
99
99
99
99
26943
23119
99
99
99
405689
99
120196
128783
533339
30598
99
323546
44675
99
99
38961
443792
99
209398
99
99
69449
99
128686
99
41874
408406
6058
99
99
384504
98
99
99
413828
99
99
132281
23525
99
99
99
37689
99
99
26010
99
3723
28126
26751
99
148598
99
88257
181580
99
99
99
99
99
122050
99
159587
520806
244429
99
99
99
18788
41154
99
326614
99
98
385660
99
99
99
99
179766
34158
85284
99
586325
99
224178
215763
99
99
99
397247
99
196905
99
99
96917
99
99
99
99
332581
104645
34117
302877
68588
99
221805
84416
270367
519654
84476
99
90925
58
97
99
99
475365
65357
99
36321
25772
25511
149681
50714
99
99
99
99
99
94
99
99
99
23419
99
4940
44397
99
99
493360
9182
99
204306
6593
93475
99
99
99
99
106779
99
509927
99
99
64997
99
127616
99
99
98
39484
434172
97512
99
291012
99
99
99
397417
146934
358426
21083
283690
99
370596
142525
99
99
5207
121160
96
448635
224164
99
352752
97
99
61192
99375
262539
70676
92088
201570
99
175111
99
99
99
391865
20940
100362
99
99
99
384425
109627
65769
99
99
99
99
99
42748
99
99
410321
99
99
99
28564
99
99
365067
232088
99
99
99
24483
99
97
99
99
69397
17530
101022
29780
441035
99
293032
99
525302
99
99
99
14783
99
99
294987
225492
99
159915
62392
99
99
99
99
99
99
322248
268884
99
99
99
197685
211389
82258
99
99
99
99
99
99
132893
473816
99
211054
99
287860
73436
282771
170817
99
34876
321168
157273
165579
99
381608
99
444034
83691
99
99
99
202805
99
99
99
42539
8008
99
99
59493
99
85454
99
99
99
10765
131618
202569
28485
13679
99
429748
57631
99
99
99
99
99
99
44428
46562
99
99
10320
99
91933
126686
99
99
131149
13083
100
99
54841
99
99
99
99
99
99
99
203871
98
10599
93
99
99
99
396532
99
150412
99
99
99
231403
232505
99
99
53510
9465
99
293779
262320
24805
367633
66235
99
99
99
385262
63495
99
99
99
99
99
98
388
43866
99
384597
99
99
99
6410
99
99
99
99
98
545139
481756
80972
99
194133
99
70954
299815
87321
272721
99
99
29820
99
149063
38196
38864
99
104884
119542
62360
99
99
99
67894
48712
515829
99
99
237726
99
391075
154699
99
99
138026
99
22774
167912
34179
110325
99
99
99
25466
89247
18775
99
99
43183
177043
99
99
99
99
99
99
5976
39412
99
99
300916
261559
231300
99
99
99
99
99
99
361677
99
458397
99
99
99
99
146124
99
99
99
99
99
332180
99
139764
99
607666
99
99
99
99
459152
99
48154
486540
259204
13688
99
99
99
226444
482842
99
90216
175475
99
121076
269755
88050
68864
14216
59820
63497
99
255360
198006
99
99
190130
234906
99
99
99
492083
99
99
99
99
12248
123524
99
59897
171620
99
99
99
98
88112
99
99
99
99
99
99
99
99
87507
21625
457888
99
112188
223
119465
28269
488257
149062
99
499061
274681
15166
99
99
340054
99
139475
474839
99
122345
5220
17050
381768
99
99
95
225809
29250
393028
99
99
508599
214559
99
556711
73647
99
59
99
99
87
36649
27217
99
99
190801
99
99
103892
109430
99
246635
343409
281668
99
329120
316681
99
99
99
99
257858
75089
99
99
136630
99
99
99
301732
99
64826
386494
99
99
196870
99
99
99
361317
99
99
99
99
99
99
155016
206447
250180
99
94
99
99
37174
32538
99
99
232074
99
99
217653
185454
99
99
99
99
99
99
99
99
120844
51431
51562
127478
99
99
99
71863
206642
140245
212179
68690
99
99
99
41260
124008
97
98
99
39892
98
99
22936
78155
98490
53815
93593
99
99
466953
65736
116942
