99
553741
4213
67978
99
135858
99
99
99
18389
99
513678
99
279095
100297
99
8997
99
53160
98
99
123894
89990
99
99
99
99
53456
446143
99
46848
349032
266443
9565
12755
99
201769
99
99
13340
99
99
202104
21364
99
99
383422
390166
18449
134544
147639
184699
99
74955
99
245270
491743
99
10516
113411
347005
99
99
193047
56355
271881
99
11644
99
99
99
120443
99
44160
76049
58132
578641
99
99
99
81
99
99
409963
83474
24962
99
99
99
99
42068
2152
257071
135380
90779
99
168520
99
149856
296313
159176
99
99
99
182297
99
99
70820
99
134073
99
99
99
99
289144
343459
279381
70797
99
99
155690
99
90269
99
149258
33545
50194
89722
235519
103348
125363
305137
99
212781
161673
94
99
99
135783
99
99
99
99
99
99
99
99
99
289214
99
99
545383
99
35816
237291
99
99
99
71366
55289
99
99
98
156423
112951
99
7408
228874
99
99
49665
99
29988
180192
99
254339
99
114015
37130
99
47182
317801
99
41969
99
336848
99
29434
99
99
99
419774
138847
49525
99
99
380144
99
99
99
99
291066
99
378148
13334
99
149574
99
99
99
99
99
99
30902
99
66652
62969
99
153715
36660
99
99
81304
99
468757
99
99
303397
99
24615
48829
279702
99
99
438310
240853
19067
168328
276780
99
99
99
60108
115595
226681
99
99
99
99
277207
99
99
356955
99
354140
219036
48937
99
99
99
455747
99
99
99
99
99
17771
99
132850
49893
55016
99
99
99
99
309572
99
165624
368906
99
99
99
99
99
11637
99
144592
99
230041
99
99
79219
112348
99
328941
255713
26342
141424
295077
13678
59739
99
553507
99
99
74074
176414
99
229832
99
99
75716
419308
99
109394
99
10898
99
232231
99
99
99
99
99
99
99
75696
57273
99
94
6167
99
99
99
99
166169
99
368065
99
50362
99
99
134641
220177
453188
99
87788
99
62051
13105
99
99
69445
99
52673
23941
99
99
99
99
170399
451252
189584
99
22046
99
99
46
278869
73057
13231
99
161573
99
99
99
266381
155355
244998
99
99
200718
409622
533105
99
99
105174
97
99
132433
99
99
27866
99
99
135868
99
99
181289
218969
99
99
523368
99
99
99
99
99
352473
97
108709
197995
240838
204395
309025
47357
99
168361
99
70632
99
89694
99
99
29959
434637
37586
792
99
20643
73148
210318
394201
99
76356
99
18405
38497
99
28735
110561
99
99
99
99
386449
99
99
181589
122582
99
99
99
56229
116242
324834
366613
99
99
99
99
258938
99
325403
99
32438
99
456126
174015
236635
258436
99
356
99
27634
99
99
99
17555
478048
98614
99
31190
19598
24750
175815
216547
101029
336396
99
12450
99
99
162242
99
98
99
28283
99
99
177481
99
214597
60534
991
99
187125
121418
359695
304034
1426
99
235783
122388
99
99
259664
99
99
176373
99
99
99
100431
70
99
99
99
232559
189173
538874
98
245295
99
128528
99
1934
252784
99
300552
25496
347100
99
339427
99
279017
41893
43873
98058
99
99
99
35713
46080
99
26645
106135
99
260885
322291
33723
113885
17680
26699
99
4696
99
99
4563
35867
98
140833
20649
99
99
162297
99
19042
2383
36185
9991
99
408498
44409
374914
130724
80
263294
79492
53445
99
99
99
99
99
83690
90532
99
99
99
57447
99
99
99
93262
99
99
99
97
143734
22207
176368
99
110445
99
171384
99
104832
99
99
99
165712
4993
6574
99
271472
295033
99
240815
26713
61318
99
259632
217349
99
178309
99
327781
218681
99
97
140571
99
99
70226
99
44134
294024
99
99
99
99
106833
196686
99
99
192415
25821
99
99
99
529001
264440
99
99
49055
99
31689
381546
99
431260
169987
99
99
99
102927
125751
99
97
99
99
99
194659
334167
28392
99
99
268810
56211
99
99
99
58733
98
99
99
99
118245
99
65471
45
99
99
99
483117
163212
338391
99
99
92828
61828
99
99
99
208837
96
21466
99
99
189093
98340
99
10151
99
356721
386113
99
212830
481442
409682
112169
99
303592
99
295141
99
84282
43943
99
99
99
437756
187550
319798
388073
99
99
97
99
99
325504
12488
86812
260491
99
138463
313509
99
105081
430253
99
20674
348863
67491
99
99
99
99
439232
99
99
99
14555
99
99
99
176068
99
387651
99
99
99
125787
16484
99
99
99
99
71739
99
99
124947
99
48171
99
99
108004
88297
99
25515
99
273776
99
99
18479
33495
99
455822
99
316162
99
151994
49798
99
560042
494926
242895
99
99
336599
99
45582
99929
99
29392
99
415291
384621
98
580290
98
99
316559
99
99
21610
99
99
99
181745
75568
99
93245
99
25470
97
99
99
99
99
188552
99
99
99
464683
20794
99
301814
99
99
99
3522
286734
43793
307252
99
99
99
99
234128
320063
4714
99
99
3535
31969
45880
99
433875
4828
99
119417
99
99
99
96641
225186
41576
99
99
277660
52640
99
99
99
99
413840
109721
431708
99
14963
99
4253
146120
314875
511006
103590
99
161194
244111
69445
98
99
21533
276196
440943
99
357
10523
55958
99
99
76116
99
99
77035
226422
14199
99
99
256090
117250
59973
8029
21508
376910
99
58437
99
99
57338
99
99
98357
99
99
95338
99
65188
4910
99
99
99
137919
99
145466
99
99
99
5024
51901
92037
208313
181145
99
132351
99
99
99
96042
99
164854
407797
92087
226264
85587
216387
99
473815
174084
75448
193192
67498
79550
246057
43069
13631
99
99
99
361008
130690
99
202736
1988
99
99
26077
99
137695
266046
136446
205870
99
99
99
99
99
49330
205367
564063
99
99
99
99
505884
30894
96
102140
5787
58
99
59037
99
98
99
359550
164915
99
99
99
290939
99
173925
46855
237978
257146
99
99
47657
105023
331730
99
265844
225
99
144530
99
80701
99
99
99
190021
101606
99
99
102905
99
99
99
44076
59406
58661
25823
185166
99
99
241910
116400
41772
182512
243380
295344
217471
99
99
544944
2075
99
99
87423
215844
99
99
99
99
491438
336291
445244
99
8015
455814
99
99
99
99
47853
99
99
99
29099
99
99
99
90731
163790
51725
96931
99
33981
99
77282
99
68214
126112
151029
18180
99
109502
99
99
113775
99
99
99
99
31825
206362
28144
99
72820
331953
99
99
272630
99
99
292642
74646
98
99
131128
325062
148350
99
99
99
99
99
549241
106205
72496
38190
99
99
401452
99
190622
99
981
83841
99
496281
6031
95771
99
99
24248
99
92
267553
99
99
10709
102089
24221
81876
99
99
236239
99
103825
358590
99
7004
99
99
99
77768
81394
50690
47633
52858
99
99
52237
99
99
63577
220165
516908
373352
96
18742
99
99
99
385562
99
99
275122
99
287238
84715
57458
301596
60909
248613
28055
7271
99
351171
247312
99
41375
99
99
1825
99
99
130927
6583
99
99
42481
193963
1989
292264
22710
99
99
223112
99
99
99
97
226493
99
5804
2452
99
60535
99
71797
98
93418
182993
99
10735
432545
298512
249934
259801
138032
579946
5470
99
99
258878
319343
6160
99
330748
134015
37008
292830
187233
99
64989
99
98195
28889
99
219910
9524
99
52650
173643
114773
177975
99
99
220003
35434
130792
55022
99
123011
33801
99
342215
99
99
460179
10912
23356
70587
118336
99
99
31515
37911
56316
50543
819
99
99
99
99
99
99
99
99
6995
99
84234
140451
279992
28668
99
86420
9944
99
99
99
99
479171
8029
99
225439
99
99
99
99
22559
280175
61638
99
99
99
64331
15324
99
99
99
140764
99
99
186216
99
12068
99
69168
99
99
99
175231
56931
40112
99
436849
146229
99
99
182065
70511
99
99
29167
99
178612
99
173359
89798
386958
99
113206
99
241665
99
152478
99
270456
99
43632
99
99
99
99
95197
99
99
99
198566
123263
32068
99
58969
115486
273011
99
99
398992
99
99
99
47135
346059
3590
99
100958
99
96
63736
99
99
99
99929
98
99
99
99
88801
11985
106381
217316
106890
99
313450
313538
68396
40276
55984
160836
123624
85969
99
8161
99
287483
99
33994
99
99
99
99
99
99
467856
99
99
6488
87319
99
99
99
99
525375
99
99
217081
544898
99
99
99
30364
28877
99
99
99
29395
99
99
48904
82453
285767
99
48386
2472
393882
1052
99
302109
99
15899
149681
99
99
31720
99
99
99
99
310871
99
37725
99
99
182944
406002
27995
99
99
99
99
68010
99
285055
99
4694
99
99
395972
196199
124187
99
99
99
99
99
447833
99
99
254817
99
56653
4709
225025
99
95858
9873
25277
99
99
99
99
96906
99
14974
99
131637
99
99
99
99
99
317230
63369
99
252427
99
52019
99
72886
99
95775
27359
99
99
29527
99
99
99
99
99
29491
61142
99
31262
99
182107
97
99
99
236420
99
172502
87571
62144
257805
5080
8994
99
173884
99
99
29961
63
288246
319230
98130
20102
30329
20454
302681
99
637
99
99
99
978
102862
6395
230411
99
99
99
99
99
99
149781
99
190723
17379
391573
151534
99
99
48623
12697
2959
99
99
99
478145
26168
48219
99
99
113790
10079
99
268644
190127
19842
99
3769
198127
46663
99
224926
222411
231393
185850
99
99
318844
57555
99
99
13352
99
201978
377940
99
17001
337537
67691
99
316326
99
235681
99
99
2995
255290
78993
30908
99
99
99
99
99
99
99
99
99
38092
60693
99
36462
17981
40915
19247
493938
55281
99
99
99
48348
72178
99
71543
318318
99
99
99
99
12271
161805
13586
369462
84421
147539
61198
63557
108583
416677
99
217883
38890
99
99
227649
99
99
330604
409908
99
53368
195022
83117
99
99
99
81221
82920
6920
99
99
129954
99
279786
99
99
99
99
99
97
4251
260293
108505
99
41422
99
99
99
99
49255
99
98
99
57903
6208
24421
99
216303
99
99
99
99
99
99
18125
99
49652
170796
36759
146966
53988
446824
313536
17834
336751
32937
98
99
162326
116002
12307
99
99
391962
99
99
103772
182107
196423
10385
99
187821
426008
219024
99
45794
99
99
99
414566
99
280953
99
99
341460
125147
99
99
99
86334
99
19067
139607
99
99
99
53865
3966
336935
99
99
30417
99
32899
99
99
17624
99
99
99
24936
36841
99
99
234281
99
9132
203247
99
99
99
99
494808
99
99
12745
99
155334
340304
99
99
64598
11232
99
56329
64323
99
6825
99
99
99
99
248532
99
186892
386357
99
145885
99
11946
99
99
96283
25037
419479
2162
309293
99
46084
55017
99
423452
16235
164377
22578
99
99
99
247126
36206
99
68006
122128
99
99
102071
99
27910
99
59751
99
99
120967
568759
99
70736
289024
80460
24238
99
92
212982
99
99
99
99
37382
31616
5112
99
99
535486
23507
304880
99
99
99
99
99
99
99
130856
99
96
174247
281123
199328
404860
138931
99
184330
99
142535
265320
303234
66565
24703
34328
285576
212648
96
99
99
99
99
99
61301
225461
101264
98619
99
99
99
99
99
32788
99
99
99
4923
31223
115663
270811
99
99
166511
81987
99
99
99
99
283786
48049
99
35567
75033
128133
99
53552
34766
99
62280
158016
82969
99
107923
99
63404
256933
99
99
99
14832
373828
23534
99
99
348128
99
99
99
99
151020
99
36202
46607
19165
99
357518
407181
99
99
287225
142099
99
99
99
99
476802
99
99
94088
99
3696
539438
99
99
99
450950
170616
283254
67542
99
99
50252
493540
382
71037
99
76530
99
99
250445
131663
177583
226367
150053
306251
99
35148
99
441167
99
99
64320
99
53900
55324
99
95661
99
105955
4555
99
99
99
99
234466
1740
99
99
99543
304946
99
454106
99
99
98
23531
67660
99
38745
94
233246
295480
373084
43195
148572
286202
99
2862
99
6240
78900
7479
99
390511
147674
99
99
60057
217912
99
99
99
379155
99
99
99
106245
99
99
99
99
99
99
99
99
184167
111608
99
128841
687
99
99
23944
99
252641
99
99
99
236764
99
99
99
194952
283624
99
99
99
99
99
99
99
99
99
99
99
99
389640
99
99
13944
147645
99
17392
165656
99
99
99
36386
529079
99
185701
50997
83386
99
99
99
99
99
49197
9489
99
99
99
99
99
104522
112599
424441
99
99
63382
149661
99
138206
99
122895
356984
26789
99
259170
198254
155608
39164
99
418010
99
99
326466
346952
99
247580
155931
99
99
99
83528
13271
99
46423
240360
99
99
429713
99
99
92966
99
99
84402
99
99
99
68407
99
95577
99
99
99
384816
111535
99
99
171999
4125
99
23771
304077
89415
99
99
334056
205846
53475
13684
99
145021
165926
46268
99
99
99
367956
99
99
99
99
258387
15750
305107
99
127787
99
291531
99
194039
99
99
225102
112340
32768
339301
99
265726
99
99
146836
200169
99
261555
143018
45972
171257
47692
137616
99
99
99
99
99
99
309387
99
199423
99
99
243162
84046
374376
127449
99
220929
293753
99
99
99
101357
54983
65315
340675
39254
169552
99
367183
99
47358
31312
99
236803
428473
99
101688
116696
99
99
67072
65376
99
34279
22102
99
265036
99
99
99
99
99
99
363692
99
99
12067
99
99
99
99
99
99
99
62710
99
99
99
99
112266
99
81674
98
99
325972
31217
99
231671
99
121935
99
43287
99
430097
286752
25647
99
123390
99
99
99
99
99
99
99
99
99
405040
109571
99
99
263037
99
99
100617
99
139664
99
99
192806
99
73133
315243
99
99
108735
99
47385
157736
99
99
140948
476571
99
599556
14003
6554
299714
86387
334735
56798
144674
99
99
73595
99
491788
121342
430464
313679
99
134946
99
99
99
98
134606
342101
36727
99
32446
99
168538
99
99
542816
99
99
96
574
99
99
99
99
99
99
99
223061
99
99
38752
99
96
99
19466
34510
99
26700
99
228766
99
99
99
99
269082
99
99
161263
99
143779
99
99
113427
36652
181674
1296
99
99
54988
99
99
5038
99
232873
125072
99
99
96
53677
50350
315291
134356
99
99
99
99
98
44797
171109
212824
94
99
371437
99
99
4558
143458
99
44675
156332
434501
99
99
46136
120339
99
109786
99
15288
99
99
99
12081
78
99
54733
99
259013
99
1759
99
99
33422
22373
99
400787
99
457521
99
199568
394367
87718
99
99
110461
110789
557459
97302
48770
99
99
99
508286
169706
99
28977
99
44657
70657
269941
99
159180
43028
99
37657
163634
47010
363028
40802
124991
40240
99
17189
142225
98
99
99
99
1039
48542
1621
406181
379771
15495
241970
98
99
99
1560
12256
99
252936
141181
347265
250175
1210
2004
99
210574
99
77340
99
99
99
402071
209180
507821
320963
99
99
71108
99
193041
99
527244
99
50323
23557
99
189129
214133
221883
53619
99
99
365542
39714
24985
99
99
99
99
122984
99
99
31586
13000
99
162210
99
99
23216
99
99
156868
123847
99
99
348158
99
396084
304351
84621
274984
68838
6472
99
99
99
99
99
20504
99
99
99
99
99
35422
276354
99
99
98
99
9319
36796
99
99
99
99
99
99
99
41068
99
26862
99
197253
99
99
109777
99
8567
99
24534
99
67375
83726
113813
505845
145162
99
98350
99
99
29142
287580
336298
99
99
99
95985
99
99
44941
45356
99
99
99
99
125591
423000
99
99
185115
99
359374
70679
99
15302
99
99
99
99
99
99
341916
50238
78114
178399
140198
99
99
99
126017
28132
99
99
99
99
99
213238
99
99
99
99
6527
99
88319
99
306235
17121
589820
46247
132010
99
394820
99
99
99
98
247321
112681
99
99
164654
99
184411
53364
289681
99
87
18837
162692
232061
48977
170888
99
91136
220701
17154
72447
99
99
190343
276185
99
147021
139118
99
72544
71413
99
99
123085
99
99
454114
4428
6218
118833
35977
99
99
99
89422
274411
99
99
225057
98
3257
99
99
32730
99
99
20280
96
195767
99
94545
220324
51945
50002
99
99
99
81419
6464
152721
500046
511005
99
99
141277
517492
99
76203
99
99
99
99
228007
281818
99
99
99
98
99
99
99
402726
355171
99
141933
99
98
167413
248810
99
99
71867
8984
99
99
99
103709
113602
1764
99
40489
7515
56175
99
26607
99
99
99
99
99
99
10909
418641
106767
2957
73590
44344
67809
232103
15842
59157
99
99
295271
99
99
10140
51766
99
99
99
99
99
98746
257146
99
99
49625
99
355340
5957
98844
597898
99
46903
170126
34905
38944
3295
136646
1122
165605
413483
99
315748
188284
347882
454381
249040
99
169173
99
76141
116010
349107
99
215297
99
99
153158
168160
210929
99
50268
72455
504052
99
136293
16127
59877
98
99
99
99
281135
99
99
99
99
99
99
66535
125625
99
262862
139710
99
570163
99
102110
337143
453962
71875
30536
269298
99
99
99
99
99
170747
509606
98
19169
99
99
244423
97
99
154906
190396
395330
97
317620
39100
403153
99
99
151117
1686
99
99
99
99588
1480
12136
201661
53352
99
92
45275
218304
275404
130000
280148
5390
99
99
12058
113816
99
425812
259009
123329
99
269405
99
311601
97
99
99
8260
99
69546
98
285214
99
99
172786
99
298454
99
15572
99
99
82052
203088
99
99
99
99
99
439010
322901
99
318753
99
29018
36886
67227
27954
99
238247
99
99
99
115977
99
86490
2871
99
99
2672
99
60711
99
3570
97
37374
99
303434
99
99
35259
142963
99
187198
95063
156024
99
99
99
64010
99
99
99
48225
99
99
99
99
99
582492
99
99
99
194637
99
99
99
99
99
99
99
99
48681
99
313927
39560
77
139635
65230
32708
99
99
99
6317
71
18351
98
321170
8939
74506
99
96
205280
99
231084
397468
99
42991
398894
99
99
99
99
131445
99
94
99
99
113689
361408
99
99
81451
99
99
9499
232139
234820
99
477160
108073
99
28422
50145
551016
99
99
62477
99
99
99
19514
126219
99
261079
97
36094
18289
243782
99
99
94955
74464
99
192249
500810
99
151657
99
225954
337694
99
99
99
99
184226
121445
99
588533
99
192538
373489
121743
99
94299
99
85458
228472
146924
85535
99
34847
378623
183787
132814
98
99
99
13696
99
28964
99
154787
99
175575
6201
44312
99
99
99
99
206605
223762
99
320381
964
53225
189843
66887
99
20185
272429
74874
126289
9719
3905
150238
76627
99
388850
12134
99
405251
99
215118
99
99
99
99
99
99
99
99
35436
84233
99
99
199710
99
201358
239516
341611
99
9516
98894
179857
99
2757
130223
216563
59400
99
99
99
99
64974
99
99
99
94889
103639
51730
99
102468
99
99
99
237129
125084
111937
99
117295
106499
99
31349
337856
13845
181804
53300
99
99
99
99
63381
99
99
99
245694
292320
87208
152476
99
92644
99
160884
156333
99
287633
24687
99
76292
99
99
99
146628
81715
99
47474
99
99
186907
99
99
99
99
99
99
99
99
145452
58875
99
99
88664
22736
72682
293550
365520
99
174248
15223
291030
99
18999
99
99
99
26654
99
10033
99
99
99
1710
99
99
75171
38870
99
388285
99
105281
99
26705
99
269022
99
99
99
99
99
383341
26989
99
481613
68420
99
317403
98
443183
99
444009
99
94285
953
225317
99
145456
99
22479
118248
99
99
129684
99
99
493048
15474
164761
99
99
99
99
15067
370065
73597
584039
99
99
99
156532
99
99
351023
285801
99
155634
99
158216
78397
183767
99
255500
91556
98177
208241
239500
99
99
304049
99
17718
99
99
51637
53053
99
132813
99
99
99
473145
37560
99
56436
99
142562
278398
99
418464
99
146828
99
93098
99
99
99
136886
99
44053
96573
99
16328
147477
99
419387
393279
213182
99
99
10547
99
99
14109
70590
99
99
96
266683
123180
99
534888
99
99
100908
56415
5024
99
99
99
99
285209
99
99
319352
14609
99
40591
236149
99
99
99
212113
99
30014
305852
99
31949
99
135559
458620
189030
99
200833
99
99
25314
99
99
99
99
99
97
1618
99
80473
65205
437896
24143
333627
99
44275
89129
236754
99
99
99
45364
99
222940
99
99
99
191296
99
205796
99
6801
174958
124477
79339
99
98
95
36
240154
99
99
99
156578
155853
99
487656
13491
99
99
99
98
323496
23018
118521
99
137613
364155
337399
74162
285416
170344
25411
99
99
61578
67028
20109
99
138692
113590
386467
99
99
40090
99
104043
77634
45333
99
322551
12703
260100
18819
99
99
99
99
99
136059
91704
99
288706
13843
176697
28943
99
99
225227
99
130354
99
385605
99
99
139944
99
172716
98
177010
99
99
465592
321090
213935
99
99
99
99
52758
99
99
70700
23710
136331
62475
341007
99
99
81282
167521
134716
99
301805
98
99
200857
99
35112
99
99
99
41775
99
309425
99
99
343626
84899
104101
99
99
99
136316
393709
99
74274
421046
82489
99
99
20983
164997
99
99
183490
99
99
99
99
99
141607
61593
99
23773
99
271843
201730
96
9595
325766
99
259668
447668
99
350394
447502
99
202843
99
99
99
99
99
99
99
19160
235854
99
99
99
99
266597
99
237941
99
99
37556
99
99
99
9729
99
18867
99
80256
155277
99
48329
99
99
53586
68763
56849
99
99
99
171738
99
25377
99
99
99
99
103068
99
99
151778
149639
96617
106144
53928
99
99
12737
99
140194
46450
210661
99
135966
99
138614
105798
26093
99
99
4937
99
330115
99
99
99
160796
95
99
23831
99
99
323600
99
202723
18242
98743
99
99
2423
99
414362
99
99
88931
99
99
258091
278517
98766
88811
99
99
99
445985
99
99
106720
99
17181
99
292638
221651
54742
71762
15904
99
99
249065
37024
490349
86244
343297
99
99
188483
25707
99
99
99
99
99
99
99
254909
99
63512
143653
99
210004
99
143648
363013
380769
327748
300497
501757
99
99
99
10164
99
490700
99
99
51549
452971
5553
30214
99
98
98
307370
99
115359
44932
99
189116
99
99
367719
225147
99
99
32877
99
99
7569
99
387817
99
407987
158341
99
48245
99
209742
99
124904
99
99
586735
99
98
201066
99
99
99
279212
99
99
155067
31148
99
111770
57510
11031
99
99
206564
99
42466
99
30909
99
89610
33767
99
99
99
133291
112004
41294
5544
259387
99
80895
99
66722
99
99
272051
99
154750
33442
99
99
45319
253795
99
98
70499
348394
99
117668
99
99
44206
285181
99
99
99
99
99
314584
99
119189
10095
99
21297
99
99
534896
37696
153703
49854
99
99
372711
65789
99
99
99
99
99
131975
99
99
11312
408419
273810
99
342850
53453
1225
99
99
70
99
99
29363
99
62735
18031
99
197748
99
99
99
122249
99
99
99
99
99
284544
99
285257
190083
89503
16825
18312
77420
99
99
99
503057
161795
98
257892
174678
81043
131255
99
35558
20842
66920
99
43798
99
1288
99
38221
99
30296
99
99
99
99
57760
547286
24317
549666
99
55343
267351
12799
81861
491876
1140
99
99
235591
349519
324037
5472
12140
71704
99
347396
347307
99
69928
99
99
99
99
432777
408940
405228
99
99
74559
179648
99
77316
14445
6823
99
8389
99
65029
99
99929
350218
99
99
162584
10254
99
42893
85399
359636
99
75957
390042
99
59085
71620
270306
306095
99
99
191330
99
93958
42881
9252
117976
99
263550
99
311509
53077
342526
99
182
25967
317072
7995
61557
21130
99
18878
132234
99
99
99
25979
114590
99
99
99
99
99
15553
243946
99
304187
99
55178
27343
99
27470
99
98
73138
99
99
99
99
99
99
725
556073
99
99
99
99
58427
99
99
99
279685
453492
99
99
99
99
417035
208186
270571
11130
209307
99
99
99
99
99
332400
99
2918
99
99
19686
72049
7137
217753
125036
99
99
99
17
99
4742
99
99
99
69762
44783
99
39870
99
99
99
417418
99
99
99
99
105568
527454
99
44815
99
517995
99
99
99
4636
99
327679
99
99
75958
99
99
7770
7202
99
99
99
85469
99
99
99
99
99
99
99
99
99
99
72030
99
99
351110
362954
447952
99
99
99
17689
99
99
279321
21166
99
417470
99
129852
99
74806
99
98
160487
143692
467278
99
99
99
99
99
99
103830
41823
93431
99
99
99
117453
99
60755
149996
99
293795
99
99
99
99
99
99
229064
194476
99
99
113945
52564
99
491037
36676
99
99
99
99
99
99
24030
99
38462
40171
240458
99
99
93539
99
99
99
99
32869
83141
496586
99
99
306716
314211
99
43320
74286
99
50345
1622
151863
221252
377338
99
99
97
51012
99
140537
99
297428
99
180528
99
139058
99
211014
99
150000
99
99
338637
99
99
133085
73552
24252
99
125649
106880
16337
99
26863
230722
108185
8470
548968
99
46985
99
177362
99
99
135419
152886
58236
283670
124670
99
99
99
99
1319
40186
99
53828
99
351323
99
168069
99
99
518240
229657
99
137575
99
3410
279532
99
99
136316
284609
98
26217
99
24548
236230
99
146035
400323
99
99
15229
99
7465
146186
99
99
179394
535218
99
99
58210
1192
99
99
99
1079
96
348989
99
212412
52951
148377
99
99
245150
99
99
18860
186875
99
99
52981
99
161173
99
32684
99
83146
99
64132
99
312882
99
99
99
99
63982
64191
3828
312957
4422
99
99
99
99
99
99
380011
99
44588
99
556858
99
99
178984
267280
99
99
99
41728
96
99
29798
1837
99
99
186488
168324
99
4659
99
2174
413056
118730
99
99
86842
99
65353
367961
429986
99
194052
99
122542
55322
185736
125351
340286
70048
99
204664
99
85443
105266
99
99
99
337425
18548
99
10210
99
99
7822
99
228875
109397
273514
52693
112608
286386
346995
98
441463
99
184812
618940
212670
99
53281
138177
116229
97
6013
99
99
270628
99
8554
99
99
352215
99
99
99
99
99
55574
179896
99
99
595
149321
63716
194074
99
15529
99
99
110364
99
99
99
133383
99
99
2960
235114
300356
1139
289763
99
6383
99
99
124042
5160
89949
99
146413
99
99
161385
99
99
388990
99
431572
99
302190
3984
99
17655
8053
99
99
99
99
99
18496
97468
95011
99
237002
114517
99
99
151946
99
99
107742
99
345033
65605
96
70236
99
368916
318798
99
36603
99
199851
99
99
296541
24315
99
2954
10820
406717
29685
33657
99
99
344277
99
99
99
99
99
99
99
424042
337471
115993
99
99
99
99
99
99
99
11058
188536
99
343882
210434
99
99
99
158220
99
201820
99
75110
99
99
153370
99
112369
134105
2292
192663
99
547953
99
99
110548
99
54969
99
403812
99
99
99
270934
28886
99
122840
99
87545
3008
2785
99
99
99
114983
216647
99
262475
382201
99
99
400970
96
39910
99
437852
99
99
146021
81610
9050
53334
39755
160920
244819
99
113310
99
99
99
62986
99
235266
133524
171053
142447
99
96
99
99
239627
99
99
99
11910
52144
33056
97
321989
99
99
283508
220376
43772
99
14306
99
99
99
366600
99
98
467758
289099
99
99
24089
228983
109861
55335
401888
244397
99
99
99
277029
179554
43806
99
99
99
11381
262334
99
99
99
99
171545
90130
56116
99
99
87
371395
99
99
47834
99
99
430558
114397
99
99
99
515535
586509
99
99
99
235311
99
99
231086
99
121816
954
99
436444
276363
189686
463114
99
148530
99
99
99
147948
27206
163459
391434
96
242719
99
234819
181037
99
99
13940
99
99
99
132150
209088
53392
223603
99
523348
305844
99
99
121001
99
99
412796
3690
29613
99
99
312102
144034
99
99
90790
99
347951
38411
99
358281
82705
99
8928
99
99
89262
99
31735
186381
99
99
99
287559
99
99
99
99
155293
110267
99
147060
99
122344
282523
99
301551
16923
96836
9046
99
125620
99
271220
99
99
118367
441523
20735
99
99
99
80874
99
99
150953
99
99
144890
99
99
99
400038
28204
256409
99
99
2043
434386
95
99
99
18732
526408
96
460136
249168
92
99
99
70493
39450
99
97
178396
190559
92
99
99
30628
99
23765
62608
66821
26794
59399
99
99
99
78005
293261
99
66514
53434
99
99
99
558025
99
99
99
99
136092
99
99
99
99
349630
99
99
99
18308
99
40299
283873
99
335194
99
60057
99
99
56679
99
99
386458
99
349723
99
13018
99
99
99
153131
99
99
99
99
99
281885
351183
99
175840
364176
263424
99
25804
112524
99
99
99
26278
18375
99
69615
99
188179
319539
99
261090
88762
323908
99
155823
203053
99
108943
523572
98
61445
99
99
246956
253371
99
729
99
99
374046
101046
99
264291
112398
99
99
240437
19546
99
99
94
297071
91356
109247
34633
99
99
186864
99
99
99
99
99
99
117179
99
61012
231123
99
103495
99
99
99
253385
99
455979
225260
99
218168
162333
99
99
115469
99
97581
99
300780
99
86969
99
96
49469
219777
99
145542
44661
63373
299220
357285
99
98
99
97126
308921
335047
63647
7464
356482
40102
326526
9430
99
215155
99
109423
229184
49758
99
99
99
99
99
99
99
99
328394
415986
99
92453
150286
65140
99
182668
29456
266982
99
79208
99
5987
87087
2491
312014
39787
99
99
99
20512
99
214790
99
99
89048
47798
149304
117655
99
98207
74159
99
41289
201097
99
99
99
336219
93145
99
99
423750
99
210561
99
99
54379
213223
397822
7980
382303
94
99
99
53876
99
255890
99
99
644
99
99
99
99
99
99
209368
99
15296
99
99
99
85
41697
99
99
99
29063
99
99
227384
437211
99
99
99
99
95898
472788
150407
99
99
30897
99
99
99
99
99
99
99
99
260902
116038
99
493558
54423
113090
324026
99
99
99
99
99
99
99
13938
217826
44232
40842
140090
22049
56890
99
310917
99
99
99
99
99
99
99
94646
66827
99
99
99
99
99
15499
99
177049
397617
99
439328
99
459080
112853
99
63214
387783
143519
248323
99
3498
167504
384502
66863
32000
47092
323891
56416
122054
99
220748
99
99
99
99
99
43543
99
277
99
429769
99
99
2569
99
99
21058
338694
99
99
99
27629
99
192327
49572
63784
99
99
99
102012
136123
99
99
99
99
118696
113494
99
99
191717
521534
37476
99
61825
225689
99
162431
199899
99
99
13928
51491
22820
99
99
162527
99
99
99
99
21500
99
158613
99
99
99
96
99
496011
355225
99
177750
99
471607
99
99
16669
99
99
99
223770
163624
99
37795
333676
99
99
470236
127741
99
24539
99
13194
99
99
99
27277
99
99
14821
105736
99
99
99
99
99
99
98
329611
392725
99
99
34521
99
193
4476
390862
99
99
95003
99
3640
177566
99
292982
99
99
99
99
81798
99
57407
357585
123982
99
212876
10158
355240
394020
99
101316
99
99
132685
99
271011
99
99
532609
320728
99
4231
99
259626
495577
345551
41534
99
99
96743
99
99
6585
19427
99
99
99
35646
35148
99
99
55767
952
99
281243
90553
99
10896
135386
99
99
99
158728
282760
99
225063
62260
99
19855
99
134584
99
99
203663
42508
99
340967
99
99
448181
19600
99
99
296181
224092
99
44800
99
290319
233191
99
99
99
12272
99
99
30515
99
70325
148207
155511
99
99
99
10076
74047
456142
99
101986
99
99
99
342240
99
99
99
95401
294324
293624
44378
99
98
105739
99
99
99
110384
53017
36760
113646
99
99
99
106351
99
237595
43263
96
140269
50243
82
99
99
4820
99
503441
99
99
109007
390946
326525
232320
99
30178
99
220271
1513
99
59124
99
99
38921
131748
253901
18683
99
98399
332359
38996
65337
99
99
99
533504
157657
171034
99
99
99
298826
37816
148393
192720
99
99
99
43989
204126
53923
58371
99
317550
363883
360514
99
446269
21551
231608
99
178108
38004
98
76688
99
81414
18326
16429
49043
99
43874
193190
38952
87
99
99
83592
35750
17477
99
99
492758
909
99
99
3152
259863
99
99
413007
99
926
9769
17066
203176
99
99
97196
151892
99
99
554328
21559
113256
99
99
99
99
99
80326
99
99
99
12193
58578
474049
24609
94589
64811
400681
99
99
203754
99
99
99
99
9158
99
99
97352
45902
99
85380
99
150605
84074
99
99
99
269889
99
72624
57041
38627
46257
505552
99
47617
99
7421
79826
964
453327
99
64939
403296
50912
99
99
99
99
99
35137
320682
99
370058
99
61703
4355
8333
326540
178738
99
17068
99
60
99
99
165623
275308
99
234817
32209
54481
113286
229856
73873
23373
99
164526
191383
99
261791
99
99
295801
17398
99
99
99
99
99
43550
99
99
99
99
99
158402
177387
266707
183461
99
99
65533
99
42400
99
99
99
50070
99
129430
99
134746
55584
99
21583
21538
99
99
417486
28621
99
10068
99
99
279617
99
153894
3532
352509
37366
11232
99
99
244138
67576
99
99
99
99
18775
4901
25829
308226
135882
99
99
99
150258
525
127274
99
169780
292558
51236
99
502928
216927
446631
40856
99
99
99
99
227021
337136
99
99
1088
99
99
209873
348170
95
99
99
99
99
8102
99
99
99
99
131380
99
99
295087
41042
99
99
241500
99
178385
8523
212649
99
575408
99
99
342989
306624
316740
4631
99
21619
161360
99
418982
99
99
99
122475
173955
99
99
99
99
99
99
99
13904
245089
99
101685
499409
118596
51268
310376
99
416435
167257
29586
464146
99
99
8179
141231
50138
416303
255866
126225
58781
238876
99
99
161175
99
73102
163577
32637
99
99
113618
99
99
99
6359
252489
393638
560746
379529
99
29035
99
99
115045
99
99
99
150789
94
102401
99
135900
17479
226175
159365
99
258573
99
129611
99
395919
99
99
99
99
60764
162045
20246
1332
66209
62233
68635
17459
99
2709
127043
99
99
99
99
99
102065
75479
33180
78011
12944
99
6477
530924
262740
133255
214163
98
47875
144513
99
99
41314
274902
250750
2969
106922
489644
4523
99
78534
99
330316
99
196245
99
99
54052
222305
99
309230
99
99
214895
99
22388
99
99
99
327714
99
110982
99
99
86478
223780
114007
99
105
99
99
99
96
99
191425
224390
10173
99
99
99
101189
99
222968
99
207873
99
328654
511692
32874
60397
16797
11354
149878
6437
99
99
99
99
107377
195609
537
84635
99
64123
99
126818
6425
99
531191
99
295975
259481
20001
549128
134026
99
99
99
642
99
99
99
99
99
79511
99
99
99
426913
99
99
70630
99
99
99
8650
99
99
99
175895
99
99
50805
99
26674
99
79279
353805
99
99
99
99
133378
153509
99
2057
99
64907
180635
99
99
99
132630
99
22081
145064
485197
99
226132
99
99
99
99
99
99
99
213233
99
269973
99
99
352875
99
99
268114
99
99
99
99
99
99
247444
99
99
99
2609
283711
151618
99
99
34509
99
99
66998
207212
99
74693
99
4415
99
73468
99
21263
116322
99
99
291842
99
99
99
103874
99
371023
167823
97
99
99
19609
9829
24052
98
99
61862
99
58201
77950
202362
99
294257
138648
98
334843
54729
99
99
24562
99
99
155047
99
99
601931
99
99
99
38
110216
85514
99
99
99
113479
31597
99
99
72524
37617
64268
75700
201402
219076
99
258892
180601
99
43589
99
339881
6826
141963
99
144285
9925
99
31764
120568
229186
99
347718
99
99
8459
313278
99
99
99
13798
99
7333
99
47800
99
99
99
65213
99
99
99
99
25856
99
99
99
72758
99
2488
99
99
384366
99
99
565528
205407
45767
40094
99
99
99
99
283834
99
99
99
347159
99
1136
98
99
8797
99
99
22788
99
360069
99
84258
99262
99
318453
219473
510700
99
6314
99
99
99
99
4076
99
60040
99
159249
99
99
151614
99
262029
99
99
37554
91822
129832
281216
369827
183303
212406
99
367940
99
77078
617
99
489391
473047
99
522024
155575
99
83938
79648
99
374547
99
565633
99
99
99
34450
99
99
7456
485899
99
9332
99
218105
502202
220693
99
99
99
493271
15486
360893
15990
98
61037
99
99
35644
153445
99
99
17934
148167
99
487672
99
36218
99
99
173067
99
99
353773
99
99
456782
99
99
99
99
99
99
75922
90112
50184
66856
99
99
99
29894
152116
18781
99
99
99
374108
99
99
99
99
99
58333
131834
8738
206004
99
99
53398
178053
99
99
99
99
99
336515
72529
46769
104650
20598
99
130558
99
367144
37646
99
350
99
99
201223
53298
99
99
99
169843
99
99
99
99
99
99
120703
121022
7494
37
78469
28689
388587
123501
435695
99
99
16302
187012
99
135302
99
77868
99
100159
292501
408920
99
254339
448616
99
2011
99
99
131740
44597
99
93772
339338
5705
123187
326264
99
99
99
34156
99
13406
200961
45693
154110
99
99
99
147730
110836
99
99
98077
186782
490248
408346
17828
125050
99
274908
430667
99
99
40005
81205
86694
44278
99
13302
39046
219887
295543
99
97
99
99
99
99
99
99
99
99
18668
10301
99
161622
99
54068
99
171665
134940
191404
99
424871
26396
99
99
99
13879
99
165858
29563
25264
98
99
285599
99
99
99
367729
99
43216
170533
99
236628
357664
99
99
99
99
366720
413880
99
87063
221527
398014
99
400578
