99
99
4351
12833
99
99
9198
99
99
73627
117936
130732
43718
99
241043
204942
70395
99
99
151349
99
99
96804
396626
99
99
99
99
20802
370978
99
64363
6250
37673
99
99
99
90302
248199
99
163278
23980
99
793
384624
99
99
133985
99
99
55974
99
99
99
99
19837
99
477839
99
67280
99
57477
97
18992
99
208033
34842
99
99
127690
327045
87079
99
99
103441
369280
59477
99
434809
49126
19598
33580
203014
99
23999
13472
354035
99
99
359208
99
228181
64429
99
165647
291842
283937
99
99
50340
99
562704
15865
99
5294
38863
55940
124836
99
99
23643
99
99
99
99
89932
99
94640
391156
177495
99
343727
99
58835
99
351607
99
99
138621
34279
99
99
37825
609087
240529
99
99
779
28678
46092
99
99
17457
47535
99
99
99
105257
164366
2262
429705
99
99
99
17290
99
97430
283875
99
99
99
27151
169158
99
99
253352
99
99
65318
25775
26920
112326
196829
42366
1972
99
3131
168397
99
418217
99
462587
99
283257
99
172568
99
99
99
99
174554
99
285848
99
115645
99
89025
99
192022
215816
99
98
441889
166993
99
99
99
99
458406
90871
554979
88399
99
99
4160
277687
354686
99
99
546759
99
99
99
265964
99
99
99
99
25382
99
99
99
99
278982
99
99
99
99
471569
7342
99
123416
327060
99
99
99
77881
99
1810
125352
221916
99
99
325
71638
99
99
401041
99
99
99
145526
99
99
99
6311
27259
116357
58985
15245
99
178669
80463
99
231823
171485
4040
247768
296218
99
20889
101219
99
99
129731
207372
25068
304656
99
152760
107501
129768
99
99
104191
108445
14134
99
99
99
99
132056
99
99
99
97
393286
86442
99
229752
99
99
99
99
90757
256402
99
99
295686
99
99
110637
99
1440
39226
99
99
99
30832
99
4863
137666
97
97080
153124
406523
99
99
255362
4763
99
99
35338
99
99
99
167524
2603
35112
80163
99
99
203182
99
258635
357688
81230
99
141435
36282
99
31637
72965
99
99
99
99
255161
99
20459
99
65783
99
39286
99
99
614460
140262
539727
99
99
101212
8675
99
25503
42435
99
262513
3772
250222
241197
276955
99
81106
99
543968
99
33296
283293
538812
4217
91608
336190
99
99
99
227327
99
11123
99
99
99
6016
99
62067
390105
83956
99
99
99
590384
305642
99
502317
496391
40483
145958
322807
82797
91617
6684
99
183364
193021
99
41917
99
19033
84310
99
99
99
99
90579
99
99
99
99
128297
7450
303717
48879
99
99
99
99
157814
96
3802
99
185028
99
99
56380
99
99
156514
330149
63358
24850
61471
99
286595
99
99
70818
99
99
99
184164
58087
304934
99
99
99
99
99
146781
99
99
100805
99
405122
126516
99
8982
112075
159701
13405
99
141613
99
104886
60801
99
99
219262
298220
99
320138
160169
99
80461
99
99
138560
163990
285831
99
99
124413
99
7514
99
183271
99
99
99
26602
38008
99
99
99
99
238213
60322
99
108596
482403
27671
99
99
343784
99
99
99
99
327251
397091
99
9819
141687
99
361003
99
8852
119090
8448
209388
99
99
99
99
78
1432
137741
99
283601
3228
194648
99
99
99
251144
99
49477
99
270846
99
99
99
99
11094
99
288463
40
99
49302
291105
99
99
99
9266
109460
95838
99
99
401879
52302
213820
99
99
99
99
99
126653
99
99
99
63720
107317
99
99
99
112839
100078
99
116377
99
99
99
34620
26560
98
325900
67927
99
373439
99
99
99
99
99
113186
112786
99
99
99
88299
99
174301
99
484802
99
375473
99
29932
99
99
99
259923
99
99
221724
99
99
111037
107694
99
154374
99
99
85931
259371
99
138519
99
98673
99
477999
18540
169569
70619
99
85349
180497
56681
108745
99
312660
24178
99
99
98
99
99
99
4732
29087
47914
126641
99
276326
99
205240
99
99
570881
112121
106385
99
406337
99
225521
99
120018
270986
505722
320680
51518
99
42
99
452269
99
99
186216
154530
162694
8110
445673
99
111303
99
19116
142950
99
19665
74831
98193
99
99
99
99
286743
99
185512
99
99
312007
99
99
99
99
99
16581
28544
338578
137240
99
370
126187
15051
99
99
99
62145
99
142729
99
229011
11
99
99
99
99
421527
78
99
480591
180127
99
117209
114805
61439
179254
99
99
99
99
52915
99
121966
99
99
335114
72035
99
203587
260333
99
99
62008
99
307155
99
99
75373
152017
99
138727
316676
99
99
45496
99
147966
99
10330
97885
99
331226
21579
252708
3792
99
99
354053
2915
64237
99
103269
446533
99
26499
461487
99
99
99
99
99
98
99
99
99
99
119581
98733
98
99
99
99
36277
99
228363
99
99
99
65927
190120
99
186689
99
423258
99
99
84641
99
99
263147
3130
99
99
99
295273
99
99
139262
154164
99
91768
99
227680
99
381442
99
99
375567
42268
1840
17134
167362
91248
60341
99
99
99
143330
241184
99
42309
303
99
99
99
102951
99
45777
99
102043
99
66913
5708
8800
211735
99
99
99
14149
99
1017
166377
99
99
15904
186670
99
334971
99
99
99
307304
99
99
76620
99
99
39502
99
99
99
99
99
5876
99
110949
359812
99
5061
299200
18697
99
99
231107
442282
99
101794
239698
310176
297316
99
99
99
99
313754
212755
99
99
99
333563
114642
99
99
99
99
99
99
112790
7888
99
1142
99
99
209446
86434
99
154035
127620
6023
99
331485
245798
99
99
99
99
104233
99
99
26587
153173
99
99
18928
99
379122
238200
99
99
3738
99
101653
99
99
99
99
99
46015
99
61846
99
99
99
232195
99
5703
576435
99
357250
202761
97531
11356
248098
99
273354
415362
308607
98
74285
78132
91568
285499
405716
233661
99
39803
404513
99
58923
99
99
65907
171860
42929
99
99
237666
371516
100073
99
99
18537
99
99
99
44212
99
507519
328458
99
242376
39354
99
32837
99
421646
99
193989
29452
99
95540
99
18783
23958
99
99
334457
140185
366390
99
99
177659
99
30879
467856
36117
99
103961
99
99
316390
50020
82023
99
97
165308
89742
99
99
99
208336
43852
76487
4286
99
99
138163
99
99
107402
99
99
99
388551
34554
44397
8727
99
3791
99
226298
99
99
113743
27777
12651
108966
99
99
99
99
99
99
99
99
28761
143899
99
533464
99
237051
99
56086
39941
98
12984
114603
117346
268762
99
99
15511
99
99
99
225807
85
99
296451
18165
99
101121
99
272740
142946
99
14596
99
275934
164596
8276
99
154612
99
99
99
835
87407
288520
99
99
17584
99
62346
95
99
98
97
99
99
99
99
61082
99
99
184358
99
121617
42550
99
99
99
173118
186617
156788
1997
99
128050
226899
112427
99
99
167186
176905
131786
172652
99
103268
99
340836
99
266685
252860
325542
99
28128
99
99
96
317621
99
437
79956
291342
125886
99
99
99
97
104164
99
99
99
146101
99
30273
358457
183074
99
99
3168
149926
99
92606
99
130027
99
99
248498
99
99
426322
99
27928
71598
99
21199
11855
99
99
31407
85403
99
452028
452425
99
99
468804
70793
99
72738
6989
99
154099
75335
49848
99
14608
54524
56926
59762
99
99
596447
226061
1749
99
99
18398
99
99
99
99
204000
8247
139024
99
99
99
238472
177431
319973
66916
59575
99
99
115750
99
99
99
162335
331188
48845
240007
5672
487300
99
233843
53555
111475
313782
99
99
97
99
16856
177510
10184
99
1022
120463
99
33447
99
99
354154
99
5153
99
99
99
99
99
32137
99
99
14508
99
99
99
99
99
288094
99
38516
103546
99
124483
12537
414076
8
99
99
183889
124084
518147
99
202067
49612
99
53391
99
99
99
99
47178
314274
99
99
99
184680
99
99
99
99
22194
99
99
99
498247
99
5747
99
99
103156
76092
99
38828
99
97
303728
169852
355960
99
7047
30115
99
99
99
574572
99
99
99
64771
187807
4032
99
10452
99
29826
85354
137145
103792
99
99
99
99
258131
52734
237834
99
84773
99
99
99
70947
71534
99
99
281330
99
185659
236899
149784
82399
99
99
339507
99
68524
99
99
99
99
99
485870
185702
99
99
99
99
31801
99
93175
212947
99
99
99
95
99
72247
469310
99
82473
99
10874
295872
7248
99
314745
99
99
11249
99
19431
99
107385
425322
99
195591
99
255446
81178
99
99
99
71744
97387
99
99
87980
99
25549
212267
99
99
99
91308
39950
48248
161540
325941
99
99
99
62833
99
90768
284366
69791
99
99
99
97
99
36938
32899
57406
261396
99
380770
78539
99
19570
99
99
76759
179
99
34001
99
108194
434961
269518
99
174329
99
137077
99
137595
51977
32438
211948
99
99
99
70011
99
134911
99
99
99
99
321767
99
510225
164714
27268
20542
334897
99
85857
15989
176524
99
59180
331334
99
57409
99
99
133051
52213
42774
99
107135
99
99
99
9888
99
35837
56623
51688
99
110395
99
13393
99
317381
41451
99
99
385022
285769
10141
99
72
229619
536480
176387
99
99
99
99
99
79687
5755
99
83
99
99
89800
38627
66541
93881
99
99
99
99
99
259836
99
131944
99
132542
483364
308855
99
27100
99
125877
99
99
99
99
99
178084
415815
51361
99
698
99
99
99
99
99
99
175133
99
99
99
99
99
72707
99
99
99
55142
99
98
298172
99
99
208392
14190
346122
99
17639
163340
99
20046
82352
99
99
137191
99
99
149468
97
99
132022
44360
139003
58837
162085
99
266386
99
99
99
93917
275011
32990
81519
33161
99
99
66471
99
99
80091
261542
168262
73154
4974
369401
424329
264409
99
1464
33742
99
328296
95
132619
99
670
266951
99
99
152872
427165
9635
105441
99
99
55194
99
99
195194
151902
46097
98
99
23107
19506
99
99
23331
99
99
27913
99
99
11270
99
93
61442
99
99
459382
99
99
225205
99
22285
42621
484609
136008
99
2035
99
82252
109805
99
99
84848
173897
67608
99
64895
119900
99
30575
14222
50665
231611
99
99
216956
259013
16876
202796
99
99
109355
154626
227905
99
99
99
99
438925
76007
99
14824
99
137328
99
22284
8687
2398
99
459686
99
99
1943
280041
120877
99
90145
99
4216
99
99
204975
99
99
13304
99
94735
233288
99
59239
99
99
99
99
417378
99
129869
99
9004
53448
36349
99
95804
69452
99
363692
99
135345
393534
67108
62388
99
45371
1457
96
62365
4365
99
99
99
324684
99
724
99
99
99
99
26746
99
99
159270
25442
99
99
8530
113472
99
65761
178172
99
66497
237180
198801
99
99
144750
257610
7388
43358
99
59561
99
99
93543
99
73092
212051
20658
82174
41162
99
232597
99
99
98
99
99
99
495
99
255933
99
99
258072
99
150946
99
343461
99
99
74698
99
99
99
79390
9091
142623
70371
99
28871
100993
130162
187027
338712
40599
99
99
99
99
27198
47619
99
451830
47200
176163
149688
99
99
99
65187
99
99
31812
99
99
99
38145
333920
99
126096
99
33401
99
99
29191
62592
163747
99
298839
99
282011
15835
99
99
99
12265
536659
99
281420
11525
12565
99
26353
99
73559
40375
99
319018
32749
65711
523
97444
99
99
99
99
157082
99
99
99
99
538665
303040
29372
16317
118059
99
460339
304983
146309
99
14465
99
99
99
26012
163106
20525
436174
89921
99
303567
221692
99
99
2025
99
99
159111
99
99
412257
27242
147384
99
345192
99
99
99
99
107147
99
128238
99
99
99
366282
99
99
170183
99
86
148001
12970
134455
34509
99
13031
99
356740
99
99
26965
63453
99
99
293173
98
99
99
99
99
156910
99
99
74103
99
99
218090
125319
48988
96998
99
99
99
99
210462
99
15327
72551
92185
35169
99
99
137268
99
109438
431695
118862
15267
99
99
176643
99
99
99
76257
99
97213
99
341151
99
99
99
99
99
50812
74997
90591
99
99
99
99
238445
201529
99
291081
99
510875
99
99
19413
60476
99
99
99
99
99
18786
99
99
99
13386
99
51805
99
99
104149
99
99
99
2296
99
129401
99
164617
99
99
99
279234
56580
99
203205
99
13573
98
99
495271
99
266993
54326
99
96
99
267619
280691
99
17036
181194
99
338111
99
101824
451167
99
99
1417
99
123898
99
111751
43299
150247
16664
70894
303454
141139
99
199162
99
99
11234
99
245900
18548
99
312564
55963
99
99
99
99
99
341590
212526
99
303309
114087
99
99
99
212021
99
1412
99
1734
287205
99
99
99
12056
99
391553
95691
99
99
182203
99
153567
50566
270429
13787
99323
111907
122827
99
99
99
98
99
99
76316
10875
99
209608
99
99
99
350115
13726
133247
493184
2518
99702
114952
170454
3150
72979
99
94
99
178182
99
223131
99
4133
63559
99
7458
99
99
99
99
161988
99169
19799
99
99
327163
21593
441542
28142
99
182248
252024
262035
99
350421
137123
381219
3382
126650
99
302341
4131
93662
492
99
99
21468
168402
99
99
99
127839
305218
99
99
73530
114471
59899
99
99
80680
362069
99
527
99
54877
320728
99
99
38543
74639
99
216295
323222
99
99
99
99
8234
295672
406605
513156
199632
99
100347
99
99
347277
74695
331492
99
91
99
98
99
109316
99
493343
99
99
90182
99
99
99
27376
99
333883
98
99
99
38114
233190
217700
13144
341768
99
514130
106229
98
134699
99
365409
291340
317266
91981
397309
99
99
99
99
59001
99
99
96
99
99
312509
218132
99
99
99
177021
451426
99
99
38308
99
97
99
99
99
71426
99
67222
77679
99
99
99
99
35168
169881
47711
99
3760
28385
99
117288
99
99
99
46170
14860
218974
99
99
99
99
99
229948
175908
30395
189376
92
14206
376824
99
99
99
327826
99
65768
99
44923
99
99
103721
99
99
180724
92
99
130397
431071
269306
99
68604
53553
100452
87
392970
99
99
72256
139783
80646
40738
492030
99
99
99
87133
8262
99
99
99
46530
99
193688
99
24373
99
99
191860
164483
99
213819
516696
296570
99
35030
99
99
7291
99
99
293879
99
27323
99
30845
384007
99
46788
35620
99
202029
219521
208634
99
99
12281
98431
4136
68802
99
99
295610
70406
99
21000
99
342159
99
322376
99
172391
99
99
99
99
140324
99
99
505222
254686
109543
99
99
99
99
99
99
99
99
305683
36390
22114
355785
99
99
99
99
99
158771
383258
94617
99
118935
99
99
99
166045
99
210530
99
193921
99
99
99
99
99
37160
487495
99
99
159166
99
99
99
99
564224
41032
23534
71597
85359
99
99
9358
51396
99
99
62856
99
20630
301336
99
99
211719
99
99
59610
99
99
492012
99
38034
99
99
99
141091
99
128928
353313
207163
274843
99
80093
224417
25054
99
99
99
99
474143
99
288355
99
99
9928
99
228167
5363
90449
99
349234
10943
323811
462034
99
99
99
99
99
20034
99
99
385954
370231
99
10413
330206
109060
99
97
99
297624
61699
99
99
197227
99
99
99
99
163554
158949
99
99
99
99
58714
99
119279
3050
99
334015
13435
61941
99
99
326109
48895
99
99
470572
99
192735
75731
367688
12310
100948
555276
452212
99
112334
152299
53372
99
95
99
339928
12915
15798
99
99
139927
99
99
99
99
99
99
22097
99
99
45865
99
99
36628
99
289311
99
99
115426
95889
99
99
99
156637
99
162932
16520
99
99
43366
99
99
55877
99
131226
99
96535
99
99
99
99
43768
65327
9599
99
99
12868
94836
218773
99
297228
99
1645
99
83930
239532
99
56739
99
187005
99
99
121365
99
99
99
99
97
99
54581
99
658
99
209681
58680
200124
99
38703
99
99
99
99
99
199145
184342
240196
99
99
124778
99
99
79354
99
167454
99
99
142590
99
99
99
41544
39911
60691
99
67993
99
300050
474455
99
25056
13757
99
299050
59550
321846
99
99
194390
83060
64679
99
398061
99
99
99
34557
81441
82065
99
99
209884
99
99
99
1749
12156
99
99
99
99
99
112818
62459
99
23442
38564
99
99
213290
98
99
31929
99
97
99
99
99
123270
99
99
99
99
99
27105
99
99
40964
1103
99
113372
242180
205390
48138
99
99
220793
99
99
77683
27246
80083
466391
99
99
99
99
97764
99
99
99
175173
230117
99
72866
99
99
99
21029
99
173067
99
99
99
99
99
79477
99
311960
26647
98
99
99
19630
474344
96116
99
337972
333935
453104
99
99
3457
99
99
12385
566681
7408
83487
189017
47719
282596
99
99
198479
99
335103
230744
165986
18069
72410
99
232150
99
54399
99
380249
86307
96
99
99
33246
99
504487
84270
99
99
16404
249563
99
99
99
51265
99
99
99
99
170581
99
99
99
99
99
99
34817
99
157066
133944
99
219731
74402
26315
231824
172608
23367
13891
66647
99
120058
358502
43863
15686
137093
99
99
380779
99
99
53419
19590
99
99
99
99
99
319451
18988
57413
99
99
99
99
99
99
132228
99
97
113905
13588
275659
303612
222202
521475
99
364808
99
99
118362
170777
99
99
99
301714
7380
99
381880
99
99
167366
99
99912
99
70289
99
94885
190650
99
309855
45291
118861
201636
39634
99
99
99
99672
16532
328995
99
8847
99
461979
99
45507
99
99
11317
624
99
99
99
99
220236
99
225697
125734
5913
99
404070
417207
99
99
99
99
53156
399588
15325
99
65564
69437
405523
99
148430
25767
99
198689
99
196589
99
99
99
137392
128521
99
99
97490
99
99
99
488670
281403
99
99
99
236832
99
99
73123
47199
66480
99
18957
213860
229018
161650
97
99
99
99
21295
99
99
99
243607
44461
284681
2252
83346
31587
144525
99
67933
221770
99
73748
336745
40166
99
48554
99
5050
133446
108658
99
99
99
237404
99
73434
99
99
511065
99
99
99
33179
99
99
77595
6319
359701
98
271450
406829
99
99
200178
9126
23868
99
99
99
99
277578
35238
379242
99
99
99
407817
99
99
70666
99
49910
99
34018
99
96
13626
99
263912
426716
59395
388742
99
99
149468
99
6766
99
373890
21126
99
99
99
99
195724
558891
99
99
29500
72672
101546
64073
14288
99
99
99
99
1187
99
289993
99
99
276251
231254
99
99
99
24045
141040
99
285737
11399
99
46272
183809
113274
206904
332821
99
99
223464
99
36250
65081
43888
45807
99
99
99
99
99
99
99
325411
87
99
300654
125159
13040
99
99
99
55609
99
99
99
171062
347175
220040
51465
52559
60158
587683
99
17112
2477
99
99
99
94905
99283
51149
99
20534
99
99
99
440827
99
99
99
31054
17442
276148
55600
99
99
833
129636
52442
172435
99
99
236690
99
99
109281
280170
35840
99
99
99
76733
211994
99
69744
10377
3007
8006
193439
12714
96
6946
99
5210
366162
62353
30754
58470
253999
346346
99
208770
4744
99
99
99
240978
44821
84203
99
98
58767
157389
99
175263
99
99
99
184958
99
99
99
125172
99
211048
99
10916
99
99
44264
10662
161982
91587
99
37392
99
99
99
151779
114186
99
12368
99
99
9358
129393
99
415503
162915
11810
99
191628
99
29929
99
28956
99
99
96728
110973
180528
99
99
99
49031
99
15383
99
99
99
99
1893
28024
9061
99
176932
316642
241916
278988
45644
99
304040
124029
99
99
99
336152
30595
99
92275
99
357877
99
158688
99
283456
176344
127468
99
99
61706
3736
99
33483
380285
4697
99
99
99
340388
26067
47047
305639
99
99
213185
207644
99
350955
63958
254158
99
99
1770
71934
99
99
99
99
8365
99
285701
177924
99
379785
99
69716
128610
99
102349
99
54465
99
99
99
99
99
99
11232
175416
99
233700
43808
10179
99
74106
204843
99
99
214868
99
99
99
99
99
99
99
80777
17289
99
99
99
303
439742
438148
99
12309
99
99
86745
99
100122
174732
99
99
99
126682
99
99
99
57053
435035
99
99
99
390021
80720
99
40006
64880
194236
99
59603
23440
288057
158415
99
2576
99
99
99
99
11132
99
423981
32749
99
27837
99
99
233362
58718
188219
97
99
99
99
64096
99
99
131376
38434
158756
99
105347
289371
151971
79644
99
99
156905
99
99
99
417071
98
99
133382
24593
199164
3183
289398
99
99
341008
99
41264
120027
99
99
263686
290147
4373
99
99
99
99
198177
99
84097
99
99
99
87826
99
97098
98371
51608
9020
125243
99
99
99
141627
239161
12289
60065
99
96
17487
63445
99
275800
110705
20896
96128
99
99
149172
99
40012
104105
99
92441
99
331878
99
116451
99
99
99
10774
99
153044
99
99
99
99
2154
142991
107943
99
998
191603
454324
99
307693
99
99
43267
61138
536217
168806
97
129
99
99
329728
95496
99
39132
99
128406
235085
99
99
158990
85232
353697
99
99
99
99
99
188661
99
167971
99
290786
2066
184906
62272
99
99
301029
99
99
97568
112091
28785
22674
99
28899
163590
250501
92348
125176
99
99
99
242228
5154
7671
89481
99
132803
99
99
41874
78769
99
52007
99
99
99
114432
99
458598
572194
99
99
99
132629
99
99
99
54971
99
110450
6895
113080
99
99
5732
30211
99
98998
261059
99
366389
139385
223022
99
99
88094
99
300623
398362
58615
99
99
99
270352
99
99
179633
99
28987
99
22797
99
99
99
135963
99
108321
250082
99
318761
10139
112733
1541
79
99
99
99
38501
128245
99
99
99
99
4110
99
99
152372
203509
26170
99
132862
99
16558
99
53281
155114
99
99
99
200052
99
99
99
99
430876
207630
143409
188500
99
371148
25698
45799
58000
99
7288
99
55381
124986
25678
99
18570
99
99
294288
99
99
99
97
99
5407
99
130367
170483
200107
99
99
291944
99
99
210039
272706
138767
99
99
116910
99
69462
99
39001
99
66419
286855
99
99
236674
40719
99
99
123046
98
47790
151190
22878
99
81006
99
300846
40525
99
273991
99
99
99
99
22493
99
99
99
69140
99
99
282919
34138
99
99
99
120599
99
99
7429
99
99
105986
99
59958
149036
39738
99
99
99
99
38401
99
41004
38479
32847
34281
95286
282369
99
99
99
99
23233
453711
99
38161
287221
99
2617
99
99
10642
99
99
6674
99
50181
99
99
111236
89004
99
99
99
99
20410
130896
319170
19225
312273
89838
99
99
201574
53834
99
99
366580
99
40380
99
99
99
134941
50388
94
99
99
99
13290
48693
99
99
99
99
173893
163114
2817
99
99
99
16148
99
188900
99
99
486889
20985
78711
440202
389832
93139
99
15722
114439
391716
99
215347
99
99
21294
10563
99
206044
99
98
363722
99
99
99
99
180821
12519
88
99
99
28426
99
6888
99
424892
368087
99
96098
103973
99
96408
99
65382
99
107144
99
99
99
249842
168024
99
99
477419
99
79038
99
16880
99
99
99
83687
99
99
99
99
4736
99
362438
11188
31420
266194
99
99
99
282657
99
272664
33739
304928
99
196594
57235
99
335804
99
99
74126
99
99
99
99
99
297253
105594
216862
120820
113264
99
99
30901
99
99
99
99
99
99
14819
99
99
99
89677
95674
99
101640
91235
12799
99
31897
223236
99
99
585844
31688
33680
94
311357
99
3355
267266
99
208632
203437
147915
271892
99
105782
99
11913
99
403221
99
99
419848
36514
34647
15859
159698
117924
335088
91157
411982
245204
31401
99
74
16060
99399
99
7914
99
167854
99
484793
9749
184083
99
116486
26797
99
99
310069
92063
99
53075
18162
99
99
33927
159799
146411
99
99
17866
99
99
99
169105
301930
350405
99
60716
85418
200551
518799
99
315194
99
18757
95752
94062
99
8417
99
99
96
99
28582
99
151654
306530
57849
99
99
99
85420
300528
99
394630
99
283540
40422
99
99
99
99
99
127066
99
425799
99
99
99
99
99
288737
99
360792
238248
352511
111528
34170
99
99
304987
99
99
99
47235
99
19039
81249
99
277351
327049
99
346125
95
99
99
99
99
99
22450
414084
99
31818
99
173569
75888
86913
99
99
614
74779
99
541061
85411
99
96724
99
99
99
99
16117
99
4790
23201
71935
243293
110473
99
99
274588
12372
99
204686
99
294912
63957
47804
538763
342774
188290
99
99
432
95
136067
99
99
99
312664
185895
99
99
99
99
99
99
99
99
415167
152430
107324
139023
99
384421
99
39443
172297
2244
144937
99
343172
120728
20907
281105
99
99
99
99
99
78589
99
88903
99
99
99
99
91809
99
22540
99
99
99
99
99
99
99
99
99
180507
99
99
215359
99
99
99
71927
99
404851
99
397417
99
12697
99
97
99
145110
94432
56603
392605
99
99
111581
99
99
245595
99
99
99
8608
99
6212
99
99
99
78632
99
99
99
99
99
99
111834
99
329364
99
584593
15335
411838
523882
27541
480234
330214
16550
318473
99
190247
53586
99
35667
60752
402391
35989
99
99
99
465331
99
99
40101
74460
99
43383
489570
99
383247
156663
99
99
99
62512
44538
55104
274699
90964
299245
99
98
99
99
13032
99
150972
11767
99
99
99
160392
99
4932
99
99
99
76
26329
343516
99
405270
88244
99
54793
419999
192426
99
99
99
99
99
99
71921
49840
99
99
99
99
99
61955
303270
391592
158920
57658
99
33345
99
71477
99
357821
500537
109380
99
264614
99
99
99
32019
99
286338
245130
18693
212312
99
99
99
405390
99
99
299016
99
99
99
27108
111741
99
1281
161258
99
99
99
99
99
268399
303324
328541
148586
99
99
99
99
99
99
99
42727
99
449523
4757
188374
166411
18713
99
99
121388
27145
197577
107121
99
99
99
99
99
99
99
99
7706
30932
99
99
470241
96902
297425
99
99
74198
494342
99
99
99
168727
20675
99
294381
99
171779
210127
99
99
99
297024
99
99
3130
364751
99
342563
62817
99
99
176329
85594
405808
99
99
99
12795
65332
48960
75200
99
99
102153
99
99
99
99
99
133128
76630
8026
99
233449
99
1109
5370
99
99
99
99
99
262762
74628
99
9059
59491
99
99
125388
234084
43702
320021
288850
141621
99
99
99
99
171235
99
99
38584
99
99
178025
99
505313
5070
60603
276501
99
98
99
511346
99
99
170614
99
218341
13248
94158
19489
99
191292
99
213545
144246
99
99
99
48214
218795
108221
66579
309861
190597
229766
3788
99
99
272568
9750
1569
116453
262575
99
99
99
99
99
157676
8626
99
99
13266
63721
99
273740
21830
99
60350
99
99
79629
99
12212
99
99
99
10374
99
6973
99
99
208196
166355
188076
279940
233109
330329
234305
99
99
99
50092
99
26479
99
79352
98
99
99
99
99
99
494709
1397
14205
142997
99
19559
263972
180446
97857
99
99
155780
99
241157
99
99
16720
482645
99
175432
99
502945
99
108797
531840
99
366110
106672
42019
69599
99
97
99
99
99
122330
99
99
13223
99
99
97743
99
34242
99
99
458728
99
154954
99
521490
81306
99
99
61286
353475
11982
487871
339872
573611
99
99
99
5294
213016
39646
38282
263349
200847
56569
99
99
83647
53623
75807
82199
99
99
99
99
99
99
99
99
285048
99
99
98
234866
7288
25046
99
166257
14285
32803
100769
145163
10576
318573
99
146076
99
99
99
99
82139
218390
99
99
99
99
38621
99
99
99
494577
99
99
36858
99
99
70609
99
99
26739
99
416806
99
21469
99
6603
94
225796
22881
99
99
4780
99
99
99
99
12531
26804
99
174829
1770
142145
99
99
8297
69194
99
99
24645
136119
99
116925
99
99
79314
99
171480
302222
55176
99
99
12484
99
247085
162788
99
99
99
467029
132839
363037
99
99
99
99
99
99
99
99
157423
99
38534
99
73632
99
99
99
278027
364878
157071
437784
9653
275934
21148
99
99
99
99
99
99
99
99
99
99
99
99
97
99
99
99
127239
41355
99
99
361855
99
99
235660
99
99
51706
99
80977
509645
160066
29863
3170
96968
70981
99
99
60431
99
99
213110
99
99
99
280475
2921
273567
87930
306455
233690
333731
99
50850
338542
99
328470
99
318322
135271
99
76664
99
99
99
55539
9807
99
5011
99
12425
99
99
99
162152
99
99
99
20857
99
99
99
99
99
1293
99
99
99
99
50
99
99
74229
146588
99
99
99
99
99
99
99
99
99
13111
410578
693
99
99
76
5311
511490
9034
99
99
99
403433
62354
5902
7859
338390
46637
84953
99
123107
317203
171096
324752
99
93
122
321093
342191
82
83347
128338
99
416459
25879
579279
89510
322931
534598
217063
99
99
122429
395725
99
317320
99
39
5096
99
81988
99
99
99
466419
99
99
271295
99
22013
387875
99
99
41612
99
53611
89900
99
96
99
123366
99
714
439852
99
99
97669
241376
139556
175392
197334
99
197103
99
99
1666
548701
99
11437
99
99
99
122660
99
99
6261
14876
229282
99
99
99
310635
128035
99
11241
99
1707
376474
18739
99
67045
99
439958
177889
52941
75528
99
13652
223714
99
102457
69429
99
16118
379370
436700
99
99
95
8778
99
195778
311854
17470
77903
12408
1359
59735
128335
5242
48548
99
13020
3521
99
143477
17221
43505
99
98
254553
99
95867
99
159889
98
99
337064
99
219951
99
13752
99
76
56832
453862
48481
344670
99
99
99
99
116376
19883
28111
63538
5573
99
99
99
99
99
99
99
99
68470
391653
99
97
390590
99
75207
99
99
9690
491450
44002
175331
238469
191188
99
91
20654
99
181240
99
21754
35446
99
99
99
99
94
186562
133535
193172
99
345248
99
238805
99
99
99
99
99
57428
98
99
43962
99
270253
99
35355
99
99
99
99
99
31584
99
99
149057
9752
74220
17669
171333
76022
14000
99
238205
232263
14426
498360
99
439456
187356
99
219458
99
99
99
99
206670
266043
83108
99
99
95571
99
2603
99
326362
99
299912
99
99
99938
99
99
289456
99
413574
239795
99
199722
221710
99
411273
60885
31432
258218
9162
99
99
99
99
99
16844
196113
99
134421
99
203510
232014
481789
99
45292
99
99
126343
48159
15126
92506
76250
99
99
99
97
156605
40903
160181
36018
81606
99
99
180058
427100
389896
125331
98
99
330337
131911
99
384551
99
1230
99
99
23627
99
99
99
38026
99
99
99
76273
273572
99
99
99
99
205506
65391
99
78511
60870
10614
370798
99
91477
351516
99
308705
509
99
12888
99
462007
43414
99
99
153238
99
19411
99
62964
99
118907
99
99
99
45620
351308
99
99
99
40037
187372
99
146671
99
73057
99
219324
99
81696
99
434816
75737
135708
99
99
129132
101976
140571
99
484879
59443
14964
99
99
99
99
99
233172
16514
205675
92300
297897
95943
160838
196290
99
23845
15133
99
99
102357
165997
270142
99
98
99
98
99
529103
37332
42553
99
23202
190541
152892
328783
99
99
80294
175538
18973
99
99
3151
99
13961
29920
51143
68338
99
6861
99
198455
22038
231403
402020
99
99
276668
99
169859
99
57171
99
315885
183786
372598
226025
87432
1144
99
99
42592
10638
448570
99
99
90
96
65751
99
99
99
99
99
99
99
99
32946
99
99
99
99
99
459973
99
97
399058
99
34429
99
99
208731
22504
194589
13510
97
319259
99
99
99
76666
99
99
463155
89641
2538
99
99
515038
400976
19003
99
8768
99
44617
99
63235
99
405018
109371
99
99
162506
300423
99
94
99
99
12487
99
444847
99
171781
99
435597
99
26354
99
99
722
5093
71696
99
310391
61577
99
135047
46948
99
99
98363
54310
99
99
99
97
112992
99
99
99
94811
35954
99
365844
99
99
425802
99
8877
378475
99
99
99
99
137131
99
99
99
17926
135994
99
99
99
99
99
28684
99
310038
232278
99
157483
153235
287242
99
99
478
213972
43203
250437
99
150507
162103
99
98
81495
99
30308
275336
55483
99
99
70739
14149
99
99
99
99
469057
99
99
99
2289
110225
99
97594
99
99
99
256570
112837
178020
99
75918
179652
549227
57925
99
84677
99
99
122791
99
464057
424206
99
265120
292459
99
147445
99
403242
99
105464
99
136628
99
279856
99
513983
349379
352749
20023
19833
99
99
99
99
99
80283
99
114378
99
99
361067
99
99
28969
7573
99
99
99
99
13663
99
99
268649
99
20402
99
150165
99
42765
99
63
118905
99
6407
30753
157548
181379
99
500757
99
33302
99
99
99
99
12207
99
24027
178382
298585
99
28689
99
99
99
39750
154350
318472
254317
99
337864
99
99
99
237197
99
99
99
184085
423
97791
4681
99
99
83057
388600
99
77387
99
99
99
98
99
127804
99
234663
263769
21734
41729
2412
99
440004
219549
99
99
99
72457
99
95636
99
189401
99
99
158330
99
224903
68816
99
99
212536
99
99
99
392526
99
99
99
44396
39281
117636
99
99
99
197493
99
2714
99
20971
51072
24351
60758
93855
200521
99
99
99
27895
99
99
99466
99
99
99
300975
99
23362
99
99
99
42948
99
99
99
99
189274
99
39198
99
10350
411519
152975
271717
118227
99
113560
99
29504
264120
146182
80649
98
43949
99
99
451366
99
1644
99
99
99
99
97
99
29834
99
506608
112022
99
486976
99
18210
99
122492
99
99
281733
164456
99
99
99
99
99
316129
99
99
99
111972
99
92113
7292
309758
207848
99
99
494646
65895
99
91
99
158349
96
99
99
99
99
420021
99
99
99
99
98
250003
34415
99
99
186392
99
288925
99
99
124896
8419
99
153863
10431
82030
2629
23166
40454
99
99
99
348526
243319
213937
99
99
99
99
378432
235812
204083
99
99
305775
99
99
195193
99
314379
99
99
77891
219290
99
88003
99
99
99
356343
93
586328
99
99
525009
99
173899
223485
303533
72
48891
99
99
33457
50617
99
99
99
75941
136016
196597
99
99
99
99
2379
99
370759
99
99
125740
99
99
6637
99
196835
99
99
99
385152
99
99
99
99
198603
99
99
99
16398
18847
98
99
99
99
99
14563
41912
312439
99
344614
99
57087
99
99
51628
99
1490
99
99
350189
346549
99
99
17673
85872
17250
99
99
277949
99
99
99
99
120244
99
28734
99
99
96
97
99
22878
99
99
93079
99
99
99
99
99
222158
99
99
53106
99
2719
496359
4737
54527
99
99
57696
334673
99
132609
99
99
115404
99
73110
575446
99
136844
99
99
3283
99
99
279799
99
89229
350195
99
137603
99
305104
405763
99
99
99386
31476
99
99
99
99
3763
99
99
362709
99
99
3790
99
97
99
276850
99
142351
70228
99
99
724
44056
99
65358
140170
100760
184225
108233
21338
99
99
99
3049
99
24593
297704
13749
99
308
99
99
76788
99
99
187932
99
99
280980
251870
99
99
99
72540
230080
89
157004
145894
99
271282
99
11311
274946
99
88197
108486
99
99
217232
99
99
99
361165
99
137200
480776
7783
149567
99
99
160103
99
219246
99
99
99
80541
53002
47002
99
99
407780
364947
99
99
99
197192
242479
99
99
2052
99
116473
99
99
55726
265027
195863
155549
233703
99
98
26445
99
212078
23536
340990
99
286350
249258
99
99
101254
99
398059
99
94291
126346
99
99
99
99
99
155335
8188
99
553448
132298
98
15048
368015
99
99
491528
99
375467
120295
296509
55122
99
342889
213777
4418
99
167477
99
452041
56644
99
99
151035
99
372644
28028
117298
99
50148
5117
99
99
259260
143400
99
182875
16305
28558
279258
620575
6521
1200
99
99
11861
4666
99
54060
99
99
20633
99
99
218601
99
20
35028
77914
99
99
99
99
123311
99
99
545923
99
99
228532
99
272844
295556
77919
281935
99
88793
99
82886
233727
34017
96
60783
99
5502
505170
99
99
99
99
285508
78945
31115
99
99
2534
78
99
99
33173
98
99
120536
590946
290353
99
197631
336755
46615
1869
547023
99
99
99
15091
99
98
98734
88688
262501
99
99
99
3708
414113
281563
502
99
99
132270
99
18152
99
130584
99
183716
26486
99
99
99
379551
99
99
119425
107287
99
359974
39995
147219
99
61284
99
139433
99
318354
76134
464087
119242
366140
99
99
99
166078
141434
99
489101
99
402682
99
188734
99
99
99
28173
99
99
99
99
208644
34012
99
99
40
105955
99
99
219700
226893
99
36241
99
99
148546
121076
2072
99
537635
2815
105944
29293
328551
98
327659
99
449649
99
50788
99
99
99
99
99
99
190971
99
99
49472
99
99
261819
410245
424
120515
99
22696
92563
9354
213272
96
112250
539437
99
99
99
38996
99
99
49343
43933
17929
313775
99
99
102563
209604
99
66035
99
331599
340839
73003
99
99
63047
99
77219
17775
58039
2491
99
276737
99
103485
99
98
