74058
327661
99
99
25436
96526
99
223408
99
99
14759
99
99
225899
99
32706
99
42742
51689
213007
99
99
233663
23525
3413
110984
209320
99
13685
99
99
99
99
314144
99
390710
98
90580
2939
90167
245435
99
99
3704
288603
198856
8301
415739
99
51219
99
99
238460
99
99
152018
101008
16554
99
95
223549
99
109181
166469
22133
99
321841
56527
99
99
99
72401
99
151240
319375
16950
99
128191
20042
99
99
243988
201888
99
99
12044
1079
99
119137
132266
99
99
99
513567
3100
3029
99
54764
111231
99
294359
99
99
99
99
99
19232
35101
99
172226
117517
279987
8079
43924
99
3213
309161
99
71915
51577
54266
99
99
34882
99
99
99
242408
395646
99
99
23904
4631
16273
270727
99
165121
99
72560
99
455068
99
99
99
99
39843
99
99
99
99
97538
99
181953
99
99
389116
99
131015
51827
39130
99
16450
57543
101607
99
712
99
99
8665
99229
68556
85021
99
99
99
60229
99
379939
99
300488
77743
99
99
99
83891
248154
99
79356
245398
99
461306
99
7759
47778
98
99
99
99
99
56024
99
99
177260
99
99
99
5447
99
99
135194
99
99659
99
13679
99
99
240477
99
25892
188000
201179
264341
99
99
44919
98
99
325675
402926
673
2432
99
99
99
50050
99
99
99
115020
62124
197040
107849
334505
175797
99
98
99
238022
99
730
99
118381
255849
99
99
99
104154
296211
5296
211876
527800
99
28962
104657
99
109758
99
86211
99
99
10036
99
99
99
99
54880
99
99
438283
99
371818
99
99
171049
99
99
99
52478
80241
32045
108951
6031
99
99
99
124034
68860
2573
364342
58469
312331
99
95
201371
88821
99
99
302750
99
8583
67148
179844
99
99
99
99
24445
99
99
149265
99
99
93
99
193394
98792
99
130921
357560
148957
99
247617
99
99
32863
214091
99
99
315887
6625
99
100750
99
99
99
99
407064
424990
542840
37928
157015
99
52130
19855
99
93
3394
54804
7793
99
284120
99
99
99
99
99
209496
235581
179956
8800
99
99
99
99
99
99
50702
222195
99
99
73916
99
99
99
99
99
99
99
132734
99
100839
274978
99
99
5123
455452
98503
99
99
212540
266752
99
99
99
99
169990
85
215741
77594
45109
99
99
99
98
12823
99
99
1812
99
99
99
312586
377593
99
123779
46012
227161
94
99
99
146186
229572
99
99
66069
246296
99
99
99
7647
99
99
164636
318797
46955
99
99
4271
16520
99
89416
393756
291292
205455
266846
99
435293
99
99
70015
99
99
84017
42858
4536
99
99
99
99
289682
14490
99
457427
385594
99
99
63478
36125
118531
69
99
99
99
459
99
37096
332049
99
99
209839
99
6614
289503
90095
99
99
92646
102492
99
67436
99
99
187605
99
9932
99
99
149566
6921
99
99
49564
99
268046
28219
150108
99
99
230417
118066
479586
99
7392
99
151346
99
121446
146603
20452
99
99
162257
259776
65371
40422
99
99
99
32666
179134
99
99
192157
99
99
499233
99
53656
99
27013
175812
15343
99
58578
98849
142513
145081
83738
316528
31901
99
103240
179458
99
200762
99
2517
1161
99
99
99
235683
99
99
99
99
134418
99
66
152360
255750
240371
98
99
99
97
99
23699
304184
99
38527
99
99
17569
99
177746
417841
4776
99
99
99
99
367005
2206
164508
99
99
420596
58152
99
99
487988
99
144551
75410
151687
99
10192
80171
258179
99
99
99
36507
130248
99
503601
208498
16761
99
99
1962
97
157573
599405
99
296394
99
97
99
144766
99
295756
99
341216
99
509634
188192
24243
99
99
99
99
99
99
188257
99
271244
99
99
99
112474
99
99
99
99
99
16525
177978
99
99
299512
99
99
99
13906
186211
7604
99
99
133953
99
99
85899
81278
95
50633
94
416489
45725
99
1844
426113
99
384072
99
422649
99
99
99
99
162277
99
99
99
99
247156
99
53701
28453
227240
99
99
99
99
99
54416
99
99
221641
99
107031
99
99
41427
2854
99
99
364994
133799
99
166252
27780
99
99
36591
99
99
49564
99
348662
99
99
99
99
244418
99
99
332769
337785
206566
352981
208924
142374
84020
171510
53533
174510
414187
99
335837
90651
99
99
174633
256767
225029
99
99
99
99
98
99
99
18561
99
99
99
99
291919
99
99
99
75126
253217
393992
99
107268
269400
99
99
99
99
99
165693
99
99
99
143897
15201
99
99
99
523546
99
99
99
99
99
164068
46880
99
403391
99
99
99
99
99
78812
99
99
99
99
99
99
99
99
99
99
99
99
99
99
99
105564
76543
99
99
99
99
99
99
279
3436
9013
482485
395113
26665
99
418491
339056
513764
73177
96
3494
221258
99
99
127934
99
99
22635
12740
121054
118977
103401
72152
99
227810
99
99
334144
99
83732
99
289061
99
99
99
280875
99
45901
226521
54908
17545
99
166332
209987
99
83689
62392
99
99
497853
99
99
99
556884
119352
93
99
99
245998
98
69146
112347
99
25838
99
99
77580
193070
99
23351
99
287322
102415
412464
99
99
371831
296925
111760
99
32611
254725
260950
99
220333
28118
99
99
147903
99
99
99
10782
99
99
48022
91739
99
132780
99
33013
16347
99
306025
99
142764
99
99
99
82937
99
99
290056
200203
252060
99
146662
283919
99
99
32338
161125
9200
24570
165990
99
99
48273
3936
24003
99
99
99
158933
99
99
99
99
99
35970
66186
314275
99
99
99
239177
99
7020
130382
99
121126
12332
99
99
1630
99
242251
99
344886
99
57014
99
99
66390
99
99
99
255
215591
84435
120015
98
132607
99
98
421439
99
99
99
99
99
194674
99
244899
102
99
140338
99
99
24805
99
99
99
99
446911
99
99
332587
227988
171594
99
99
394049
99
189735
102336
99
49327
407924
99
99
99
99
258963
99
321355
94
99
68165
77548
108902
99
99
17783
99
154579
100670
99
121301
102129
74845
99
18706
99
31237
99
164017
5380
29957
79003
99
278377
99
261589
99
99
99
99
99
40359
99
99
99
99
97201
99
276920
217825
99
99
47395
221383
204933
199931
99
98
318609
99
99
146949
99
99
99
99
99
99
98
102994
38432
221188
492711
99
281596
99
99
99
99
99
461199
31846
355291
104669
99
250281
76800
99
91861
99
99
298619
99
160746
74949
99
353211
99
367716
111461
99
16309
176645
99
99
99
99
375661
243879
22879
99
99
41173
59157
99
99
26935
89885
99
99
29162
30566
198985
99
99
125558
99
39468
99
99
99
185536
63048
3470
99
102158
417940
20507
285000
99
9344
99
14304
98
99
99
99
99
6803
107092
61891
7645
30002
1024
12008
99
101725
393639
99
99
99
432274
99
42894
99
22979
99
99
99
185478
98
568523
483931
231865
99
99
99
28883
176025
413825
99
414504
20000
99
99
99
99
102214
99
99
365149
178684
267639
99
468649
99
99
99
295621
198928
99
99
99
99
99
229732
99
397559
183030
241433
99
99
52000
99
99
3439
79257
99
99
99
99
99
93
158107
99
99
87220
99
99
587395
112510
99
99
40323
99
509509
3980
99
192735
99
172284
99
99
328049
99
43289
57179
389932
99
17870
325987
99
234730
171908
99
51328
58435
221463
220965
99
99
15729
99
98
133843
24633
42235
99
28364
124015
99
99
157788
99
99
156788
506861
26139
113755
34032
355009
19374
99
61200
99
32402
94
99
585464
44829
15654
20648
99
99
83398
99
167055
99
48489
66462
99
99
99
68189
99
99
99
195648
60154
1546
10130
99
99
540237
99
99
99
99
91863
99
99
99
99
99
99
178989
175227
99
99
99
114476
99
36662
138657
11990
233602
99
99
10372
99
99
99
99
99
99
410251
291030
99
433470
393187
99
103918
99
99
4662
99
99
99
99
99
99
2269
99
99
115498
4699
99
22391
366320
99
99
262734
292035
7690
99
206845
428623
99
99
97
99
99
99
99
99
99
41510
291053
99
77116
150023
99
99
303871
111588
99
139916
119276
99
373742
99
99
35005
99
99
179953
8589
198697
235912
99
97
99
99
99
99
117524
99
99
99
164139
29578
99
99
28011
127005
99
99
99
99
99
8804
516627
99
10920
99
99
57185
99
99
99
231871
99
32673
99
99
53821
64477
3905
99
2611
99
99
99
99
99
99
99
99
26103
99
268192
99
99
39653
99
99
99
48455
350908
304035
269270
143463
14198
319474
99
167697
1376
403927
251362
99
99
99
99
328706
99
125061
99
99
99
99
99
99
257629
99
99
99
99
282036
164930
77890
170427
81828
175378
275637
99
99
99
99
952
99
93256
304225
99
99
99
99
99
99
99
99
99
99
99
99
29175
64866
99
99
74083
98
52687
99
106055
168279
99883
20615
99
99
102441
47010
47520
23385
139719
17363
42522
71898
41803
131526
95
214672
434436
41007
127410
191804
99
99
99
6164
62042
5271
99
150743
99
99
60934
330306
99
98
99
99
99
99
99
99
99
99
242891
319255
99
273132
99
187052
99
12666
783
99
122239
99
161357
99
99
99
99
99
275332
292585
370950
261702
99
97
99
148244
99
99
357136
99
23489
302999
99
99
99
99
153091
348349
138101
62727
98
99
51376
99
142516
99
186226
104370
196293
240441
99
99
301616
186932
67721
100504
450320
109691
99
260713
99
340930
362437
131169
99
310168
99
99
99
61081
99555
296104
34647
444553
257358
99
99
99
99
296837
313573
99
99
99
12479
99
5727
466611
259292
99
99
99
223382
211362
99
99
166037
99
99
180385
99
124863
293053
155304
99
148368
341419
99
439039
99
99
43573
42481
343236
99
20429
207352
353375
254533
193061
35327
237510
99
63088
99
130157
143681
99
99
99
158234
99
99
12930
99
324332
247488
99
99
99
99
168867
159888
99
99
33375
99
99
4020
99
99
99
179253
173531
151568
50795
28466
99
99
161163
32971
99
99
237824
331211
99
82213
455683
99
99
288976
99
99
99
416854
9821
99
99
99
241354
99
173289
99
99
99
99
184808
99
26589
9639
222526
99
263046
99
99
151107
99
229516
99
105307
419888
3989
99
14691
144680
98285
99
74390
99
99
32722
243250
99
99
99
253135
1338
199816
99
446768
2356
99
2478
99
98
47449
499095
99
99
99
99
99
289274
99
99
99
99
99
99
326199
99
159808
98
99
314354
127313
99
99
99
99
385937
345924
28126
99
99
99
160729
147576
453811
99
4344
15727
244835
37367
13671
91396
99
99
99
141199
133918
39527
99
99
99
99
552719
30992
89
48216
133120
99
374152
303533
126462
99
99
99
94
256257
160267
99
99
99
199734
99
86108
97
89
99
99
170378
99
99
6164
203183
44060
99
118775
1555
99
99
99
99
230038
261641
99
207373
99
99
99
99
96
68557
99
99
99
99
99
99
132016
99
99
179139
99
91274
300556
161492
99
99
91768
162999
393435
99
99
128445
19437
300959
99
52963
99
52520
568
99
160043
31904
99
48983
4590
26585
37245
60067
99947
17863
99
67
99
99
247992
116583
99
95241
99
13938
41480
118528
44752
212164
263953
3361
11980
96
56546
99
60484
99
213507
99
341372
99
99
99
99
116505
56728
11076
366912
32321
99
65966
99
99
99
138401
274515
232870
99
99
5909
360607
99
99
187345
99
99
99
99
99
365088
17533
99
99
99
133354
99
54057
99
136951
277234
99
68842
99
356762
99
32867
208106
99
99
57995
280084
99
86528
63420
99
99
99
99
152722
89069
99
64931
99
99
35668
99
99
99
99
99
99
99
18254
99
99
99
99
300347
99
76014
99
9296
99
99
3533
91622
120101
99
99
121166
425978
99
112
181320
26894
521046
159750
99
99
353238
573409
48862
99
99
99
99
394129
165644
17218
9120
99
99
99
99
16952
99
1171
125683
260692
99
49972
98
99
99
99
116913
99
233268
99
99
16993
99
61531
38881
294496
99
99
99
99
103839
73903
60436
60143
8258
69244
99
99
99
88003
98
99
348654
99
52276
317901
99
99
99
300830
99
417911
99
99
454276
55524
9780
94
99
487783
99
10160
99
99
99
106717
99
99
226785
43177
320397
198563
126054
156337
99
206798
36046
17595
260226
202583
99
99
99
18493
99
99
99
230927
99
125008
227261
99
99
52636
123438
99
99
82450
99
23496
218091
99
99
99
99
116211
99
15163
99
99
99
99
396788
99
99
99
34285
405631
46085
131987
99
99
28287
55218
99
42365
79940
285096
201099
110822
99
269605
99
543
99
88422
99
24529
99
72770
99
176795
31521
99
99
99
124492
99
9158
99
72897
99
195353
99
99
360445
19783
51695
99
99
99
84446
349711
99
99
320746
99
99
99
508836
99
20694
38955
338798
99
244603
99
99
380103
99
65181
42315
99
352650
58961
99
99
99
99
92369
209336
99
99
99
99
44508
99
19915
99
99
99
150566
98
99
328256
99
99
16329
99
303036
99
99
98
557302
97
22227
99
332773
34226
99
10849
19727
96413
99
292928
99
99
8876
99
165153
10959
99
66208
2966
83646
99
99
154507
99
99
274615
99
99
99
99
98
367884
99
59916
99
569
99
292329
342203
99
71415
99
43489
99
99
99
99
6920
82951
154254
99
99
15117
225922
99
127395
16445
1917
67883
99
123515
161216
150054
99
7966
99
249342
99
86376
362406
99
137293
99
231725
99
152205
99
62004
99
99
99
99
99
99
99
11080
99
233069
9623
99
99
99
44126
99
58548
99
99
99
99
99
99
99
99
15457
99
98
99
99
99
180054
99
33542
112980
99
99
99
99
99
59229
99
99
99
99
155835
99
3756
26413
13743
199678
314753
98
6503
99
40823
99
32708
245671
99
99
470550
99
70344
26280
99
28890
99
68195
99
3501
245215
99
46270
99
99
29694
99
99
99
172606
99
123585
172383
99
4810
593332
99
35897
268534
127378
99
75025
579266
99
99
70890
11496
99
59473
99
99
15647
99
99
170497
14696
99
14324
13389
99
99
69015
189710
462760
99
36258
99
36379
5773
77535
99
77446
99
99
18870
99
201731
99
235477
99
99
99
78468
6340
89
99
99
99
99
99
373957
273537
99
99
99
5761
99
197293
433242
109528
408341
106962
99
99
49382
405868
100740
432779
90709
338381
99
68759
99
29298
99
99
99
99
99
99
99
99
99
426147
99
99
497782
249171
104804
99
28706
99
310771
99
188402
99
99
99
99
99
515933
9532
4878
98
99
99
99
99
442208
99
510243
99
376783
54543
99
215961
99
145093
99
22477
99
126536
99
12804
99
99
99
99
145629
99
99
99
498682
99
110449
227762
99
23916
222410
99
99
99
63960
136806
94
99
94227
99
99
4408
99
135373
99
99
171162
188021
99
216857
41184
123152
427076
99
98
1954
14267
16516
99
99
162336
99
99
99
175300
99
21134
99
99
99
99
98
99
86204
79662
66376
11012
337520
99
99
279118
99
4589
99
153896
47645
264402
99
424041
151191
63073
29392
394620
99
521704
205335
99
99
226923
258649
99
77844
99
99
57446
99
68774
99
99
99
99
99
99
99
99
99
165685
99
185718
222460
190904
99
259609
33371
99
443179
99
98
99
21107
99
99
98
99
259001
88522
50776
99
18762
157390
99
29968
99
10679
1822
4134
99
6381
69748
517837
169625
99
335762
99
99
38851
99
335260
328211
99
99
99
29966
99
99
114526
408732
179533
114384
274885
19379
165462
99
512993
281022
99
99
38995
187764
99
49576
164334
84862
98320
98
129674
29554
100563
36290
459338
99
99
99
205344
99
106101
194567
57467
34911
99
39948
407108
57583
168800
186175
66401
99
99
99
99
4395
275053
59306
99
20954
13998
99
41919
380544
99
162734
99
99
132980
99
323431
11975
99
130412
8246
19752
99
211960
121612
99
99
99
99
49592
55406
16849
275771
99
99
99
99
355446
99
99
95
352651
10857
99
116157
99
99
36154
516634
225415
64389
94820
98
200156
186096
262672
99
99
281566
99
99
99
64251
86077
99
99
219452
99
289468
99
19636
99
332916
99
75496
29634
99
99
99
147555
99
7179
155977
111712
5812
101238
249245
158417
59141
99
63602
99
99
99
99
99
99
30921
65823
99
21630
33443
99
452597
36142
266160
129668
99
99
9305
401811
99
99
99
187872
147070
94912
99
99
99
156337
99
99
99
755
85641
99
99
99
99
136529
99
87948
99
99
99
99
96255
99
37524
305566
99
345992
99
258985
99
99
99
32090
99
99
386050
53293
99
30512
99
98
99
21329
99
22313
112873
99
32374
292677
99
99
99
367545
6996
99
101570
407522
367555
198973
2852
99
341161
274561
99
99
99
99
597962
385511
231862
238781
43778
210352
173704
99
99
99
99
99
99
99
99
99
99
99
99
99
34281
183376
316653
118618
1926
12466
99
99
99
99
213723
99
223456
7091
75583
34277
81662
296300
77891
21348
99
99
99
209847
99
99
99
9501
160293
357297
99
84310
99
99
204495
99
99
99
224173
62291
99
99
253848
99
99
34083
99
238139
236327
160256
99
99
99
110109
99
8081
100868
99
99
19369
6841
99
98
99
99
398065
99
99
517395
99
301778
39198
99
99
159274
99
99
110566
246436
78978
99
99
214296
99
218341
25578
99
99
308129
156851
99
185171
1901
54513
106812
11675
24487
99
99
44863
321012
99
99
25588
99
201255
99
99
198778
74463
55185
258783
99
99
99
312684
99
49312
12049
99
37795
99
99
60465
99
20475
99
62408
99
99
99
23217
99
99
35037
66247
99
99
99
99
99
189345
146926
99
554989
526734
269840
99
99
99
22255
110620
99
338
47752
270829
99
26725
99
99
99
99
99
35095
99
99
2580
10335
160250
7196
99
21894
99
99
58814
99
99
99
99
8633
99
99
99
126388
99
99
105451
366130
93
81499
99
99
145325
163338
172452
99
99
99
99
134071
99
43053
99
353792
10132
99
187160
18475
166487
15006
99
16998
77505
259956
99
78271
154805
99
521069
61283
99
99
99
99
99
99
99
99
99
99
527541
382499
133254
99264
99
99
307711
451562
99
138572
185903
2917
99
99
99
55919
99
99
65418
99
231893
99
216084
124137
48467
214276
99
16410
99
189487
41175
99
99
363622
99
39067
99
31773
74
99
235287
42016
99
99
99
99
99
99
106176
99
320169
306796
7783
39112
99
99692
99
202908
143753
40594
58346
383276
99
99
99
408189
16170
99
335
99
15847
99
97844
404381
264561
207172
55516
99
71558
49221
99
99
99
99
99
99
99
28089
99
99
99
99
393866
99
99
4583
262955
59883
99
44729
99
16831
99
46704
95343
121498
167384
99
99
314892
177752
114807
99
99
512902
47085
99
561211
25254
99
153297
207855
109803
99
99
14593
7882
23641
99
127678
99
99
99
154391
33067
99
99
99
99
161428
299985
121060
301536
99
99
99
99
83244
99
30593
212941
203678
99
99
99
97
12196
99
99
64915
99
309
116467
99
17921
53474
99
97146
99
99
99
99
99
105736
7374
99
282007
57968
11771
99
99
115567
65618
99
99
61624
73035
99
99
99
99
27733
99
477372
88806
99
99
99
99
553428
99
17666
99
99
30904
304405
99
118070
243231
99
99
361883
48043
99
99
99
99
39817
99
25857
25067
99
99
99
99
97
99
240337
99
190471
99
87167
99
99
99
34690
265797
99
99
136136
299886
99
99
96335
99
206696
50858
6345
591975
99
54116
99
123462
221999
110680
248739
99
20019
449435
94
127149
215442
99
36104
165548
137492
451015
442241
99
48811
57002
85945
99
99
91
6433
241789
99
99
10152
40399
99
99
381607
99
115575
418562
99
73824
99
4861
78688
357960
103872
99
135854
86299
469585
112817
99
99
233239
99
66412
99
477194
99
132392
99
6455
99
99
221151
20079
99
186783
243479
244540
71255
68940
99
193361
99
367861
99
401734
99
99
263379
99
449808
120046
118094
190913
99
95
99
99
7497
99
74043
21517
350441
99
99
64824
41847
53758
99
99
99
99
56430
99
123363
192508
276565
270613
99
372699
529722
99
99
204953
114835
99
189143
99
56251
241686
99
248684
184842
401000
99
58215
99
99
115016
99
99
99
99
99
27800
99
99
99
98
42539
99
152324
9446
43557
108510
99
130491
99
99
81292
596446
99
258059
105683
214873
724
27174
99
384376
68924
99
430248
7795
266418
99
99
34278
50719
99
99
238006
58930
99
99
101365
213015
99
5328
190075
99
183364
24067
99
14033
70523
99
49192
124103
99
201472
99
99
72927
99
99
478201
99
99
273429
99
354281
340724
98
66990
99
20470
99
35100
335532
99
22173
99
194881
99
98
99
155820
99
99
31236
99
99
80375
99
348303
97
186937
160991
63935
99
188733
336877
99
116021
99
99
267645
254066
14968
102583
122436
99
479368
99
99
33275
99
530476
506026
99
404795
100306
255099
44
99
304024
91484
99
99
99
106028
30847
99
99
25625
99
99
99
188464
30822
216979
28608
99
82186
99
554764
2057
99
99
99
99
99
99
99
325636
96195
99
89
99
99
398503
139318
315791
525464
99
99
99
99
228421
113485
99
99
217481
279277
2506
50310
99
99
103306
99
104128
99
13926
209235
304270
124428
330151
326093
321752
67211
201274
1336
98
101828
231174
34917
99
211497
99
18581
32805
84616
99
54434
24986
60772
99
52049
99
66184
391148
287616
99
86279
182208
99
161844
144753
99
47641
98
99
99
99
505207
117157
99
2222
99
99
99
288670
99
99
99
83081
316338
88678
99
237536
99
99
280701
99
35423
32485
2861
226940
99
99
98
99
99
307693
99
125090
99
99
99
430120
500536
99
99
119725
25422
98572
453488
62748
99
99
32616
103532
188479
349157
99
5744
99
99
99
265625
99
99
297262
99
99
264577
99
99
23974
62546
212441
99
99
99
99
99
99
99
99
282098
99
182599
388579
48007
99
99
227647
99
313721
99
42500
49769
19285
99
81106
2311
99
299186
99
214837
99
43362
180759
55317
73
199710
70111
72088
220002
99
99
216188
99
219410
99
343061
151346
99
71490
20150
99
99
131346
99
99
117183
99
230687
82887
99
99
99
305764
99
99
99
99
240191
99
99
99
128981
99
98
10174
7350
99
82638
99
29986
11997
99
247639
166557
16434
62845
267615
99
202799
126630
99
99
34739
99
99
94333
279532
26520
99
99
99
99
99
54416
99
99
99
99
22576
68039
114615
99
99
202463
83016
94462
205651
99
99
99
99
99
99
99
99
99
99
348507
96815
99
195482
98
12101
21761
131313
95
29649
99
99
99
99
99
99
99
355416
361970
99
99
99
99
99
297075
21810
99
142235
99
307522
99
243681
99
99
391713
211283
91796
426680
99
4180
243037
99
166333
99
99
31592
99
66973
99
99
161562
421004
19768
99
99
171080
158283
196539
99
402924
38744
258596
187222
99
99
99
99
301780
46596
99
99
99
99
99
362775
99
99
330400
99
64811
99
99
99
2093
72074
309571
98
99
99
99
33362
63997
125300
99
99
264444
99
99
98
99
201020
99
184689
99
106463
99
99
25234
99
553771
99
99
99
82836
314074
99
58755
249427
77406
99
11238
161568
99
424893
99
99
99
41658
93
99
126675
99
189673
99
41120
12574
99
99
151980
99
99
218999
541554
99
335848
99
99
99
99
51756
99
98
343126
99
125455
99
99
245680
99
44064
212507
99
99
41028
165
24325
41738
99
30426
16318
7820
209599
99
3188
97
99
99
99
122322
67891
196141
56
99
99
99
99
199677
99
99
54084
99
99
99
99
245910
64420
99
262374
99
40250
71685
99
99
144858
99
265361
99
447258
99
58135
54720
142889
99
99
284554
99
196610
40588
25834
276468
99
75143
99
99
105328
30748
99
94682
99
99
78077
153355
52752
99
99
99
101638
99
99
99
99
99
111350
164586
37059
99
167460
99
42252
135771
99
99
154204
99
99
18349
99
2501
11143
43487
99
99
360379
173712
3199
120129
99
68210
243551
99
80
189522
97
99
186111
99
99
99
99
20485
99
102951
90574
16414
398598
99
151393
54779
357496
99
110694
68
99
99
40090
99
200419
68894
99
15746
99
204186
541740
114660
99
99
99
95
99
516818
99
146785
35
348565
62572
58437
94900
473040
99
182035
99
397454
59874
99
443479
161561
239620
1078
99
96798
99
99
99
1266
99
99
32495
25933
140962
99
99
60827
23265
148588
11555
99
99
99
99
99
3292
80611
99
225678
145158
99
43234
182560
99
158812
99
99
99
99
99
315568
99
99
45427
99
44742
99
99
99
60289
333626
1649
363608
99
22992
28545
92
99
39905
189387
99
99
223781
99
99
12860
99
24873
126740
13468
4967
74512
1300
10481
92811
323924
99
378215
106958
99
63761
99
1322
99
339756
146712
99
31323
99
99
123494
65996
99
158225
282673
99
99
99
99
266009
99
99
150489
99
98
168172
288325
26281
99
29379
800
99
99
99
158682
103430
310164
99
99
99
4511
99
58145
99
99
99
99
228794
99
135087
99
139866
99
99
17255
61659
99
99
99
99
99
99
99
95605
99
163156
275601
99
99
99
203180
99
99
163062
99
99
99
99
270730
99
21089
99
18266
217977
429842
68611
99
99
26044
583275
99
99
99
250360
99
99
3803
2581
6439
99
99
44514
99
99
99
99
230864
99
257653
99
99
51894
310489
194882
248024
99
99
236944
99
99
33110
99
99
99
99
272750
99
451725
191037
143419
190609
99
28326
99
2963
69280
99
99
99
221379
99
103107
99
137777
99
260667
32488
97
52789
99
317739
99
99
67985
99
5325
179010
104913
99
238441
99
513708
217498
13308
19781
99
235536
122
112453
299729
99
99
376996
393353
155018
99
99
99
196566
47350
177686
99
121740
106366
99
99
99
494539
91312
19494
99
242639
15200
132688
99
317776
99
99
83693
99
99
99
195794
24142
208538
172732
99
4447
1986
21493
99
99
99
63081
3702
364837
5766
99
98
256287
99
99
18513
508946
99
216072
448
176288
301951
99
99
24277
99
52906
14240
320057
153321
154914
289118
99
99
99
231010
386987
25678
99
99
99
99
99
99
99
100922
46247
99
99
99
99
99
99
98377
99
216160
105669
45085
145855
99
99
99
99
489175
99
99
229590
197781
99
35942
99
43507
99
296847
233584
12174
99
186375
99
99
112421
99
99
81693
191318
99
99
39723
41721
99
99
99
99
99
99
99
99
99
332384
99
12911
102896
270677
99
169197
99
99
98
25339
117
16975
44061
99
83
99
162050
99
26690
99
1833
99
99
169421
43513
99
99
97382
117284
99
75
99
13321
99
29975
99
99
99
99
99
592554
99
356759
99
99
156855
99
89828
99
577784
157202
99
99
231542
218632
99
95141
99
99
200118
99
89937
71548
129998
1163
99
99
99
50631
99
99
99
99
99
301373
71391
99
94955
198004
99
439949
161368
99
99
32594
99
6952
99
99
53742
99
114199
69733
161634
38283
99
186313
5221
99
99
17459
97
294120
19195
99
99
99
106915
86284
99
10657
288108
99
2822
99
118939
169932
99
446498
313548
99
400846
142516
90853
99
99
118854
5350
99
31169
46387
129932
239181
99
128210
141584
99
212674
99
99
99
20651
99
99
48219
14528
58209
99
99
26825
99
99
38163
99
99
99
438327
55445
43629
99
206731
99
99
99
99
540377
99
46103
68802
99
99
99
99
99
39888
26672
99
420346
47164
99
99
174284
99
99
149663
27835
411357
143265
242075
99
99
258613
99
71207
519170
99
99
99
99
99
67513
99
3365
99
386555
99
135267
21158
99
199937
42404
167414
99
99
99
99
99
86038
193541
99
30966
99
99
99
2276
56700
99
54778
12766
77644
99
368515
99
99
99
40628
572223
99
72226
99
99
69704
390668
32115
22069
99
336103
99
126143
99
108704
99
99
99
182682
99
267578
66556
89
99
99
99
109889
382659
99
99
99
99
99
99
99
99
173837
99
62968
73371
227179
99
99
114752
99
57214
99
99
99
4178
99
375511
279745
99
99
9376
99
20189
2726
84
99
99
99
50632
296203
99
21820
452097
99
232067
306229
172439
33025
488327
99
99
189056
99
99
157773
74332
449327
96007
99
99
99
7176
41466
430137
30748
50979
6499
430712
284889
308083
99
99
145422
99
98
7515
99
150726
5998
99
214964
99
99
99
99
99
99
116307
40358
99
99
99
447666
102478
99
99
236133
24926
24171
99
222810
99
18729
97
1642
369836
99
56474
76801
482771
358039
137569
303373
99
99
48794
99
431164
261056
99
99
109656
134540
99
99
119525
469
99
43560
99
99
560771
293973
404402
99
99
10037
80751
216586
99
421738
99
327477
99
10288
96
99
38695
45532
99
59157
47611
442683
99
99
362391
99
99
99
99
99
160247
99
268462
149315
11501
19917
48463
173265
74129
62075
99
94115
98
99
99
467184
99
99
99
175407
99
99
98
99
99
95119
99
99
15536
99
99
99
14264
1024
99
99
99
9093
121946
99
177119
334829
99
99
99
99
18444
250889
99
99
99
274385
99
99
206446
3913
99
99
99
18391
92305
99
99
64161
381031
99
147314
233361
99
99
99
99
99
99
14790
116528
88266
99
15633
27353
83395
58278
81224
253205
217119
99
169121
111033
231095
99
17964
398369
99
9594
99
99
62475
32912
175175
99
99
237970
58324
99
99
99
99
302161
22066
99
323134
99
99
99
225963
49188
99
158267
6120
99
85966
417726
233434
36241
315573
148314
54957
31309
99
406640
177394
26960
99
81530
250201
99
99
99
218850
420372
229538
99
223138
99
99
43693
99
99
99
99
99
99
53567
99
15855
181017
142711
99
99
5351
99
218896
88306
99
97
342469
99
142310
300471
99
2091
99
99
99
85696
9052
167719
99
223417
99
98
99
99
99
99
99
99
434078
99
99
99
99
204057
123160
99
99
99
185497
405823
97
99
99
26380
99
99
99
99
99
8180
99
304255
474935
99
99
99
99
95009
99
309257
80583
288576
99
98
99
99
659
99
278154
99
207420
159677
39557
99
144557
24014
99
99
99
99
99
5725
99
99
99
1921
99
153485
127545
231236
150602
99
99
3966
99
67189
99
99
107535
99
315462
99
99
249062
422283
81911
99
99
71154
99
99
99
24501
1952
99
99
99
60198
99
99
295322
56712
99
17069
116875
64581
262692
99
99
520014
14954
206488
220835
105296
99
99
2831
99
99
304084
395716
16190
68802
99
25258
22223
99
8930
99
110449
152200
99
99
51347
92048
99
136119
99
99
43973
15564
6815
78071
99
99
99
99
257643
110403
340575
99
44967
99
99
387763
106381
188838
99
112328
99
99
99
99
99
99
99
99
290267
131363
99
3679
99
99
8498
291079
68599
99
132702
99
99
99
515227
99
296242
99
465295
99
99
304864
693
99
183479
35169
190408
60990
99
99
99
173570
99
99
316541
72925
226658
99
96
15177
99
99
33787
99
99
143102
357382
99
99
229242
99
99
99
99
99
99
99
4485
37305
99
176837
222706
99
97561
513035
6189
99
99
44878
23553
99
56601
99
99
99
10530
99
103151
99
99
99
99
52763
193666
99
8605
99
99
99
99
250226
44514
99
99
268249
25343
72529
140599
99
99
2715
99
243111
241737
99
110314
164463
19075
51954
8480
99
99
16748
20257
99
259495
49348
175181
99
99
99
134941
99
6771
460877
221477
150396
113153
15193
56934
188692
44533
179690
61949
10025
99
43936
31819
98
99
455764
99
3124
326492
99
306173
99
379120
6249
99
29775
99
160211
99
15918
390437
99
169177
99
99
99
3344
379534
261
99
90232
171429
399984
118476
99
553172
99
99
273776
25289
99
99
15739
250955
143103
99
65494
99
99
99
99
24779
99
99
39307
99
99
99
491776
99
99
483135
186708
89976
407756
192033
57560
121
71438
232366
291255
8428
99
99
99
99
99
47040
99
99
99
99
89904
99
99
39163
26079
545883
64553
81926
99
99
99
99
112913
99
17212
158134
99
99
99
99
99
99
99
279279
99
99
99
99
99
99
99
99
99
99
99
99
99
154146
16357
49041
22149
99
260922
88
99
140806
424987
260380
72536
99
52878
99
97
99
261694
99
99
33760
99
377784
84116
99
74745
157088
132150
377661
339010
222585
82400
99
220050
99
289932
344757
63068
99
99
389888
186376
248523
121839
99
99
99
99
99
99
99
476654
99
99
99
546592
4809
99
112764
99
223523
65738
98
99
271046
203929
99
40659
99
99
99
99
99
99
431992
1288
170065
322049
99
11282
99
99
133343
324451
99
187997
99
43855
99
99
30497
219209
68518
99
98
225234
99
83370
15378
99
147929
341614
99
99
99
39496
99
192825
467139
406546
99
94
289368
99
127714
198543
99
99
99
99
333190
99
99
6616
99
99
99
234612
227141
242624
188178
99
99
33261
99
99
99
71242
54187
99
99
99
99
7961
99
345651
99
78536
99
99
97
99
99
48912
211465
73671
94632
238386
99
331873
99
199195
99
50717
308423
81890
162753
99
116229
99
99
35574
99
353989
4040
99
12226
504846
436866
99
99
99
153451
86674
208062
99
178122
99
315180
99
99
259023
99
38936
99
37667
112977
422504
419
99
43418
99
99
99
99
33744
20822
99
99
336462
232754
99
17146
122987
388232
99
178070
11906
99
99
99
38050
54070
99
219804
402981
99
379076
99
326779
193198
99
99
208699
99
99
147827
71605
363979
89914
89920
52751
99
116297
99
99
7562
99
99
99
99
99
99
99
99
95
99
40819
99
99
175157
99
270190
99
99
109919
99
47134
109712
47970
99
99
204893
99
65
99
360282
99
99
256812
99
99
99
562490
167265
223619
60670
4951
264754
101132
99
292106
99
99
380092
259186
99
99
99
99
412764
107344
103070
99
99
99
99
131851
27579
99
99
99
99
142128
145197
99
99
592464
99
99
99
8951
21904
121543
117594
99
255102
99
295656
99
99
99
99
99
2080
468810
388341
99
99
99
56406
342013
99
99
99
277241
256883
99
99
99
288395
282848
99
99
99
449507
171230
99
776
99
10818
99
99
29532
224722
99
99
448135
99
317256
99
13891
321102
200797
99
126397
99
99
65840
99
99
99
107470
99
154735
99
99
58322
364635
99
1122
99
281287
131277
74907
135305
108441
65999
99
99
99
99
316016
92368
99
329744
99
93732
99
99
99
434425
44907
264884
99
70156
85879
74100
99
80237
99
99
99
138324
358608
273294
34072
52590
99
99
99
94706
99
99
184902
99
27184
339603
99
4671
99
95631
99
99
80280
13307
229
99
99
99
109909
128817
99
99
305193
99
99
343282
99
99
99
99
141383
46331
191793
218248
99
99
325457
98
99
99
99
99
35491
158404
459086
99
99
99
99
77363
99
262019
86532
9163
33725
337572
99
99
99
402404
99
98
105410
241017
467178
43811
93434
99
99
291252
16552
33712
31893
99
99
99
99
99
4753
389733
99
232052
99
179380
99
99
99
99
133699
21956
99
99
99
97
136422
30057
20353
396367
99
99
100896
99
273903
99
21892
99
596240
99
417606
140222
24755
372797
99
256938
99
93
51066
8781
99
278279
99
4010
99
99
289148
12849
603
99
99
280468
99
99
11177
136057
99
170661
99
99
43385
98
461882
99
99
99
313088
99
99
94
165271
189777
55430
98916
46404
99
9413
99
99
99
38226
52173
97
79076
70833
496491
99
95852
99
136600
99
200489
99
99
260107
99
99
99
8017
435618
142988
214304
99
99
131271
99
8807
95030
60247
99
112879
5399
182782
34373
167615
99
99
19288
377
7546
99
99
99
99
87965
75337
99
99
99
183890
376301
356447
101536
213878
25128
99
1753
57079
99
198602
99
99
99
96250
99
99
185533
99
11405
99
5386
95312
11378
99
99
18708
34681
99
92343
99
99
94250
99
93
20591
99
99
26922
245861
99
99
423450
9731
119815
185278
28851
99
99
99
143174
99
99
99
73052
25466
301296
178377
99
99
99
103013
217455
99
337584
99
279880
46132
99
99
99
99
53272
99
99
99
267038
13053
99
5626
99
22205
99
99
148171
138582
507046
99
99
99
99
99
16434
331101
99
102537
67142
161578
99
142111
98
7472
306433
78819
99
348295
99
99
172445
43873
365681
99
252249
24718
354628
99
481894
99
99
