99
270804
99
99
69252
57463
99
8022
99
4112
599842
492587
125011
27354
68
99
99
99
38306
99
333759
99
99
99
99
99
142588
99
62254
215981
23282
99
59277
398822
99
99
26778
48380
99
310712
41420
99
544605
247868
415998
91
284649
35776
389731
99
99
99
326078
225524
90207
153162
99
99
131089
99
99
99
22414
99
79404
253210
52177
208504
99
99
91739
169589
2675
99
99
99
50761
99
32872
99
99
99
181170
162755
99
2305
424770
99
202732
99
99
99
99
99
99
98
99
98
91878
59563
99
99
60712
99
99
99
98
99
99
31563
99
125316
99
11384
99
99
99
480525
99
154705
59677
99
379674
99
58757
99
99
99
99
99
887
99
99
68774
99
6385
17601
99
99
268127
99
45971
99
225968
99
195284
198416
37427
99
99
99
120106
99
181401
99
99
13443
799
324494
99
99
99
9953
99
99
80337
99
99
629
164100
99
62705
58683
99
244359
99
341701
99
99
134997
228513
72742
99
3383
126832
99
99
44643
71017
46694
106465
99
274691
7242
99
399958
95423
92110
42660
99
99
99
99
170198
8418
99
99128
62864
465977
99
99
99
99
97
99
99
99
99
216675
99
387781
99
99
99
99
86620
99
99
99
113288
76975
99
429899
10658
36615
50454
99
16630
518370
246862
280846
99
755
7080
217162
99
99
99
99
36231
99
99
165665
99
95
70423
3955
93409
99
99
509908
99
99
99
146430
195435
59508
99
99
99
99
99
99
488074
7385
99
172428
231643
231259
99
99
152923
94231
6947
183884
99
99
379062
99
38455
99
2422
33395
99
99
99
406779
99
99
87679
485440
101972
99
81949
27746
99
118104
99
99
99
99
161950
453883
248758
54907
99
383987
99
334433
99
99
99
99
99
461
61318
21210
96
99
99
35683
99
99
214431
99
99
99
60269
225635
105000
99
99
97
99
99
74009
99
76862
401665
2291
99
230381
115389
99
99
102710
77044
209793
105593
99
99
99
99
544
121833
11236
117772
99
2609
177790
75444
362286
99
99
99
120977
23223
99
237404
402827
99
49344
84239
53125
32146
201624
346694
99
99
99
133539
99
470353
16166
235983
214109
99
99
99
99
260234
99
141740
173609
87800
99
99
99
426165
99
99
99
358255
99
24016
98520
67
47200
215713
4276
99
483815
235350
99
99
99
99
120972
99
99
99
136940
99
99
111592
107010
99
99
99
99
6869
36407
29016
99
63169
99
15379
99
99
376496
99
98892
17777
99
16203
99
72701
16580
99
20248
99
23323
99
99
174858
99
438763
99
99
449327
272675
14219
99
99
99
105592
35551
99
38967
17256
89467
135771
99
253507
214594
99
99
99
45187
99
99
267054
99
32639
26039
99
41768
323663
97
99
99
99
143133
99
13467
251653
305643
99
3108
41884
99
64760
99
99
99
126379
99
99
268287
195709
65425
99
383538
99
396613
99
99
264927
144542
4051
99
45424
475137
444815
99
99
99
317022
99
99
91297
44380
99
8654
249878
118112
28554
314789
99
429430
99
11101
295984
99
99
280521
45564
99
99
75929
99
99
99
155440
289249
99
80200
15296
258315
99
243175
99
496381
275994
99
65840
99
475804
409588
99
99
88
316516
256945
99
99
99
541282
52342
94221
99
99
132430
99
139988
111662
99
171689
213208
99
110276
364829
99
99
109130
99
99
99
18773
99
464596
99
179621
6956
106555
98
99
99
99
307533
99
99
99
99
99
152691
361516
120769
129830
500281
241971
99
99
127278
294737
103750
351830
124959
99
99
115734
85523
434871
99
217500
47195
50749
99
380880
99
99
99
99
99
99
99
174002
99
99
99
191959
99
5496
8077
14852
99
99
141385
191392
99
99
99
28143
99
99
99
136769
99
99
99
410247
46500
409276
54990
99
99
99
99
380707
99
99
22201
121172
99
99
99
475553
99
140031
99
99
99
96
23139
99
38026
99
56213
141188
99
99
271263
99
10741
187404
49294
5202
2246
99
99
2821
99
99
99
167352
99
99
205556
10597
99
99
530628
99
190751
33263
99
99
99
283530
482488
51561
99
99
99
154952
99
99
194721
102581
99
104884
229350
99
99
220856
99
5993
95
99
99
99
99
99
99
509055
99
99
99
99
99
99
99
291134
92807
99
99
51855
99
398403
99
250343
72251
342542
279326
99
99
151629
14393
263912
615466
99
99
614229
55589
19736
258
99
255718
55396
99
299821
86496
255030
99
128579
171854
99
170855
256410
99
91064
99
99
304186
99
167570
54922
6147
99
16368
99
99
99
115684
99
21364
99
26066
73503
261048
99
99
99
422467
127640
21257
325039
517946
97
528591
99
99
1459
99
99
99
302696
99
204376
14940
148645
208268
234310
518274
99
530361
261631
99
361161
99
31900
99
34333
20500
99
125468
143853
274499
99
99
163646
99
99
99
185378
99
9364
69735
99
99
99
99
34304
99
68157
5919
99
99
99
99
99
47556
99
180868
99
402435
478109
74771
132379
99
99
86791
356879
137041
99
99
99
99
99
99
172247
108234
99
99
40962
99
99
99
1789
23311
99
406590
87259
99
99
108289
99
102698
32006
99
115707
380710
99
99
524923
99
99
153430
99
24118
112030
297627
99
99
119132
99
340377
33207
23976
161551
1955
99
255475
132395
370827
110962
201726
99
99561
97761
289540
290154
386704
366539
99
205175
202534
99
186149
17242
83219
99
99
45010
20578
99
161371
239706
350749
234162
4021
99
99
198601
301617
184528
99
99
99
99
99
166702
99
79895
189753
99
1023
195038
293077
45228
99
51274
8197
99
562420
99
99
259517
54870
308921
99
29190
99
48958
413899
281502
218343
180098
13529
99
99
302628
596172
99
10900
49378
56716
99
99
355910
99
176741
96139
99
166148
161150
162340
357164
4375
99
107716
85996
99
99
99
131893
437305
99
261685
99
49886
99
99
82959
99
79371
227622
133742
99
40255
171096
466507
99
99
149921
4519
99
426457
16773
99
99
98
57463
22987
99
99
466193
99
99
55671
96
99
99
122162
64950
99
99
248660
99
99
91
120708
229945
122575
6001
99
124367
13593
107967
99
166126
99
99
2708
26591
99
261812
99
99
99
99
223406
42110
74339
470973
99
403691
97285
239718
99
191687
240033
516535
240443
152761
99
99
99
381048
65534
24990
201509
99
99
99
99
99
20787
245392
152881
51695
1532
48849
99
198549
99
99
99
122962
99
163188
99
99
99
12758
99
99
77305
277205
99
99
99
40766
11861
99
99
211033
99
37655
99
157290
99
88376
29867
99
99
99
45010
470863
29986
98
532
121886
57796
99740
99
66753
99
72247
99
393134
99
99
12284
99
99
99
87626
99
99
99
27382
328190
228583
99
99
99
99
99
82008
99
99
99
99
99
96011
85642
99
418586
106690
135576
99
99
96202
99
9940
305235
141820
99
1968
99
99
290646
99
135855
794
99
185051
99
99
187281
125260
314397
16230
473398
99
183330
311391
295107
99
99
4412
99
99
99
17616
99
99
68878
99
99
120899
170281
99
45410
177074
99
99
99
41978
277922
99
99
99
170093
99
99
431173
99
99
297568
99
127792
21863
99
533342
99
36886
296928
504276
81226
99
99
99
99
99
99
99
99
99
99
238
33168
200966
301666
127
29682
99
182911
608984
99
99
335259
99
99
106809
102938
2644
99
99
99
99
86666
99
99
99
99
199729
10715
318527
99
99
354610
99
99
99
99
99
99
99
1069
99
207333
99
446608
14063
99
99
93072
99
99
99
198073
99
196963
99
99
72171
99
23118
99
420366
5226
206264
38685
99
99
99
13318
99
91189
94
99
158191
99
22659
127906
55483
99
99
13597
369827
99
99
99
99
99
99
301446
99
99
102718
97
24389
99
53180
99
65378
107849
99
99
321235
11798
98
99
99
99
99
99
99
290969
99
99
178813
99
48028
47755
99
99
99
13161
99
149807
99
99
99
99
99
466168
99
431032
318775
81574
79042
117951
99
99
99
130883
99
99
81271
99
99
99
99
57594
99
99
54940
15434
99
97
69965
81174
216898
99
99
99
30173
99
12376
99
24164
58003
439644
99
99
62264
99
36578
225272
99
15434
99
99
99
99
99
214170
2466
99
158472
217323
271676
99
135788
13309
83778
99
99
99
111548
255572
136244
109221
99
99
99
99
166679
435682
99
73977
37229
65197
10903
99
99
12370
114232
99
99
65398
99
99
99
29837
121060
99
99
230320
42982
99
99
99
99
182316
99
65180
99
99
22978
99
99
477985
8105
384505
66236
99
435184
406010
341400
99
289740
48903
99
7236
99
18713
232194
3572
99
99
99
205768
99
234339
172383
162319
3668
99
155986
99
670
132264
99
99
164421
99
273500
503038
98089
183205
91207
258738
97
99
67098
99
99
99
99
58278
99
99
99
99
511054
162403
474874
602875
174715
169154
99
200978
99
99
99
418952
99
99
99
144384
67657
23256
99
261679
99
125598
99
99
99
99
313
99
99
656
10501
99
99
16473
99
295948
99
99
307787
99
99
99
99
156915
130193
99
28320
371956
95765
99
99
99
99
77003
99
17227
99
99
216743
99
99
99
99
126555
99
99
68945
99
99
99
99
13827
99
99
99
166259
41507
99
154647
147751
99
99
41458
368487
355928
20107
99
9135
115315
99
99
70187
83213
99
130277
99
99
99
313468
99
99
99
99
99
14191
99
99
99
551111
42002
99
75749
99
273681
195644
222075
138503
316115
99
6002
214176
99
121855
79939
11091
46992
218988
447427
501570
77938
99
98
99
99
99
23424
99
2293
15595
99
99
99
35817
98
12155
200416
99
99
99
265761
139543
99
301345
99
99
19721
213728
99
533847
99
190555
99
170737
99
27447
386689
586
79026
101037
99
99
509855
388938
72697
99
492399
21899
16538
128349
99
155238
99
99
44947
99
99
468109
56
80482
18681
99
25609
256837
256168
39735
424089
281308
54507
99
441406
183773
99
99
104114
99
300489
99
99
166949
99
150367
153976
99
99
99
84310
99
99
99
84617
99
77719
99
99
99
99
11913
95720
187271
195291
99
264654
99
115671
99
40317
31882
122803
99
99
134699
263837
61271
86062
99
99
99
99
59194
85565
99
579624
102546
99
99
1017
98
99
44547
180533
99
226222
99
99
99
99
99
98
99
99
99
161032
99
13534
285496
99
99
99
280928
69806
99
99
99
99
99
69694
99
99
99
99
64173
1108
161793
165592
99
144508
54538
99
98
236937
10385
99
494599
226385
83692
145539
99
392872
86429
150295
45294
99
99
99
399930
99
155580
99
99
52068
105786
84918
137542
99
99
137468
36258
358059
1289
55678
8087
89207
127325
178073
99
48571
143614
99
137235
99
99
99
5338
97043
99
99
99
99
205473
99
99
99
338608
28529
99
99
99
26702
99
5721
69097
99
112066
99
83938
172490
13267
99
99
36078
73016
71650
8314
122597
111336
99
99
99
99
99
244616
99
225069
240089
177791
99
99
98
99
57887
99
32141
41752
99
77089
99
185014
145880
99
111448
99
110901
99
99
50487
187364
121338
152180
99
143766
203410
99
3395
345407
5342
99
50054
105577
351490
99
11780
99
110364
159467
209225
191977
99
99
222185
3880
99
296902
99
202821
99
99
99
231499
50774
99
99
99
229991
99
99
99
99
99
94393
99
139797
177798
110663
10773
145389
4242
65204
9027
99
195822
99
99
99
174889
99
99
99
178057
99
99
442772
43526
80736
234043
106099
48075
99
92109
99
56095
158320
14555
99
3688
99
16906
20957
26494
8609
99
75410
228175
22334
99
99
99
99
99
99
99
99
99
158229
99
99
99670
99
99
99
99
99
99
98
211946
292388
61829
126920
8773
109621
99
96
99
81198
99
29842
98
99
99
455280
95500
203846
72024
99
99
62515
330909
99
179681
99
99
99
99
88531
225973
93
99
99
99
99
99
99
243470
99
99
99
477017
99
99
99
33910
99
220399
99
99
38306
158344
99
275238
25314
120719
256563
285368
99
99
133237
3730
203308
51374
36350
81880
113451
74147
43073
36588
99
99
99
99
99
166430
99
90850
99
436768
139996
62062
57994
237903
99
238892
99
212274
108308
99
99
99
99
99
99
99
99
99
99
459618
9860
339899
8181
99
250842
64234
99
73224
89206
99
56315
8077
160869
99
23204
425896
359338
235593
68027
99
96418
7971
108167
99
99
378459
5802
99
6438
230043
99
99
99
99
99
47321
99
99
99
410070
99
99
99
3017
99
21749
192750
104309
308339
99
105001
275318
99
99
99
55048
20360
99
27924
143784
99
112414
99
99
89
195721
99
103751
2127
99
3683
235502
56699
99
99
99
99
99
99
99
132110
297595
80373
99
66848
358265
99
112270
99
99
68591
235457
133439
362297
99
425954
99
19722
107756
120582
32996
99
76648
99
99
217205
99
99
99
99
99
238686
29956
99
156176
99
99
99
99
148387
99
99
99
99
82213
99
99
91138
99
8007
211795
99
185246
99
99
99
99
99
134690
6973
28540
99
28532
102185
99
99
319021
102200
4515
513607
99
99
75672
338224
66005
387543
126353
83207
99
577685
25738
523525
211579
43510
99
99
99
52037
99
22937
99
99
53233
99
88633
284103
287807
120101
37476
99
99
99
99
99
99
99794
99
99
384657
278554
493793
43716
99
2343
144963
9879
99
27578
336965
99
99
99
210789
5777
290589
99
99
290796
99
99
99
99
268591
99
99
260177
51485
142626
98
56680
331249
99
99
14849
99
103
12907
338855
26936
446347
98
6475
230854
219230
355932
99
99
98
7221
99
99
14515
99
31495
399735
99
233088
268413
99
353785
99
99
99
99
99
99
99
99
99
99
99
99
140302
99
99
19812
99
6804
150243
99
99
26005
99
99
338031
99539
99
89274
10869
99
5849
99
99
73610
41438
99
99
52326
99
99
98
41230
99
99
101960
406902
99
99
99
99
36528
99
16871
258774
13909
206253
99
269168
99
30486
185437
99
104706
99
133813
99
86246
131584
99
267582
2530
99
7677
6671
392407
39439
99
337490
99
30761
114694
69655
99
99
40567
99
11493
275161
22263
101552
99
99
232636
99
99
99
477527
183676
365908
121385
99
99
99
99
127092
78589
99
99
99
65
99
99
98
99
99
47514
99
10986
99
37286
99
362331
99
99
81295
291422
31277
353541
99
298324
20943
232853
83414
178340
99
93
99
22346
99
75488
301153
15992
99
99
99
99
367437
308855
99
99
99
99
99
62688
35381
99
336324
74829
27469
246673
57556
99
99
45218
41658
341613
99
99
99
99
99
99
99
146555
81638
33658
99
99
36453
25056
269970
406774
110430
99
226503
74998
198594
138852
361985
99
99
99
60179
416288
99
28171
240739
99
151351
99
245145
99
99
99
12404
366538
99
99
99
476621
99
140152
99
99
99
99
99
230997
51218
99
332291
12130
105077
99
99
99
99
98
99
180929
71088
37085
99
99
98
225773
57388
73733
189785
1263
99
160919
99
99
99
99
7900
99
80256
99
508331
99
99
99
99
62955
93090
12526
99
99
244073
197648
99
65359
25553
99
125819
91887
99
241116
160369
8871
99
148835
99
99
99
99
99
301918
99
21264
6819
99
806
595312
288825
99
99
18373
5786
99
99
99
36064
91
99
175429
99
161407
99
99
56403
99
99
302621
214558
7780
99
99
99
99
99
99
437189
99
46081
492884
59862
99
99
99
99
99
158776
264558
252838
13972
15338
158444
99
99
32526
99
13718
463604
99
99
99
99
53863
99
99
1422
99
78334
99
385283
2491
48753
111423
65426
99
99
130051
184462
282803
99
257736
99
49701
99
99
99
48062
99
23601
191380
99
126693
290641
99
99
99
186469
469790
6762
99
99
196664
380365
116751
98654
50567
99
205853
99
10833
99
293897
282746
343879
222223
36223
318700
99
99
99
113804
99
99
105616
99
99
301765
111455
99
133062
239252
322940
99
99
56859
99
44576
98
121246
4981
99
99
99
78
99
276902
103706
99
137842
99
99
99
178187
98
99
99
99
3986
99
57208
137454
99
99
111008
179977
99
46676
99
99
99
250032
41538
99
235936
99
99
140129
18427
17545
210383
99
99
99
99
124373
99
99
455609
230028
122358
180033
1094
99
99
99
376859
223147
22155
24954
65821
99
21735
98
99
99
469933
337235
106065
99
455835
24024
99
99
99
111851
265778
141041
359034
99
101698
288136
99
312848
99
99
54941
370673
99
99
99
321386
172228
103841
99
104627
99
69157
148624
123721
96846
161919
66636
1464
99
99
41991
99
99
99
99
99
8881
388718
9943
99
93
99
71497
99
114916
167430
12418
62222
99
99
9322
99
187635
105475
99
53727
17549
470956
99
99
363883
99
98
11113
99
222183
99
316792
99
99
99
99
112529
99
194994
154118
208378
30456
99
99
96473
141027
189153
99
99
99
99
340111
9343
99
178351
99
168934
99
215847
150440
13396
99
7258
99
99
38551
216323
99
99
226383
245769
370
66953
140911
171103
99
99
99
418281
48098
373280
20530
99
99
6985
22266
99
99
361595
43165
202507
99
99
99
99
412434
99
131843
96
257908
5940
150562
189614
38971
99
27398
99
112361
32020
51377
99
402
99
74971
99
99
16769
132088
88064
95
24064
28122
24012
99
17972
99
21611
411529
147575
310450
120328
139464
119803
99
99
17616
99
99
99
60537
206516
37748
99
207490
99
99
99
22664
99
427411
99
99
5725
99
193408
99
99
99
14362
99
132395
10511
99
259714
98510
99
99
163352
326611
155766
99
263066
109919
170486
6041
161369
152546
165682
432481
6561
355683
331283
99
265985
98943
143550
40398
99
53212
99
99
533926
74378
177903
11121
99
99
99
56500
78966
99
315598
99
99
99
99
153368
528306
17267
11691
99
215971
55471
356372
99
132849
318292
140620
99
36179
99
99
99
99
85341
99
99
99
99
99
75870
99
43404
493155
24360
99
613199
248042
99
251102
46929
326506
44077
99
4084
99
188524
99
51897
99
506559
99
99
99
162612
99
99
99
155049
158715
35264
99
253869
99
69308
5022
99
99
99
10129
379281
99
23273
99
99
99
99
83488
70112
87954
99
366549
99
99
99
99
287100
604
99
273498
99
99
523732
8742
99
107777
64954
132692
42097
34037
3142
99
28299
319519
99
99
223574
36489
230860
24085
154566
327854
99
99
98
163146
99
230516
419072
99
99
554232
260980
99
174235
103196
462820
99
179072
34732
147218
48493
299452
487019
99
79741
99
99
97
113596
99
99
18454
96
124343
99
99
99
5351
99
107163
99
232516
41820
99
99
99
99
82032
401110
99
99
20149
226717
15594
241194
77817
99
124233
31842
258214
109445
99
99
99
152164
331137
326831
330579
99
99
99
18621
99
50842
75939
23555
99
20335
268429
99
48453
99
99
99
55396
43217
23039
99
293332
44165
73591
99
48473
99
99
2062
99
40895
99
77268
99
188514
187163
437386
99
183052
6590
99
60045
99
99
76032
99
121460
10187
49480
233633
97946
404153
2201
99
238572
99
245589
99
86848
99
206302
99
11035
391585
99
209768
46292
99
99
12478
99
24524
126323
183696
134161
99
328017
209286
202708
99
99
99
99
81468
99
29585
521
99
293257
200022
99
99
53724
149209
6525
36455
99
99
99
99
275348
68099
99
99
99
244666
127
191862
99
99
99
124919
99
4170
123919
99
99
99
99
99
99
180622
99
65312
99
99
38257
37460
28250
99
99
242688
99
105510
99
2761
99
112843
30699
96
121328
99
99
99
106335
99
218273
99
99
103459
179653
99
45476
62516
99
99
16742
99
159051
31538
258504
44703
99
4200
99
150375
99
99
9548
97511
99
99
99
99
99
123952
567271
99
99
167439
99
99
291092
159768
99
99
99
99
349968
99
99
27492
139195
113690
58174
73093
153148
99
99
94
99
9148
444676
174238
98
56662
234948
99
26272
99
99
64051
3251
132551
99
99
99
560152
99
99
99
84227
99
77052
99
77031
99
10960
32031
164554
52893
99
99
50230
10536
193559
99
27719
42297
30540
99
4274
21382
179328
149328
129533
484327
18193
99
48613
14201
396952
117396
338313
99
68532
99
64609
3351
99
64391
120154
99
99
99
99
99
401550
29204
99
226100
99
29512
121225
99
99
99
99
99
99
99
99
99
99
29784
99
28725
219261
29053
199162
212282
99
99
99
81819
99
10236
99
99
99
99
99
99
293815
98
40104
99
99
99
99
99
20555
52772
9682
101421
216422
99
99
99
10978
99
315428
36412
99
139415
99
99
221316
195465
99
45865
99
36527
430297
22006
28581
99
99
50547
31099
99
17158
14345
99
68385
99
177615
87192
99
35155
99
99
99
7688
99
99
99
99
99
99
99
99
39609
99
13037
99
2367
99
123481
99
71689
99
99
99
81501
99
99
11499
51396
60683
99
99
186289
506
384726
105332
54154
6235
269951
99
181617
99
99
24037
99
5923
99
99
49673
199273
75374
99
99
187929
99
61043
99
155233
99
99
178920
50579
11593
10837
99
99
38326
99
99
56335
99
99
82759
67192
99
99
99
385626
274376
71499
99
155247
56029
215600
22185
99
99
99
1507
346293
99
99
99
99
6710
57496
99
43849
116614
99
99
99
10677
183301
83541
99
99
99
49524
97170
99
99
99
217875
99
1519
453843
137021
99
48209
99
287068
99
99
99
319000
153406
7140
237418
99
63287
99
183817
176091
99
38748
99
99
99
99
99
5906
32017
99
99
99
99
99
99
213387
99
350099
99
99
99
99
99
99
99
120564
148699
99
213294
99
99
6193
99
99
27794
99
99
28105
39444
29180
180249
121565
99
26830
170086
99
317447
99
13473
99
86153
15893
417549
90224
99
126025
99
322647
388257
99
183029
99
99
376256
35256
224874
99
150665
99
99
574758
99
288500
99
68267
99
99
99
99
99
243656
99
99
75827
99
84052
23013
372210
99
38608
99
157209
4412
99
99
99
13061
205205
99
98
190650
99
99
99
153563
99
99
99
531308
98
99
98
42576
99
176370
99
101322
200389
69753
99
99
99
99
229128
99
29725
15794
99
99
99
300203
99
12260
45092
515503
92
12725
13999
99
299013
99
82461
99
98
99
98
37601
99
350140
379224
99
99
59325
14447
99
99
99
99
99
99
44925
99
28274
99
331897
98631
99
75459
3175
99
99
78978
99
45178
99
24471
128579
99
48436
99
226179
145648
63075
163974
52565
99
99
99
99
243017
99
99
180818
99
306428
99
43559
167186
99
99
99
553445
99
99
29983
1286
99
99
99
184260
99
99
201086
28813
187850
99
300051
99
147723
99
75950
99
9589
99
170958
99
5976
72780
99
98
323168
394238
450656
29316
2912
127275
99
93969
112399
99
46720
503776
352452
44418
262934
31893
99
23069
48871
85963
99
99
366463
407829
275701
36323
99
457
99
127424
99
95
48727
222441
99
99
99
98
99
333607
89
99
99
332384
99
12432
99
170776
99
18918
28149
50183
99
99
90809
31456
99
83422
34239
99
99
99
99
99
85705
1906
99
170760
268352
99
99
156559
234029
271217
99
99
122760
17851
99
99
201541
502883
99
94004
28463
359397
209836
99
152438
136976
99
283246
259320
312729
24283
134450
236335
99
99
144407
99
28609
404035
99
99
112668
317270
99
125493
99
99
99
99
99
56868
327272
99
98
407174
421789
68942
62592
99
99
99
177968
99
99
277831
99
436462
99
99
2564
76895
165
252709
10644
99
570993
99
99
99
99
134992
99
99
99
99
99
160156
99
99
99
22283
99
99
46959
99
99
99
99
99
30006
99
417242
99
176557
99
141452
44433
70967
38379
75759
148650
99
99
32894
151286
168876
99
43217
13092
10637
99
288198
99
99
187823
99
99
29675
187113
99
99
99
254186
99
286624
99
99
99
99
99
119429
296646
99
123277
88925
99
99
317114
135290
99
99
99
99
99
224313
386061
99
198995
6014
99
13461
137737
99
99
122117
99
99
182166
99
99
166503
221381
29245
200330
256690
252653
193365
99
99
223227
99
186958
219741
99
99
99
99
99
107946
99
33188
99
520568
99
98
119497
99
86
99
99
99
23533
23300
99
99
99
148189
55328
179201
99
181092
99
99
467995
99
99
99
260086
434498
54585
5578
56084
354169
269723
122083
99
261983
99
18594
4783
99
99
100916
99
99
99
99
39719
195706
99
99
353638
99
99
261686
214145
99
99
352413
111146
5586
99
99
99
192983
203743
99
67351
34201
99
99
19214
99
181511
99
99
269545
99
173064
31974
99
906
78848
8500
99
99
16786
39173
99
99
36754
327264
99
99
99
467884
99
2629
150322
68615
85780
99
99
99
99
88302
53088
170079
99
98
99
99
99
99
99
99
99
99
36373
128022
218627
99
99
4852
6801
99
99
247666
99
250177
338425
99
99
132977
99
222283
174350
198845
99
99
99
99
99
150820
215
99
488506
99
198217
389641
353321
41801
99
99
294358
99
21489
99
184821
99
95
99
99
99
98
99
510769
7252
99
99
114957
481869
54255
500061
125838
99
99
217258
141437
136176
99
63382
99
74871
99
96879
187196
99
43863
168459
99
99
6220
339724
99
128865
35699
213626
99
99
99
342179
99
209394
99
7393
21865
99
180783
165673
99
99
99
99
199546
63562
30486
278363
55045
99
99
99
99
99
99
301666
99
25783
99
99
54672
99
93794
131751
99
99
42015
60547
639
99
99
51870
99
139988
99
99
99
33758
237318
151306
99
99
99
99
37038
165921
23152
99
99
282542
99
99
120297
99
223665
99
194491
57362
220320
99
99
323592
38439
182547
99
224153
99
99
99
99
99
336940
99
99
99
99
99
99
3448
99
99
85128
427410
47781
99
99
99
201313
99
359365
183068
99
16744
99
96
99
99
186938
99
538300
99
79640
99
99
17062
205108
152846
99
165250
99
16997
319537
153084
81012
99
1422
317919
279353
145272
99
99
224237
92972
4387
99
103885
7406
99
99
99
99
99
325785
99
99
99
1620
99
273401
604514
99
11347
185610
99
26855
99
99
99
99
358049
141718
99
99
99
310879
86751
224934
99
460926
99
99
99
230213
99
31001
161407
286855
99
77058
99
75563
99
42528
34721
218250
99
187326
59633
205081
99
99
99
126885
184309
9272
34657
158792
9565
1079
99
99
99
99
99
99
111245
99
99
110208
378270
231976
163902
107173
99
363805
72582
34580
231204
99
76874
99
99
501911
99
99
30510
213942
122386
173886
82097
144813
4736
297373
99
99
99
5239
229775
99
310741
25309
94971
133596
99
99
99
99
66766
99
44873
389091
102709
99
99
99
99
68692
99
97
99
99
71691
71413
99
219490
437881
102060
99
99
27543
68675
99
108675
99
91
99
99
119428
99
454087
99
1952
99
85685
99
99
99
42319
25567
99
103472
99
99
99
99
137935
99
161826
99
279947
99
99
99
99
366415
23478
218333
99
99
99
99
1744
167117
99
278134
99
209111
99
60371
125786
99
41094
99
99
99
99
99
99
93
269192
39139
99
98
99
99
99
99
210394
349396
99
99
24458
99
390389
99
99
99
115995
99
99
9234
202723
12986
99
99
120942
90963
295497
77
99
8734
99
99
364355
208633
76415
74319
99
99
99
99
13747
99
99
99
497312
144558
99
71487
99
99
34948
3606
98
260463
99
191812
1828
52532
291903
280484
79336
29503
99
99
99
285487
99
385772
99
30826
99
213754
477718
16843
315244
17077
533807
93368
99
99
99
114786
17755
99
119075
99
104853
92459
99
99
294341
99
271130
99
99
58671
370655
99
99
58186
99
99
99
101120
99
76605
99
99
99
99
99
99
99
99
99
62848
204609
83201
2761
308168
39773
317880
98
99
99
99
103750
99
99
188371
99
36480
99
99
99
279824
99
82364
99
99
391479
99
99
99
99
99
97
5003
69940
99
68942
99
97
591177
23868
4224
99
59218
99
99
99
99
99
99
99
99
333960
246189
99
99
21138
29099
140230
99
99
3709
99
344534
72753
148967
104007
323822
103290
99
99
244601
177542
129019
97534
208007
99
99
99
99
94727
488657
246500
99
99
23694
3461
99
99
251753
99
176796
243190
99
12689
82514
99
28251
99
99
99
272013
169927
192558
358380
197668
186508
3238
163805
380071
99
209393
235844
1508
304741
99
99
8755
219222
66438
99
250623
99
147996
99
48658
99
78764
99
99
99
177975
28197
99
99
174040
99
6785
94613
18715
259157
99
131889
24820
128325
99
99
99
99
99
99
145093
14053
99
99
99
23067
186971
99
99
26786
97144
99
8748
10804
99
99
51324
99
283792
99
11773
23535
41148
99
99
99
1940
99
98295
68939
94991
99
99
3257
41592
92324
99
99
41036
99
27434
94
229155
99
99
266858
97
99
63954
99
99
43966
10537
99
59592
99
99
82446
99
99
99
178112
200573
245007
281091
162256
29996
86650
58619
99
99
99
54132
26881
99
341881
99
99
2783
337007
99
162273
99
474796
99
23744
167204
403941
99
113901
90681
6325
99
130058
99
328333
207658
99
99
244394
68206
99
19929
154565
99
99
99
99
60023
99
108875
422895
99
99
148882
132818
252963
95698
99
260304
97436
423821
99
99
99
99
99
99
99
92927
96237
99
99
513991
122994
99
17842
99
99
99
99
99
3394
86618
11702
99
99
206949
285733
99
83145
14062
99
285689
99
99
427116
99
99235
99
99
74062
88271
7763
99
99
127021
99
99
99
99
75928
99
386017
49599
99
99
99
313003
99
95581
408806
28519
152430
70480
68117
99
44324
99
259237
99
99
99
164877
94200
99
99
172010
240700
45237
200782
99
85344
143876
167731
99
67668
7872
20697
99
19833
99
99
91
178406
99
99
99
1678
99
99
99
27451
99
82526
99
99
98
206954
99
3737
31833
99
99
64675
99
28232
99
379849
187799
167090
77143
99
99
99
232089
132208
116392
97
99
66305
65992
99
184666
240858
99
74241
217316
99
272032
99183
99
432653
123033
99
93579
99
152050
99
63974
105657
321534
99
99
99
250402
99
34581
132935
415490
580218
99
168132
409664
99
99
99
85530
114867
99
99
99
99
99
99
99
97348
14602
99
99
99
2607
106095
99
99
99
99
99
99
99
20465
99
54604
99
144542
207242
31120
99
99
99
84099
99
99
338786
41422
99
99
99
77280
99
133895
61283
214730
99
99
66394
99
99
55300
313549
248056
29839
99
28968
99
114687
21311
99
317830
150797
67186
99
99
99
114618
487284
99
99
99
99
82432
99
99
99
181385
99
99
90680
99
75265
99
99
387168
99
328899
236736
99
99
99
63979
158036
99
98
99
99
309079
99
435283
93
99
39115
99
539911
456623
99
113719
234681
34300
124013
162790
99
99
99
99
334004
226820
361203
99
86905
206390
99
175236
56235
99
98699
739
99
484564
99
69919
99
99
148895
99
97
99
128144
133510
99
99
95949
306976
99
169952
99
5210
61666
142256
1536
90614
176811
99
99
99
454553
99
99
99
99
525116
99
99
99
268431
99
172582
85615
99
268168
219375
220150
96
324468
95570
99
99
99
3114
323501
208143
99
427497
516333
176564
221583
57218
99
11931
451871
388741
99
342520
122747
225601
28983
247351
99
68035
99
37958
99
99
347700
99
99
99
205801
14788
165334
90
55975
73396
99
53613
99
123268
226471
402906
99
99
99
99
234674
37898
148239
99
99
99
99
93486
63283
193177
99
99
99
254478
99
99
34912
99
37945
293380
388407
103533
88348
99
99
152907
8752
99
99
356879
119384
260789
99
99
140756
253134
109218
99
24615
58157
99
99
99
33760
99
321618
26405
23122
99
58560
249657
66557
40166
162338
183105
99
99
224925
280030
99
389170
42216
99
99
99
99
37521
54830
99
99
3546
99
71785
99
508669
99
99
99
99
450627
30615
99
99
119642
120363
99
128385
99
95445
99
298716
527486
99
112951
252293
157623
597157
99
60081
99
445355
99
99
99
102566
99
194973
99
99
1574
42658
99
82119
485532
99
99
99
99
217655
10562
99
99
161610
4088
457
99
12230
44932
419782
208077
99
27299
99
68449
99
99
99
24606
99
74136
421711
99
99
272389
112211
62772
353740
99
99
99
99
356629
113569
99
122125
2319
94273
279377
99
99
99
21053
25307
99
99
4123
203141
99
99
391822
99
99
31908
99
99
99
99
163897
99
175067
99
80112
41103
79502
99
99
77159
99
27039
99
13021
13218
99
99
17896
16780
99
374914
99
99
270949
66650
99
99
99
3418
99
99
49230
99
294687
98
99
99
91215
99
99
4179
371206
58210
36333
99
99
297623
99
99
207245
99
432268
27198
99
99
99
99
99
99
224966
99
99
99
58145
25692
296164
48996
205483
43663
99
99
351786
99
64502
485907
239927
378957
55810
15685
99
99
99
99
55142
99
99
99
14058
99
383227
99
99
9151
16516
99
200084
57787
99
167915
99
23227
99
417520
99
44841
99
99147
99
1350
53104
99
99
99
99
99
99
234520
99
99
145831
474970
99
121413
99
276558
99
108126
99
130081
99
152496
99
99
43312
99
188220
99
276111
343691
99
6080
207013
411487
24577
379092
79001
99
434700
136528
99
378290
127883
60744
128441
332329
11198
99
38262
227941
194335
369072
99
80635
145825
99
14096
99
31677
60552
99
240533
7289
99
193568
280079
111589
228699
99
99
99
15295
160737
99
99
99
43973
23006
337894
99
99
61904
309599
432079
278795
370031
99
352296
99
51066
99
198824
99
82570
24574
99
99
92330
99
99
544
54071
26948
99
71301
99
99
423530
460280
103424
111278
99
21907
98
193776
99
118743
65579
99
267670
99
99
51253
99
99
99
99
517208
401490
38702
266078
148340
99
99
98
960
62795
99
99
122010
99
99
99
99
318634
148256
99
99
406381
66673
76880
99
49100
571379
114567
99
99
99
141375
99
28444
99
468440
154962
99
99
99
99
98
268395
99
29907
99
95
99
185813
98
84447
99
81981
427418
99
99
12647
400511
165800
99
144539
70956
99
133752
99
434976
99
99
99
25147
99
16995
99
172133
99
99
288761
27101
129284
99
114120
99
116947
16898
77967
186719
99
99
13314
98
256694
106247
99
5357
198191
170281
186505
100912
153544
297432
99
99
99
99
99
22233
172978
99
292606
194433
100024
81531
99
213295
67581
38423
149928
99
99
181955
118719
283739
266913
204590
224473
253809
141580
82820
246849
99
149333
382315
45890
16409
99
228249
99
99
99
73591
528305
99
28068
433026
40457
5284
99
99
14697
99
103117
99
99
69
99
99
3157
99
99
275636
165839
99
99
91
99
91
99
99
200075
99
99
280841
99
99
99
90339
396274
99
99
99
16969
99
99
95
99
352372
34331
96
82923
66188
250854
99
99
62259
333585
99
99
447059
99
63223
61514
234263
99
99
99
420177
300342
99
184921
99
82
99
54594
109272
26893
309995
114959
90221
99
99
99
162195
99
232102
99
99
332759
99
369987
368431
99
111102
43609
99
20269
99
99
140174
99
99
159136
2299
99
99
128339
99
59002
99
21513
99
99
221385
99
145856
99
14629
99
99
99
244035
96645
99
36107
99
127978
99
109427
188966
99
109258
70052
99
99
99
99
3276
113283
99
59
96
7771
99
78941
99
250548
99
99
99
102522
128211
9041
99
264474
8107
99
97895
244313
194555
99
99
99
99
126090
99
108115
47166
99
73685
22058
99
99
156048
99
231562
99
10257
215680
99
189958
434965
99
293255
99
99
99
99
99
28395
498569
88482
72311
99
74003
133563
217099
121290
319195
99
42796
243421
99
299433
237812
164908
99
99
109350
99
131519
99
267332
144433
99
3005
99
99
99
33435
99
99
99
99
99
99
316151
99
99
99
99
99
99
99
99
99
84490
99
28730
99
99
99
23003
51135
87752
99
99
99
99
99
333181
99
99
99
99
140611
304266
129831
99
174107
84679
99
47122
216102
21449
42016
150902
99
90
243746
338958
99
99
60095
425737
218207
60961
99
199854
99
96509
225863
138327
99
99
48323
99
208908
99
99
84942
36965
99
99
35433
47017
99
21302
99
112508
99
63835
304118
99
99
236237
106128
99
15493
15382
99
18740
611690
19481
99
25445
96
32158
88874
98
3727
99
99
109829
16389
99
99
145414
9859
259046
8507
315063
203750
104207
99
118705
99
98
99
99
99
147970
99
99
99
101508
99
450699
99
99
170282
82173
99
317989
99
144494
99
99
99
124262
100814
99
99
54378
451471
244865
108422
99
253296
99
99
97826
270002
99
99
99
314467
378540
20554
99
24377
99
95
99
6339
99
461194
349657
46445
78203
98
335635
289752
393535
99
99
99
99
99
348780
99
99
447540
89163
99
99
213141
213105
146681
99
20675
99
138997
90
99
99
99
99
9921
99
99
99
99
99
99
23271
99
357530
415076
283004
99
168747
121564
22395
99
99
99
99
6383
164293
99
99
349661
99
99
449157
99
440366
99
1306
18624
178505
99
99
432064
86667
2097
99
98
2557
99
99
392441
99
99
