99
48564
98
471168
99
99
2838
99
99
58333
99
99
125837
66156
106829
99
278813
226304
12668
85499
99
250587
12149
99
99
99
99
237554
450215
99
99
99
99
163586
99
35109
99963
208529
324077
160829
99
147530
99
5254
99
505360
65140
99
128062
40316
99
99
39240
99
304345
98
99
99
392400
208539
237796
483498
99
99
334854
99
487246
99
99
99
99
99
99
152309
99
99
99
250158
99
42215
99
83340
274939
364926
99
99
99
275158
66667
99
99
99
143489
99
256542
113957
372173
99
99
444058
232925
99
99
127587
288272
99
99
22684
99
417626
98
282123
99
99
99
99
466561
99
99
99
27721
99
99
322435
99
99
13294
67605
2932
99
98
99
99
104578
248609
542103
99
99
403911
99
99
163942
3254
53410
141448
13897
86200
99
99
83739
39017
99
99
99
99
99
4637
99
99
389877
99
99
99
114991
99
179253
99
99
99
65812
130493
198492
99
98
99
72254
272706
99
99
202851
98
99
99
140253
99
99
99
99
99
412661
99
141164
99
66424
99
99
3780
69198
99
99
99
121454
256441
30647
93649
99
99
151455
99
25028
11809
99
581144
127864
505326
99
99
99
99
400186
426565
99
99
5850
5225
99
140302
99
99
98
99
99
5595
99
99
87447
99
87833
99
97
127727
3813
197466
157892
322258
228109
99
99
99
226596
92
99
345787
99
99
99
99
13713
353276
76324
28976
513953
99
99
455940
956
99
92830
168430
99
99
99
187235
99
99
278105
99
98
424866
562756
99
51390
188212
73382
51973
321547
99
99
85500
99
138611
99
202370
128898
149352
83619
78021
165527
98
80774
99
42962
331115
87226
99
94608
99
60104
375202
99
37128
99
114699
236133
99
438365
99
99
8033
8457
99
43299
99
120339
99
99
99
191535
55606
127371
268173
99
99
30960
99
99
56646
146710
430552
437508
99
99
99
55881
97
99
99
99
211870
516020
99
157255
330508
184185
99
327676
469027
99
198998
99
89687
192256
461492
99
99
446133
524208
243456
99
37976
212513
99
229339
120924
14127
43376
99
74934
99
34353
191086
240648
79714
19301
159319
99
316588
98
99
99
22867
166218
99
99
48753
99
190212
99
99
412660
98
80
99
177236
99
90028
99
99
286044
62343
244586
232372
91244
330242
99
99
99
99
160084
99
288824
75165
62503
99
99
99
99
99
99
80067
15552
176475
96543
254624
961
99
99
99
146519
466311
99
99
90
121152
98
358761
96
99
99
8076
98
99
98
112226
99
157634
99
99
99
149843
319299
99
8004
99
99
170883
99
159027
99
259856
99
99
155720
99
99
99
236233
98
99
73654
5459
99
99
99
400489
139454
99
127708
34819
99
99
517579
99
99
823
14556
182678
89
99
99
99
388282
99
99
278065
92154
99
99
402489
38040
99
8541
99
99
188622
99
99
99
284511
99
99
99
99
96
46465
154737
99
488188
157583
357426
99
284859
99
474830
99
99
99
46898
338606
99
99
99
99
99
70422
99
96843
99
122774
72465
99
99
379678
99
99
282839
205185
346564
99
99
72771
99
62255
99
99
22653
99
99
315667
4476
187354
59877
99
99
194
99
99
335379
99
97
56361
99
202348
150745
210300
99
99
99
10293
43372
20707
99
8207
69176
98
35538
99
99
99
14922
99
99
20132
99
181787
99
99
204207
170186
99
99
147684
5974
248212
53000
99
99
99
99
99
99
134185
330387
99
298508
99
99
197448
99
27648
493388
23431
51126
263609
99
271501
99
231466
99
142317
99
99
149488
134782
99
99
37283
76373
405275
99
11517
287957
22675
46725
99
25927
13914
99
4518
337852
288480
98
99
99
209979
94939
99
99
466778
138299
7259
43664
99
99
99
99
365635
99
99
99
62901
99
99
99
99
227706
99
66751
99
99
99
45786
99
99
99
41029
99
99
90
93
99
30776
99
44713
99
99
206715
99
9137
58050
129648
99
99
11461
99
8479
264054
268641
46244
81771
99
151892
228299
99
513320
99
356808
99
34252
99
21645
99
84181
978
99
99
391644
323788
99
64837
102684
99
142337
233253
99
99
55638
42671
2675
195699
261641
99
44448
218305
242529
99
41859
4075
66915
99
99
99
99
87772
57222
99
99
55372
99
99
99
99
178368
180632
99
132122
99
99
99
99
99
99
16703
157401
89012
362967
99
11646
7553
99
99
52706
99
99
54959
95
99
190653
99
87162
216894
99
86251
99
99
99
62162
99
98592
99
99
9708
99
103996
209879
366407
99
139095
99
99
99
99
99
99
99
99
401601
99
97687
99
52218
96
99
99
267421
99
281701
99
138096
99
99
36063
99
6890
99
192366
174119
99
99
99
267089
241188
99
99
23470
120129
99
99
99
193824
99
99
27442
282732
99
466793
99
99
99
99
99
32272
212967
99
99
104095
266115
98
87772
195726
82984
189168
145944
363258
99
99
99
91
99
89280
99
59665
99
99
95070
99
99
45254
99
69088
98
48183
99
25029
35971
99
220661
99
126036
50319
108235
99
99
496163
20043
99
570498
144185
146621
311135
99
98
99
418707
11997
185901
151839
61065
99
99
102186
99
99
99
99
163908
93239
4165
24401
159094
99
181543
99
99
99
62513
58864
99
52803
623972
99
179507
143620
99
99
73842
148904
198086
99
82907
99
95858
99
6838
99
114927
99
99
59240
9887
99
97
99
99
1398
99
99
99
99
48900
99
83980
29544
99
99
99
166007
99
99
235239
99
191645
54111
257305
99
37197
50825
99
154215
99
4665
99
82798
76525
99
289425
99
427656
99
208468
99
99
541902
99
99
202005
99
163030
453959
99
275340
99
99
52815
322909
99
99
492772
189866
99
99
339469
99
99
99
537025
234268
99
94
24780
99
154386
130131
488896
99
83828
211588
99
99
99
99
12553
99
70050
99
99
4307
99
9158
99
25668
99
99
99
83001
257678
99
99
6423
99
50951
99
99
88614
95147
154039
322622
198846
99
99
58492
99
99
310780
99
99
99
99
99
99
10015
10641
99
160017
99
145994
99
56869
99
510940
260309
98
99
19476
99
99
99
99
99
99
196123
99
272174
97
219176
99
99
275746
1327
191
99
115751
99
99
99
99
99
65146
181135
368822
48466
216994
91731
99
105485
453655
377963
99
99
253676
100707
293845
320901
99
86916
114393
99
133119
99
225449
88190
28889
99
99
99
79688
99
99
99
211120
170189
75308
99
74220
99
210980
99
99
423229
99
99
99
99
142678
99
99
12453
99
99
97
99
99
112390
99
93
99
171103
99
99
99
36899
168023
90599
99
99
3482
99
99
99
460136
387140
99
99
134173
99
99
379556
174894
8172
16675
149368
56673
274512
87110
99
99
99
99
22484
157411
325915
185074
99
99
6202
127526
83630
100416
172284
229290
174947
99
31940
258462
453556
99
99
8232
80074
99
188434
87398
296186
99
99
99
75652
99
186886
99
35413
52543
99
99
99
203369
34557
23713
99
99
99
13918
1395
43296
87682
584403
30283
265447
180759
602
198715
115951
99
396780
99
99
99
99
208665
190945
174818
99
191722
48120
484613
99
99
99
99
17278
38496
99
99
99
99
99
99
99
96927
79917
78201
41489
346508
99
179355
2742
99
163854
99
260429
265725
145827
99
99
99
99
226337
33066
99
99
4619
99
99
99
197421
161393
99
64470
19028
171091
14928
193407
133036
144436
139005
99
99
62258
195006
96
293908
27795
142378
99
229655
99
275692
119181
99
112961
99
233073
99
98
99
3699
99
351620
98
221036
99
99
99
99
512551
99
99
99
39851
99
32847
99
173672
99
99
52802
39541
137332
101355
99
169317
99
1628
331695
29451
99
22938
99
42496
9104
99
335677
99
99
99
3048
99
99
99
184477
322018
99
99
69
185882
286499
89294
99
97040
314899
219331
99
32043
525384
99
301442
17875
25113
99
130810
99
449611
99
99
99
363363
224179
490315
312300
359570
99
134424
53705
481006
99
99
2112
74422
99
99
21207
99
99
408586
99
376674
201583
208376
274332
82228
171299
99
16252
228648
453182
99
99
28528
7255
99
99
311574
9137
99
99
131364
99
417728
99
154358
99
6555
99
51467
99
99
99
99
428580
99
91484
165781
120808
41237
98
99
41593
574867
244849
23355
99
97
99
82
126846
131905
99
55399
55222
99
181847
99
136595
99
163504
99
99
99
181722
63513
99
192456
99
99
99
99
99
99
110827
99
46803
99
99
316156
191067
99
84461
99
728
38766
99
99
232377
21933
99
149565
53647
546269
99
99
99
47526
97
99
285749
99
99
19349
99
175576
161387
99
99
99
99
99
474561
419770
9168
404761
125085
317278
62282
237454
99
2534
99
99
99
99
99
98
99
99
176425
91316
129564
35920
99
17459
99
429083
99
359616
327069
121569
16844
99
99
71323
265943
99
99
99
99
355702
99
230407
303384
99
63410
99
99
45409
99
67237
62699
99
483265
29303
39692
1593
99
99
86979
99
81305
103128
99
19388
56741
99
99
99
99
178485
27442
99
99
99
254995
211176
17930
379991
99
99
300235
99
220900
99
99
30151
97783
84502
19998
99
99
194564
18357
99
99
8860
536585
99
99
9153
99
133307
99
99
99
99
99
99
160502
38246
99
99
99
99
99
107806
136653
74421
141174
34111
99
66311
138851
99
99
3319
159927
4940
516566
99
99
130349
99
276122
99
14242
229584
524572
147799
99
99
88944
56835
99
254301
99
99
99
18714
99
325462
99
99
99
96718
18791
99
99
99
7445
159339
51918
305394
133231
99
99
91929
18216
447375
126137
212130
117744
99
99
99
431453
99
99
293165
99
99
99
335446
99
159119
14007
99
99
99
99
227661
61227
99408
232154
144639
99
99
151700
51829
4513
99
99
153
97765
99
99
545726
110018
99
33729
65280
259305
99
99
99
369402
52291
48321
99
99
375838
124266
243325
131474
426512
7149
43831
99
48240
29185
99
99
1486
99
99
46270
99
261391
1959
22703
194383
177597
99
31571
99
507196
99
132136
99
193630
203058
99
196120
315810
99
309008
156625
93914
99
99
257005
99
141129
99
24169
122719
99
59145
99
99
152739
99
99
99
99
99
99
99
99
99
87273
318108
55610
99
241530
125626
99
328567
494085
99
77652
136625
23299
99
221603
68
139724
99
211397
36060
91656
71613
46443
99
99
511944
245835
1360
181990
99
102
99
58808
99
99
91707
240160
99
157670
8040
76687
392833
99
99
72136
99
99
99
99
124055
175125
99
187879
99
99
227261
99
99
48187
99
357827
99
99
99
6366
99
99
151028
99
99
99
99
267068
99
99
224626
396246
35921
97
99
99
99
99
99
80823
99
99
544691
85960
99
236127
99
99
99
355021
39386
131219
99
99
99
99
99
98
245989
340651
99
99
99
89910
99
99
99
98
202951
99
99
94637
176638
44792
9056
98
99
274636
340103
99
99
6632
99
99
73685
99
109886
29538
438450
99
99
99348
504550
99
99
99
263656
99
99
99
99
426300
99
212129
99
99
36
99
99
99
99
99
99
99
235584
99
99
99
99
13964
99
7374
99
99
99
99
99
115826
53960
55413
99
99785
202991
99
99
99
99
99
99
46851
300860
99
505
277210
99
248913
99
99
99
22190
392664
99
99
99
99
110368
99
99
99
240117
99
65238
99
99
99
99
99
66674
99
99
99
99
99
99
99
99
28473
99
54466
99
262870
99
207144
99
99
294072
99
99
73139
99
99
24843
99
240538
99
153486
99
274849
99
99
99
319259
99
99
99
99
22944
99
31273
99
99
99
99
371222
99
33468
99
4307
99
99
99
99
99
90668
99
99
99
99
280614
99
173702
99
99
182587
81105
221273
452885
96572
35281
218212
99
45809
203438
99
99
234126
26035
45272
53821
16341
265955
99
99
99
135164
45745
256255
99
75980
24612
99
409274
99
99
114896
99
470340
99
99
85596
99
99
99
99
73159
99
32756
3806
98
25384
99183
96083
99
99
99
110102
53696
99
552674
429093
99
99
99
99
99
99
99
99
66989
176673
123316
310744
99
99
333871
55584
334074
25572
99
88
92279
99
142253
99
266706
340890
99
217355
7679
99
105582
331124
99
94089
99
63602
99
99
116238
134842
99
2214
99
99
99
10243
99
99
15061
99
99
30067
105454
312320
99
99
272652
99
99647
111373
99
99
99
28197
99
128708
240108
23537
215658
118509
99
99
178068
221857
203941
54578
99
97651
24287
130955
99
99
99
99
25276
382328
3704
107637
98
164486
257574
59120
99
99
29525
99
287183
7028
99
99
99
99
99
99
61957
99
99
277236
179309
1912
99
359213
99
99
99
99
96
56464
99
99
344139
99
51433
99
131243
99
99
99
524
99
99
456098
23831
301121
99
99
327127
98
99
99
376416
7110
461125
99
108481
99
250158
99
126323
45061
99
13077
99
99
2669
99
99
99
327496
182099
99
99
26568
230552
99
26991
53649
99
99
26725
99
560481
99
434945
99
99
37344
164796
290217
99
39993
99
99
99
99
99
471309
99
99
99
298431
99
99
99
99
99
122306
346200
343954
99
41468
99
99
99
11364
91808
100099
99
198972
1288
99
416548
259943
250927
22028
169855
99
28319
99
99
99
223053
44377
99
10134
99
79489
99
458916
99
29936
14616
42212
99
13510
69935
99
208778
99
99
99
99
99
99
99
99
99
99
157739
99
99
6795
99
503
79059
99
46444
107495
99
99
99
201083
135253
352911
56387
159877
121225
244980
74620
8485
148939
107191
377331
36594
159587
243262
33213
5986
3704
99
99
99
99
69226
99
99
99
99
99
305523
322305
299218
99
97
99
20013
99
529072
305667
99
74263
99
99
361979
99
99
13795
262132
450533
4782
99
3103
99
24505
37749
29284
99
355919
400455
99
405228
99
62388
99
99
51602
99
495892
22630
13708
77628
43677
98
59778
51852
25145
136629
99
99
12852
99
99
99
72547
99
99
120751
99
422912
99
125583
371203
92929
99
202465
99
430766
99
99
99
99
139558
159892
18718
98
99
334159
99
396855
89609
90706
99
99
219725
99
99
99
99
239622
99
226427
316084
181943
144100
279890
99
117680
385826
297712
110976
99
40729
99
99
99
99
99
271930
99
99
116483
99
99
144904
103800
99
168917
99
99
113582
99
142676
99
269496
171239
99
99
39630
93
99
33280
141070
173565
61250
99
42532
239934
99
50205
99
99
21816
56997
99
99
299137
99
221855
99
149574
99
210056
99
99
270426
44770
99
99
16817
204022
99
355196
21367
99
99
99
99
385361
62567
99
54309
99
99
99
99
99
226042
117752
219233
71531
99
99
99
99
98
363531
41667
99
375195
289363
99
172103
99
96744
200372
217438
99
99
99
417014
99
99
99
99
143073
99
99
476323
27858
172788
64814
99
6529
99
99
120100
283154
505
99
12594
157729
99
173959
215345
171604
99
230092
99
99
99
128860
418962
75333
99
99
206996
98
99
41359
200320
99
99
35120
99020
142423
568116
99
99
162225
99
99
99
99
99
292825
76798
72187
290344
99
99
99
99
11182
399301
99
99
99
99
99
99
224192
106804
99
513569
86501
166737
58885
99
99
99
10416
316860
99
69504
99
99
99
269640
99
99
2257
233689
99
99
99
99
277250
99
99
577541
273341
99
384693
99
99
5790
99
99
99
342144
154501
99
99
99
99
460151
99
99
1678
2745
99
99
345267
49617
99
63878
99
297502
289511
99
99
99
98
33135
94
96
99
31326
99
99
46032
99
254232
213687
312120
481620
99
198685
174599
99
29353
180211
99
99
186803
99
99
100869
99
5163
29786
192622
99
99
99
49209
99
246921
309321
71186
99
6145
99
216164
99
123650
99
56514
6917
208978
99
329182
99
395973
99
99
63527
255158
99
98
39430
183168
99
99
47946
99
22501
17363
99
317790
109608
99
64719
99
99
195959
50737
140243
99
99
82123
99
248793
99
98
351628
369124
366909
99
99
99
258766
12471
99
27209
84848
99
99
99
99
92603
99
99
99
99
182318
961
224029
99
99
304072
99
1288
142584
3224
88717
99
99
99
74723
19433
3461
19622
66239
99
75541
481222
99
24702
99
103925
99
99
99
316721
96
13576
99
99
99
99
243528
76253
451144
34828
22516
99
5586
99
99
99
99
49232
106752
99
332729
99
119671
95
302474
133431
134044
345369
155220
19068
99
202479
5306
35838
99
99
99
99
35786
98
25640
98
99
2041
421311
99
99
78395
99
99
99
99
99
424150
99
92820
99
99
140175
85904
126981
45228
113950
99
4706
94
99
99
99
99
135711
90836
219549
210595
51091
290312
99
99
99
99
99
99
11616
69820
99
99
99
7255
99
257013
42056
99
304669
111191
99
94
197335
99
4585
99
24524
561778
99
409823
99
436023
86575
99
99
99
61762
99
281927
99
99
99
413739
99
289260
215702
99
99
61259
32601
38023
2312
99
249550
1814
99
97
99
48777
80245
149062
91293
99
109871
99
97
145456
53971
73619
99
123642
332953
99
99
99
99
143805
202707
57816
99
99
99
34593
99
99
53848
156119
99
423297
99
332221
99
460558
176459
99
99
99
99
99
180983
147410
25754
271722
99
99
99
97
99
99
528890
99
99
247188
6269
47680
98
9349
99
99
99
99
99
25421
189392
28235
78604
339783
99
99
99
207912
323858
50626
624302
99
84428
8219
99
100200
99
166874
54776
99
42771
517147
240840
346123
99
168799
34047
99
303059
7852
271787
99
2425
89980
173885
11259
87199
99
99
99
99
39272
99
545991
293464
114565
103511
108763
99
98
99
99
99
380910
47977
284529
99
99
64970
83173
99
99
251839
265582
99
13422
17769
99
99
99
25420
39396
99
99
99
63334
99
118775
99
99
99
90945
99
50982
99
99
307475
137119
99
48625
99
90914
51051
99
98
99
193722
99
124180
35928
98
299826
99
427749
99
99
99
99
96752
411573
29247
11613
99
99
99
85242
99
99
457922
99
17200
99
354123
69417
99
30957
99
303231
21745
115157
99
99
112323
99
81229
206298
128200
28676
284408
99
99
99
99
99
99
99
355504
99
280724
99
99
98
99
99
416947
24206
99
289799
519523
126187
99
196620
99
448510
366702
99
99
99
99
396674
274650
88797
99
99
99
99
26562
341330
99
99
99
119159
99
65836
99
99
99
99
99
99
191101
191767
34030
99
31969
99
99
99
99
31141
99
99
40084
99
99
99
56369
40181
325858
17860
352287
99
98
251973
74304
121839
99
99
99
99
99
99
258837
99
99
126208
99
99
572735
368126
99
9564
99
99
223761
48150
99
99
275560
99
99
141
115696
99
68
99
134951
464027
99
99
412197
99
99
187898
117937
99
99
99
99
99
99
99
99
216567
53837
74687
99
99
73153
99
99
99
272061
99
99
151684
174772
143650
437666
48591
192377
99
3197
99
314217
63867
88384
140825
99
194192
215183
346220
105950
346143
99
99
99
188546
466403
95628
116745
12677
12494
99
229928
99
139589
55165
172061
83703
139140
334004
99
10602
99
93273
92644
22045
99
99
40958
379582
8017
99
99
72627
99
99
99
99
42982
97894
99
99
112809
7955
86045
99
99
139123
98935
99
99
78
99
72917
20169
99
313668
99
98
99
99
89721
430939
99
99
245498
243221
81035
181247
99
99
99
218357
99
99
242454
10316
99
293114
57212
399803
99
99
28896
99
270315
98
99
149781
155785
97128
99
145276
58082
2604
99
15725
182314
47635
360781
99
4109
476878
99
99
99
99
253519
99
197979
99
99
99
99
96678
125849
193751
99
99
99
99
99
99
134807
99
69527
321161
28648
99
242078
4794
3154
128600
148932
187888
401340
28833
44551
19635
214356
169501
80338
99
9713
99
99
266901
99
99
408662
99
203028
238961
99
447176
55774
16847
257317
99
99
148187
99
99
99
99
99
69566
347424
99
99
99
592543
99
99
99
234157
13184
99
329631
230834
85277
99
234546
99
99
16696
99
283633
99
140187
54387
219432
5201
163714
99
99
99
99
99
80566
100729
5956
43473
8649
99
412814
216531
477388
99
99
99
131581
127611
292132
132880
99
99
99
99
99
149971
232544
541465
233962
262350
99
356359
25024
235018
99
99
99
99
262443
99
36305
401561
99
56513
69327
99
99
99
47601
260473
176987
99
99
99
88949
222120
322828
99
99
99
99
106299
59154
29667
98
99
275788
99
99
443241
144233
241698
99
96
99
99
18901
99
109790
99
99
99
99
99
99
99
242445
99
99
99
99
99
253040
99
99
99
41578
1379
99
357443
99
151757
1493
66940
98
99
99
316575
3303
99
99
99
99
99
99
99
222476
99
1660
99
106875
99
99
24075
124886
171920
99
99
2953
373822
99
68792
99
30753
99
99
54637
99
99
5632
29691
99
99
99
95
14746
33973
99
98
6877
99
299452
261858
4407
99
99
99
195733
46301
99
99
96
105575
15974
252081
84565
432982
319595
99
53300
99
99
99
4400
150792
99
111088
99
82863
99
99
9858
99
172772
99
219920
99
99
13487
99
99
99
277963
99
99
370796
45135
16161
18222
113804
97040
57969
13928
198634
99
95338
99
12012
482270
99
99
99
99
487297
17174
121516
44575
99
99
99
95462
92639
97955
15690
99
99
135706
99
113576
99
124948
152247
207568
99
36678
59401
99
99
99
25176
299556
427794
14556
99
99
136345
418175
99
248955
99
99
116506
90007
99
269448
99
280042
99
99
99
183611
99
64492
550057
99
99
28464
221088
99
130540
99
99
43421
99
99
376740
99
409804
134052
16183
125488
74369
99
245653
10726
99
13205
99
99
95
33346
165218
85492
4599
121918
116750
99
99
99
368428
99
230759
21051
81351
110923
99
22038
99
282116
99
144404
59238
99
99
188459
99
414394
2885
173794
99
99
57530
311814
57506
69267
66535
2825
99
99
85817
99
99
99
99
99
336477
124083
99
99
36529
146145
143163
150620
381687
99
65778
99
99
365703
91949
409721
4314
191058
148672
99
99
99
707
99
99
99
99
325833
99
203703
65432
99
99
66927
99
111437
55
99
589704
38418
99
99
99
3930
99
99
5358
99
15504
99
38606
99
52077
226446
99
99
99
135570
99
99
28263
21585
489646
32165
28316
99
99
22136
99
99
57364
99
873
99
59686
53995
425273
30338
99
99
14892
64796
1068
34697
99
9721
99
98
47046
99
208749
99
99
99
315369
99
280077
184999
88007
52928
26785
8640
99
98
99
99
99
99
99
82009
1999
99
73809
99
99
99
417415
99
99
119477
99
33886
216709
250342
99
125106
60014
99
99
99
21223
381404
99
99
192813
406103
169235
99
33591
31692
99
99
99
99
99
99
205910
445120
99
99
930
99
99
99
99
91349
22725
222071
1662
174240
7752
99
38366
99
99
99
8967
99
214887
99
99
424237
99
546692
167948
99
99
144842
121098
97
99
99
93
71940
99
99
22564
199381
99
466659
99
99
281366
99
99
114437
500022
278007
17367
329902
99
99681
130224
6233
161730
99
35670
98
212209
393974
99
297797
99
99
99
39309
99
225212
98
211505
277690
99
93504
99
99
99
99
99
45565
401866
99
250073
49318
124597
99
99
99
70434
261011
65583
99
99
88565
99
26955
99
16315
318792
99
43793
99
282746
322584
99
151664
199569
441884
174324
99
312441
83829
50116
99
99
99
99
62486
98
166686
35092
99
99
99
21064
99
100099
99
13685
99
99
60053
99
99
68091
259610
210932
99
7585
23242
421449
99
99
25738
99
99
75413
30640
103490
25639
2150
99
99
176022
99
158297
73170
99
349190
99
99
165600
407215
99
99
63429
99
8608
99
99
99
99
99
142058
99
432116
246715
99
8919
34403
239825
99
200921
99
99
16745
99
88016
98
99
99630
99
5403
5520
99
99
99
99
99147
64078
261023
88403
99
36834
297586
127980
99
99
99
99
80472
8842
99
260704
99
10418
112956
99
79180
233586
88791
99
105327
359348
99
50980
44960
99
83490
99
99
99
99
99
13011
173845
338756
99
9967
99
99
99
99
99
99
99
20211
99
206495
67768
99
99
99
99
99
99
58054
47059
472580
21447
277010
99
220903
99
99
860
99
99
99
221691
99
103244
93327
99
99
219593
87
107835
22630
99
99
99
99
99
99
24718
99
95
53545
99
366900
378493
128236
71887
99
1513
99
99
2475
49237
99
86311
81080
361137
177664
99
99
99
132452
99
53
99
67650
138982
9508
351617
99
86
99
99
295888
99
332441
400206
292828
99
384186
99
99
103755
119750
42597
99
99
99
99
99
98300
99
347001
557753
99
99
230109
99
99
54871
19120
99
46614
100418
251854
50687
99
311130
99
471666
99
45761
81113
39013
99
42609
99
99
99
99
322782
178351
99
169599
4441
37423
9586
99
99
99
98
102528
99
8532
98356
99
90
99
187451
98
176926
99
99
99
65012
99
99
204011
99
99
99
97698
92878
99
77711
54724
6426
99142
128313
425205
19156
39803
288826
343358
99
112708
99
34850
6683
38308
99
99
25452
95
208819
99
357594
93683
98
99
99
241202
99
13409
99
99
9709
90638
57686
139345
99
245556
99
99
99
248304
99
194431
196504
15510
99
286896
62902
99
99
99
99
110882
99
320681
99
99
99
99
2795
99
165833
99
99
99
315671
509883
144358
73837
99
99
48218
42726
38318
67358
194370
111255
99
195162
37523
142307
168487
99
99
99
99
452838
99
19138
9036
17874
279708
99
98
129892
99
9671
99
325891
53366
99
99
99
99
139378
99
99
71221
99
223847
99
99
99
65037
99
99
143962
99
99
434490
99
171729
347484
2362
88659
99
17678
385360
6137
172472
172154
300385
367611
138325
140998
99
99
75809
74915
373343
99
452141
113
99
78684
3779
44173
99
99
127254
99
99
99
99
99
19242
99
37061
99
222097
99
21103
99
80295
99
179805
52770
423577
108353
99
134358
96765
99
45522
99
99
542850
3850
99
101098
99
472542
99
206927
97
103959
8458
99
196724
99
16592
30040
196143
99
99
99
66927
28158
99
99
99
239339
20158
99
181976
99
99
99
99
99
99
24077
99
546960
99
14597
99
300945
99
99
368536
51003
99
3324
105986
222400
99
59239
38206
99
78141
99
338481
440690
99
99
99
33888
167754
57785
191306
99
99
99
12547
58723
14510
133361
10786
432995
189436
417673
99
102150
528634
513568
13619
99
301980
198137
99
22387
99
26000
99
99
72811
361141
99
99
99
196238
78389
59175
418620
99
99
99
72677
215419
142865
99
235944
99
99
99
84233
99
244104
99
409502
99
99
99
99
59254
99
99
76137
99
14235
46378
99
66608
99
2823
100848
3052
47131
99
99
99
81324
183400
99
99
99
99
99
6307
99
99
612111
65489
99
99
143095
51541
99
72078
99
447475
78321
99
99
99
215388
99
21646
68735
99
99
8039
97210
547902
99
99
99
5677
99
34205
305604
277818
74187
19228
281909
36917
330758
99
417913
38499
99
99
99
97785
373772
99
83573
28034
99
36944
99
99
99
99
99
23530
99
99
99
316757
165071
11748
47640
21789
99
99
39283
99
99
41808
99
99
336602
22968
75062
99
625
48013
20045
99
369972
74273
296416
160008
99
99
435284
98
99
281110
99
99
99
80652
39
29575
99
99
191884
99
99
10091
99
99
99
99
99
99
99
173451
100671
69414
320386
99
5330
99
99
8440
478569
99
297317
73535
60809
99
99
99
99
99
136259
135240
99
99
99
273407
99
199145
306697
99
99
98
228933
55546
192114
260138
192686
300039
99
139189
99
99647
415842
89
97335
99
99
39559
99
30520
99
203077
287283
132728
99
99
99
216555
143673
99
99
99
29576
7629
120820
29536
117159
99
99
99
90855
155828
323937
99
34410
99
99
86277
99
6178
99
402947
99
183833
324326
34812
99
96500
99
99
99
49035
99
63655
99
237702
99
99
99
271867
99
99
99
99
320618
339648
99
53344
99
99
28366
99
99
99
139725
99
99
99
99
99
99
56762
99
99
105733
99
99
99
99
100011
99
59952
99
99
99
185925
82854
221871
99
99
221062
91733
204083
99
249016
99
99
184112
165932
30175
99
98
99
99
99
31690
99
99
99
99
87254
250013
99
99
40186
99
15382
247180
99
95890
277776
145931
99
402616
16494
99
99
98
2949
99
99
13243
10137
379721
30860
517010
99
170511
99
187
11018
4159
35371
99
99
99
99
158534
99
99
9493
99
99
53772
91135
108802
147222
99
388535
99
99
22043
99
99
99
45987
58135
12357
99
35776
99
464211
99
99
28936
99
83678
99
99
153295
170350
99
99
99
154617
99
2212
99
89372
99
84783
437582
99
99
99
98
99
99
50546
99
18220
34221
84511
79407
99
371180
50678
124020
99
17899
99
281820
18058
99
99
170570
144844
99
99
47888
26062
99
99
99
99
99
27879
127059
99
57624
99
99
206770
99
542155
99
99
99
215394
120340
449715
99
99
371710
138357
99
99
99
99
99
99
205876
99
99
74256
99
12357
99
154864
99
99
72005
99
38297
82260
99
99
99
70334
99
98
99
229395
99
504092
149856
8906
236820
99
99
99
324881
719
64627
99
119755
189157
99
99
322738
99
533530
152123
203103
99
98780
99
99
99
145259
18255
315829
99
99
99
539045
99
14573
99572
99
101722
99
323547
150220
355146
99
4536
33394
99
295813
99
96
477929
263806
99
99
375228
25613
49704
99
99
175913
99
99
95834
99
95913
18296
201138
99
158529
99
249902
99
228606
99
99
454736
101092
99
99
22289
202661
99
99
99
197531
99
57440
18435
458872
220666
183132
99
99
235315
146478
101724
212832
99
99
7923
99
1141
99
130077
99
99
99
135111
8315
99
99
69217
121739
105738
525181
303566
417752
16283
99
42806
229347
99
99
246988
113341
99
55597
99
65031
99
407586
67440
92117
496182
8884
99
99
99
388025
47898
99
99
99
269114
40225
99
31793
76155
99
5343
99
99
85098
99
103459
214348
435280
99
28900
43198
234338
99
99
62246
37050
112380
4090
99
139602
99
99
15730
99
99
80381
99
99
52776
99
99
99
282515
138969
545230
62630
99
99
99
256226
24213
99
99
207901
98
4308
99
99
98
81478
80968
99
232150
99
99
99
99
400
99
99
241570
99
14389
85720
99
20350
442032
99
73262
134967
99
99
135110
34262
99
388445
99
13451
99
99
104600
43984
29947
99
2610
179948
441677
54424
99
260622
99
99
99
10524
51469
151568
99
104746
180815
20681
99
99
99
99
467960
99
99
129329
99
26784
99
99
118251
99
18656
152848
99
99
224457
99
99
368724
5243
119
139145
111281
99
194734
25722
19790
146989
99
99
99
99
389549
7125
99
99
76287
480727
109472
9533
41385
149730
13256
382446
462387
4337
335502
111000
99
188581
99
176766
420783
99
97
97
182483
99
99
112993
99
99
99
112413
99
357061
99
99
99
99
140330
99
306593
344477
232409
4337
166908
133794
99
265195
165933
99
23195
410806
99
99
74945
99
99
99
98
201077
99
99
99
363030
122540
99
99
428837
53367
13111
99
4212
99
99
194441
99
317679
7939
99
99
99
99
390238
28422
137517
99
497124
77094
184359
99
182832
255469
252992
99
111331
99
99
99
99
320820
99
99
99
99
110817
205750
99
62043
44281
160774
89
99
93921
84822
19380
99
346819
232394
25142
99
171089
99
184121
99
99
5020
99
76
99
99
1850
42581
358289
87851
99
99
99
99
99
378791
89061
54795
97
99
315819
99
99
99
99
73940
99
2579
99
26084
99
99
99
99
226999
72398
179273
22687
99
88289
99
83536
99
99
99
99
57401
61971
99
99
105199
99
30454
492177
99
400641
260593
99
115587
99
171523
397840
301177
144861
218481
99
431319
99
99
99
99
122150
296294
60013
314530
195722
64223
99
349581
93250
99
70569
249356
104600
99
99
155631
2694
99
306802
98
11567
211152
99
99
11203
99
263176
99
243903
99
88418
99
242044
297125
99
542166
377772
99
99
84286
99
99
128518
46119
99
147210
30788
99
140983
89960
98
99
301735
99
165078
99
99
99
14593
26005
99
99
27900
92
99
362775
220370
7906
99
99
121972
108444
3085
99
28507
313563
99
60705
24993
99
99
99
99
314082
150316
218738
45797
99
99
242581
164421
43027
99
82752
99
42785
66791
99
21032
99
4537
99
80063
92903
99
247
33550
99
99
98
239794
99
99
99
99
429152
99
99
529304
9946
322862
355
142939
90292
118984
313294
308081
129780
99
99
488
99
99
99
99
99
323075
74287
311210
108558
99
99
166004
262657
104080
99
218763
99
99
56428
257492
356058
516743
426867
99
205540
92573
99
64915
99
99
99
3243
62624
23846
138
118175
441418
99
519664
52839
99
2235
75977
99
99
99
98641
4786
99
99
99
99
99
99
76602
46228
416354
138663
34209
99
99
192352
99
465011
99
98
172789
141831
55624
46977
54896
99
99
173722
99
99
99
246122
99
41055
99
99
11014
99
99
136187
73393
99
99
99
99
99
99
23980
99
89
99
279223
99
99
99
61907
38194
99
49662
137197
234502
88361
303554
45100
13400
99
153941
11108
184324
99
59159
431419
34694
99
92
99
99
99
39374
99
70722
63230
335284
111699
137950
63513
99
13578
99
99
99
99
197250
99
460125
99
192567
97
99
59680
8789
99
89471
99
99
99
99
99
25911
266617
25808
102273
8928
130348
42522
99
215185
79268
295558
99
99
96806
21573
99
99
107576
99
143458
144839
59347
17500
99
99
99
99
98217
99
99
356430
274776
11612
262025
99
99
57686
131938
99
99
100656
99
354332
3855
263851
61151
99
64541
99
31712
64312
222556
98
70247
55793
99
99
99
246385
99
349584
5325
279436
99
60537
86202
39899
556165
76163
515
99
28231
99
389707
55064
99
1153
80743
194938
99
99
99
36954
99
99
99
99
99
99
113705
99
118383
99
99
99
99
99
99
28953
99
99
99
123808
76606
99
107518
423030
123339
464321
99
99
125642
99
99
99
37026
192657
99
99
99
299503
99
102288
99
99
51780
30792
224346
124135
99
99
114625
99
37769
99230
99
239859
99
168681
284508
101691
99
48697
10267
161277
99
21047
4968
99
99
80148
143817
99
99
99
14127
146100
286999
11670
120367
65405
44752
99
181275
99
99
99
403555
92814
99
168442
190369
99
544751
200583
1107
99
325748
127998
99
99
383239
99
99
18190
88205
39974
99
99
99
136962
104762
99
99
99
259886
99
99
99
99
99
113679
99
286563
99
99
99
74332
558535
99
99
1500
57482
99
99
62923
228075
99
99
13650
99
76750
99
56854
311592
333434
99
99
44707
99
556752
52948
426492
99
99
233415
125720
229938
426213
99
140843
262254
99
17304
119865
97126
879
362857
157712
99
61559
99
557205
99
147350
99
36417
525485
99
99
145752
99
99
99
99
562836
86687
99
57228
99
99
99
268411
39182
93943
99
99
99
226137
225916
309564
99
316764
430544
99
175415
99
36223
7897
99
62626
95025
99
99
79
182532
28929
99
154014
144417
99
232503
260580
173146
99
66779
299551
34866
99
99
98
40852
11316
99
99
68058
205639
119739
99
99
99
99
99
99
99
98039
99
99
99
99
21437
99
146185
99
99
99
190437
32158
23580
99
99
184111
217019
99
149959
25421
99
99
99
38202
99
98
171805
345700
4663
22465
99
143964
99
29374
99
99
81750
99
296649
99
265949
266506
99
99
52011
165132
99
4128
65066
99
99
95950
99
99
50545
546930
134011
99
116509
98
99
99
57646
6536
99
99
99
155610
98287
13007
271731
99
249982
99
99
99
99
240836
217877
167374
265947
99
66885
99
287721
175122
2104
99
10323
99
190745
100810
454483
343627
99
32252
99
210746
98
3204
161069
11338
99
95
99
202809
99
62152
302647
99
99
339578
99
99
99
136881
99
28952
99
50589
558655
124329
99
62851
99
72220
520
99
93340
99
258794
99
267900
99
94
97507
138820
99
99
55791
99
99
99
99
99
99
99
264082
99
2957
153936
413809
99
99
99
99
11305
99
99
99
99
270233
101274
99
241428
99
99
99
99
419544
99
151634
152411
75964
99
99
235157
99
99
99
140596
99
99
158015
112936
30918
99
68669
119967
286674
14747
196027
102386
3260
99
99
53137
99
206931
197215
223665
7715
99
601474
23442
264603
99
99
422690
164708
99
99
313394
162477
99
13394
96545
58904
99
99
614
99
99
99
11088
364007
99
99
35067
50636
14224
341234
6423
99
99
82
17659
115903
8868
97
253305
99
98
99
99
108513
23532
99
99
168923
85033
260774
99
11839
99
99
99
