99
68477
273317
99
99
215218
99
14209
99
99
33174
61521
99
99
283665
99
87468
288725
13077
189784
38367
76521
157329
99
99
130556
99354
99
99
278257
99
115701
54224
99
139598
257268
99
58742
9577
99
99
99
92768
412300
99
99
99
63940
99
99
99
134802
517077
205089
325047
99
116845
250348
99
48357
41409
99
99
99
99
99
99
356063
157859
99
532138
99
99
99
223633
147526
278136
498693
5503
180423
201925
14432
50244
165035
24010
90555
99
523389
99
99
98
97
99
99
99
99
14234
99
121133
71705
505493
99
99
29225
10206
32391
140292
99
21414
99
99
99
99
359982
99
141423
99
162349
174050
300827
99
90736
220300
10440
54667
96
372592
99
9077
99
71911
12669
99
99
215918
56369
99
99
182040
23692
99
99
120025
306259
116004
115939
99
58800
99
99
99
99
99
16292
336314
99
34181
99
146017
96058
275223
99
13468
99
316012
99
66709
278106
99
99
49985
99
298270
145404
99
99
37792
99
99
99
99
356666
47433
474989
364198
99
88027
97
143262
102604
4086
337341
99
68000
8584
82960
89372
248284
7407
99
101381
99
99
99
99
355046
99
99
99
4408
92224
222542
99
164124
96
99
2700
99
124775
114928
381316
99
7444
8947
546432
586038
37170
99
99
99
99
17309
54011
99
232289
99
12389
110693
138810
24963
99
99
123905
99
19268
397403
63944
12660
331877
99
99
368620
159399
295243
167317
99
97
192699
90960
99
36209
331497
435896
135059
51035
99
124989
99
99
254320
99
99
99
100844
99
339678
98
99
99
77356
140775
99
99
57376
124321
99
57477
49817
99
99
99
99
289025
149561
178367
99
50917
99
62398
116838
99
144891
99
89095
99
99
209053
99
49773
99
99
90944
99
99
99
74024
99
99
99
99
30236
302433
16104
98
29774
99
122999
99
83073
99
99
99
99
99
99
56210
141763
548
57866
99
408344
455646
227281
99
99
99
307743
63442
99
328096
5568
99
13453
6427
313300
217951
99
164921
33640
99
157596
99
12778
99
39650
99
99
152058
41856
230715
30246
99
195347
99
99
26003
25341
99810
95949
58701
99
99
373401
99
49456
99
99
99
69667
545054
121850
24456
520743
99
99
8296
99
112050
165386
72614
99
35704
99
99
158092
109031
99
99
99
99
99
99
99
99
99
99
99
99
38216
99
99
99
163107
310
276779
4584
5969
99
99
99
2840
99
99
395718
31029
20445
163425
99
68690
37540
99
99
348158
99
99
483932
38550
99
99
14741
99
105920
206041
99
132497
99
71444
99
99
166650
99
528585
99
99
151991
327839
99
99
307392
99
448872
81793
73
89008
301520
386477
99
293015
237466
137641
301622
99
6480
99
229947
99
99
99
99
280475
99
99
15679
164428
152416
316971
99
99
99
99
99
99
99
243080
236403
254041
99
96087
153123
18852
99
99
142511
99
99
238375
14730
262566
99
29677
89170
99
99
67755
99
20540
99
99
99
258360
156729
339404
99
99
52316
207676
44618
99
99
99
99
233156
18653
242792
99
78395
99
163325
99
34897
99
99
99
412848
99
360101
99
99
5207
98791
99
99
99
91
16286
293887
21330
69212
396587
521919
99
99
47187
33522
99
23135
99
67210
99
85766
99
99
99
259212
99
326761
47860
7256
17345
27355
99
19494
15621
99
99
99
185624
78656
99
14104
61685
99
99
99
555725
359753
99
76453
105691
39594
99
99
99
99
97
193439
98
403996
5883
99
99
375488
165334
99
152925
67420
229024
99
339858
99
434807
428770
52083
99
30024
276769
97416
306678
73042
462721
487430
430875
99
970
99
37525
99
99
99
53938
99
40644
99
99
341719
99
2239
99
99
83157
99
72922
18800
101504
205770
99
486864
99
99
260817
99
99
99
99
84451
99
99
99
99
172134
99
144154
99
99
99
16927
99
379839
99
337877
99
99
99
99
99
519632
99
6506
99
99
99
99
99
99
79993
155358
87693
99
132918
72174
99
99
78996
99
95316
154341
99
289624
151164
97
234087
98
86381
99
99
99
158091
99
99
99
293328
4913
99
99
99
99
99
199204
99
99
69163
17351
99
98
218653
99
358087
254801
30848
69814
349406
99
99
99
99
217742
260367
99
99
99
99
99
99
99
99
99
99
453173
99
99
406807
99
99
563717
99
99
33494
99
99
247968
99
99
89040
99
50348
428019
99
99
170593
99
99
503995
75529
99
46854
25333
99
468108
99
487122
175235
159396
99
99
99
99
99
274749
99
53045
99
99
60249
271530
99
69836
9687
175879
99
99
242991
99
303937
99
41740
118817
99
355838
129955
99
99
42285
45960
99
465684
169963
94
25488
79718
99
99
99
99
152916
99
85130
99
99
116310
99
180810
99
148361
26312
99
99
99
72695
190326
18268
99
418264
207439
99
99
99
99
12995
99
65407
11836
108243
400225
154726
346051
115968
27834
41326
24788
99
99
283659
268264
100297
99
99
44010
92
99
99
99
8385
22362
99
99
99
233957
187129
99
178091
99
256935
99
99
99
410536
493963
99
99
42781
58291
99
99
52163
99
99
96
85637
32063
62517
99
120135
250576
99
99
278024
99
177761
99
150076
99
31412
99
332744
99
55767
99
99
17233
180952
99
99
119429
611198
99
99
200722
28798
137359
99
182690
99
99
99
221365
161647
99
75636
35257
99
99
438438
329428
99
303941
179924
99
115239
46263
99
260437
374897
99
99
99
349265
194488
81823
99
154988
34573
330943
99
8320
82305
99
99
115412
99
99
243981
187364
294326
99
1870
1021
265962
266671
99
99
277965
99
99
249479
74614
99
99
347075
99
33552
21260
165185
29387
99
99
98
187275
73507
99
99
261586
99
354023
38737
147923
99
99
18455
99
127391
10909
99
57776
99
99
117286
99
124635
99
99
99
99
39056
99
385763
99
99
293900
114724
99
99
99
99
99
99
102001
312164
99
99
99
99
99
180088
99
289016
77678
99
99
330378
266143
99
185591
58208
306370
99
124353
351
99
99
63881
45779
313069
99
99
281347
52733
20564
17116
99
328080
287344
99
462937
99
99
99
99
64719
99
354166
99
99
99
99
9584
99
99
99
464558
99
99
530850
99
296
99
18734
116795
99
99
99
282573
99
99
333161
99
98
359231
102010
32356
99
99
149346
465689
99
230924
117137
55592
99
99
99
99
51726
73337
215675
302610
99
99
55312
117532
220698
9086
82303
9836
99
99
407735
153605
422058
289721
169486
99
16090
161079
99
140678
230627
99
3995
99
154089
99
11238
51385
5514
57803
99
56775
99
99
106085
99
106502
99
204374
176882
99
99
99
136689
99
99
853
37083
20117
39921
241699
471241
99
99
99
99
99
99
508611
99
1431
99
17006
99
3518
99
79
99
36791
99
99
33940
236250
64713
207972
99
99
102446
26631
145170
99
94
100310
94684
99
99
48709
99
99
31255
99
146150
99
99
99
175450
99
99
99
40782
99
99
40347
99
10093
88382
99
35854
99
15298
99
99
95624
199179
259132
99
99
216
99
299316
99
99
297094
478996
339468
99
24308
99
221588
126693
135965
99
98
99
277516
99
99
323617
99
47355
62548
99
6158
99
134529
107800
405123
99
99
81551
51607
99
99
268386
99
99
114988
468859
6097
99
61736
99
99
99
99
520060
99
99
172643
198915
99
334479
72323
95176
99
339170
261812
188635
99
99
347696
11475
99
99
64606
99
99
96196
4041
99
99
99
99
99
99
99
99
242895
339962
140937
417720
492295
99
99
28410
99
99
328395
21181
99
17126
99
99
173813
99
99
368913
99
77927
263326
99
68928
42590
99
99
162808
99
99
96
51860
1465
3078
499179
168013
99
99
219475
225823
99
309330
164756
99
223157
99
152531
99
256588
99
99
99
99
99
99
51190
18125
96382
99
45461
99
99
122268
99
99
99
99
99
127731
189119
126464
324981
99
99
506614
250385
99
97529
212805
25153
11206
199272
99
211995
51961
159686
99
99
99
54255
99
99
380331
177
21336
99
99
99
105338
99
1882
817
99
99
65201
99
99
282955
184810
356452
99
429028
66269
161693
99
99
99
99
466443
99
132980
165346
99
99
77091
98971
89425
55467
403866
482907
99
99
292100
99
317590
73505
99
99
99
198625
99
49841
234197
133066
99
55286
474362
99
99
27409
201339
99
84855
99
424605
170048
99
99
99
391165
38580
265418
99
99
211230
294909
99
152159
187674
116540
99
99
12115
260955
99
99
99
105935
7575
99
99
202381
383682
5387
99
560920
99
99
99
145401
18047
99
99
493221
131847
99
128015
83711
99
217527
99
99
99
18984
99
21184
99
99
99
80035
99
235139
237300
99
306718
363715
3759
99
99
99
197620
62805
173927
99
120755
279354
97
99
13758
99
191267
1997
99
11351
36719
97
99
138103
319656
426500
99
16538
36571
99
123339
434799
302898
99
216269
99
358843
31900
99
99
98
434761
99
99
119109
78885
99
99
99
316037
99
70381
253999
99
112485
491506
99
99
99
99
48320
15008
453591
95162
233255
99
99
99
166441
14098
99
99
99
303953
99
40470
99
80291
27703
99
383563
99
220806
225423
99
99
99
99
30213
18168
99
99
99
99
99
147885
108649
1155
134915
99
72694
210797
36336
99
151523
340791
143117
291997
351298
99
386527
332333
99
99
99
17561
10514
99
11028
99
99
36909
99
99
98
99
5630
13675
99
113558
102967
99
13501
99
315883
91
99
89676
99
368424
97
99
99
99
8807
131580
99
99
146156
99
39108
70960
99
99
99
99
2661
99
94
99
26683
180292
99
99
109633
318093
99
104201
8728
99
99
225284
7523
99
327840
99
99
99
333602
99
99
99
99
99
138467
99
99
270939
98
598002
99
367765
99
290030
14873
37825
99
14748
106749
99
137401
99
22421
156229
99
99
276929
12050
132791
194491
309915
99
99
99
194071
64834
342174
477934
137948
99
99
99
99
99
99
37066
178199
99
222927
103745
99
324022
99
99
99
99
99
99
238032
99
99
130758
214189
255893
99
99
99
162795
21510
28626
133232
83146
21835
99
96
99
99
79098
91866
99
167938
99
391624
80247
343312
212107
467125
8462
99
399306
263617
348387
69517
56568
99
99
99
50052
99
99
203609
1256
99
105391
149297
99
364061
99
345274
93
278501
99
54144
99
85
2149
92612
391866
173914
12378
99
99
2718
125375
99
172604
206534
300717
56788
99
99
279184
100783
503
99
68255
99
99
16258
99
189932
99
99
149152
166101
99
99
99
99
17334
99
437099
332240
93626
99
99
99
99
32598
99
99
99
160214
397798
153089
154400
77675
133150
241168
99
79459
52036
99
99
99
252845
365371
257287
82721
457831
99
487941
99
99
99
99
99
99
99
99
99
24120
99
99
99
130688
99
104997
143239
103101
174677
4763
96869
99
28494
219484
17287
99
99
43727
211
231598
67338
130964
99
33750
99
99
20064
70935
57859
99
201733
82602
99
324214
34665
100114
217015
23917
320712
372116
99
99
65561
171431
99
28565
99
99
99
99
99
99
41226
99
36156
64946
99
68874
99
66264
77742
99
110867
222342
308287
99
99
99
311541
130430
99
99
19361
379724
99
99
99
99
144258
8216
99
99
99
55153
38936
99
140900
15235
99
318329
99
205882
118115
99
174232
44051
99
17707
99
199418
99
148892
196194
15709
99
337842
98
99
99
450060
99
99
99
69454
53860
94135
99
99
49066
198916
99
134622
99
99
99
99
354227
99
939
99
14211
117983
433372
125769
99
99
335898
141554
99
99
343375
99
99
4128
99
99
99
351895
99
60409
99
99
78472
36963
99
105451
99
99
99
47825
307736
274275
18568
99
99
99
8179
12409
66484
24099
99
232035
99
162878
99
80725
48908
314087
48918
48792
96
277718
99
98
155607
22504
99
82661
99
99
99
100238
90660
321410
36912
99
99
410366
99
27739
90977
99
99
99
99
99
55948
99
99
99
18350
153653
77546
11918
197393
211073
99
99
99
99
509878
99
187408
99
99
100505
99
99
120273
99
99
99
34407
32714
421085
421897
238523
99
99
275175
99
99
99
99
99
18154
99
261752
8239
413456
132162
99
99
98
15336
99
99
541026
99
99
99
99
99
99
72255
142439
127142
237037
99
318710
2346
99
3936
32755
99
99
99
115844
236284
99
99
99
99
99
99
99
253404
433805
81147
99
99
99
99
99
99
99
37594
18618
108111
5365
98
99
99
248768
99
99
114700
99
99
99
178780
99
383515
165561
848
99
99
99
76020
99
99
62955
214362
105896
42650
99
156493
99
191898
99
45868
19043
470827
99
204535
99
99
99
147625
71506
99
170398
2710
70905
99
99
35228
218268
294583
271135
517619
99
155758
392961
99
203493
100196
167837
2567
99
99
92987
67623
99
99
99
99
438698
99
99
99
54370
99
131084
99
99
291990
153057
52027
46127
23545
99
99
15235
99
99
99
427103
99
99
563748
235458
125652
99
99
46036
93732
161403
99
254234
99
320121
99
127483
99
275417
297053
99
213753
166445
128815
99
185924
283986
99
74462
99
126891
215988
99
99
99
432184
99
7620
440667
99
74480
104468
99
99
80791
99
99
99
77573
60201
56129
99
152290
181879
501055
43938
99
99
99
277775
99
99
391095
99
429185
99
3017
320610
99
99
23892
99
315520
154074
266019
27907
99
99
342697
99
341570
48797
1092
49454
89449
57433
551944
92
27846
190324
99
207131
99
99
99
282529
342954
99
341769
99
99
99
99
102660
491507
99
109961
99
39810
99
99
102900
99
146105
16096
142432
447535
99
99
1861
99
93083
99
99
99
99
99
12422
2248
315180
430669
99
99
99
55288
196970
99
3072
99
99
509792
315721
99
19627
99
99
99
99
6188
99
99
322103
420805
99
209427
45346
99
145726
130825
26980
244932
160800
206877
382251
79442
134568
99
99
36888
263359
99
203783
134035
108965
99
99
96
5574
99
99
224982
99
99
98491
96182
99
99
276401
338847
242288
99
7201
32271
99
533
99
99
328080
47934
99
99
99
99
99
99
99
99
258210
110590
99
99
99
52394
99
463140
417813
55235
99
20142
99
10310
107622
3328
99
286614
99
99
99
116753
167580
135448
149527
99
342804
99
99
99
99
99
99
99
99
99
99
88103
270736
99
91821
218600
454725
143222
22428
42028
81905
99
99
99
45997
39010
11634
29819
243779
99
182086
34591
99
99
99
122506
20718
76585
99
99
99
99
65062
341390
471012
99
103614
370874
99
390855
189081
99
99
22296
99
99
20143
231625
99
99
118882
31980
99
179018
99
3546
97
99
99
99
99
99
324466
174016
99
67310
99
99
99
70099
51512
99
359
99
1020
107289
2914
26617
99
99
144613
54132
99
254959
99
320391
363149
99
111575
99
99
99
419631
99
99
4188
99
257184
99
6371
77140
8613
18796
99
99
159695
99076
149897
55037
127571
383235
99
185964
61152
99
11514
99
5280
99
99
93
99
98
99
99
99
49546
99
99
99
165818
147171
395352
99
327970
99
75599
20394
15277
99
162459
138516
21168
101252
539122
34995
99
245322
99
231422
188488
92404
99
99
99
99
1232
301991
267379
98
121516
11017
99
99
460146
281641
13854
99
99
99
170416
134643
50490
99
203
248311
42336
99
99
15541
552327
99
185491
207274
99
99
99
150690
132549
99
99
109664
62593
25241
157112
33626
99
455381
42207
74985
416138
488806
99
99
99
65231
99
99
99
99
99
295589
99
99
376775
99
334386
99
99
344002
138205
160478
99
99
54202
99
99
99
99
64453
9408
19422
99
99
82920
99
123851
99
75710
52803
139905
99
109363
16646
284383
99
99
54106
167330
229673
448511
99
158703
99
99
99
99
404737
5810
99
254406
99
99
99
99
173685
399540
99
99
99
99
55056
99
98
99
99
142170
2928
99
97
99
99
469363
99
46090
38022
99
98
99
99
99
99
16285
99
99
99
99
100559
99
99
435794
99
99
180089
2814
44347
349450
151954
172872
55807
155627
24976
84459
99
177675
64161
99
31295
199483
254480
6216
99
99
12489
397544
129539
99
99
99
14850
341484
99
75280
35206
98
50897
129658
99
189628
274524
98
99
108949
99
99
99
99
50847
99
81501
99
192942
113976
182907
358634
99
125359
321609
99
7589
99
99
99
99
99
146012
5047
99
29810
118969
99
99
99
99
187913
175572
99
12771
56211
89458
99
99
262076
4493
29421
99
24671
72203
99
34167
99043
12042
146689
22627
389392
121913
38347
25661
99
99
99
337539
18270
255787
153875
99
99
99
27001
152766
99
99
99
99
99
99
72376
99
29364
99
45882
37008
98
99
214428
99
20643
99
73173
99
2849
99
99
200816
2701
35778
67561
253564
99
99
99
99
99
295980
98
99
99
394752
99
99
99
184285
99
99
361025
212112
99
96
99
14305
186949
99
50660
99
428500
99
99
447110
99
63626
329961
3582
99
99
2519
236988
99
99
99
45313
114009
99
99
105785
99
90968
499067
17469
99
275979
99
99
99
99
99
430226
101679
99
153781
193300
60286
36433
98
192
298234
99
62161
334348
99
99
71923
99
321532
99
99
400365
51007
99
99
325870
99
99
99
99
504319
1692
99
335603
327136
99
210332
66532
10378
194155
117514
99
239993
99
99
93
395710
11422
99
99
99
36922
99
29830
99
99
99
5738
2012
134458
99
99
99
169388
23238
59247
68079
116852
99
99
99
309913
379593
99
99
26196
99
99
5022
80946
218218
228122
82466
29644
99
187390
46613
99
99
140794
99
99
3874
492731
98
31303
99
190931
99
99
99
37938
24768
99
99
99
15457
287817
99
99
99
2196
99
99
387616
99
99
483248
99
270946
760
99
101951
99
99
22336
99
129218
99
99
257084
99
99
696
112885
99
99
23595
151249
99
4252
99
99
99
99
99
310187
114055
168141
42263
99
99
380930
99
27948
99
99
99
99
99
1440
99
99
50010
53419
99
19064
8391
65846
566772
291
99
145217
99
184913
94
98
200027
99
164051
99
481437
99
99
98
204029
51471
163729
98
99
99
63203
130400
99
99
68252
610000
287661
3126
155073
103711
37720
99
366102
99
670
254085
59353
47650
99
99
99
79422
99
99
99
149441
23003
142205
58348
99
99
193771
252023
213680
99
111659
99
99
99
91
568866
90820
80625
99
342690
99
191651
99
99
99
99
99
267960
185791
81115
103220
262801
564057
99
12767
99
182032
99
200834
76121
45835
99
99
34851
468331
99
99
99
99
90862
99
99
99
347777
99
99
99
99
288604
105810
147169
408337
201208
99
302908
34808
109518
496994
33586
99
99
99
122374
99
157313
99
92834
99
99
99
99
82194
134244
85590
99
99
99
99
34835
30026
99
99
99
99
99
99
99
99
322001
2128
99
6816
99
191149
156794
99
5120
99
234249
99
212845
30763
95
99
99
134216
18328
161502
99
43944
60662
21503
99
51390
99
219593
99
99
234134
99
99
99
1067
82078
30148
3028
99
99
18460
99
99
57706
28268
154755
99
225439
87
99
46534
465165
27576
99
99
470504
463795
99
99
99
99
51624
99
99
165562
99
67999
376503
127178
57807
99
99
33711
99
61105
505414
99
82088
176673
99
99
99
99
99
4300
99
77888
8129
143320
5565
99
99
99
99
118927
17515
440862
64414
99
99
408223
99
82794
472612
99
92819
99
99
99
99
254981
67762
37749
99
428280
255517
344745
144385
99
97234
601014
99
99
99
99
42466
99
109853
99
99
232875
99
99
351002
99
156545
99
99
99
99
13793
99
201620
99
99
99
28450
99
99
5788
27141
68615
154559
69501
99
377888
8546
99
190702
99
7994
38968
24871
33246
99
17263
99
99
187080
477341
363806
99
147798
68005
99
144465
99
394674
99
356551
100425
110206
99
46059
467369
99
99
99
99
136014
99
170573
99
99
6687
99
356869
99
91707
99
229574
74984
360466
299038
99
99
99
3540
99
99
478151
99
80874
30518
116888
110220
142878
99
190905
93066
99
127997
57949
175877
248772
99
99
99
90722
99
99
99
55291
99
232853
482373
99
134952
31403
251727
99
18932
72671
99
75036
13030
99
99
99
258602
232127
99
306002
17473
68369
99
99
311345
99
99
567568
74099
99
406529
98
16785
94302
139928
282577
99
99
18583
107915
62289
99
208741
99
99
146491
9878
99
99
99
136892
99
382038
308449
99
99
99
99
99
93
5835
4733
446652
87359
351719
177084
28666
47685
21919
26149
99
99
195215
99
592200
99
99
66156
176327
99
221405
99
54752
487830
78354
99
99
99
59267
4088
99
99
225604
220884
99
99
4113
20433
99
47246
124676
99
99
99
99
188525
93800
242248
99
324879
99
99
88290
173409
277184
258868
271898
99
99
99
99
54053
99
3118
254925
99
216398
99
99
321859
146114
89341
13318
15830
99
99
99
9962
107271
99
99
99
4600
99
125656
272662
99
99
12839
99
91716
99
26047
99
99
99
99
99
99
133889
281431
99
285516
131217
99
99
99
66950
99
99
15086
99
99
99
99
47387
99
99
10219
99
99
449387
99
99
99
99
99
99
61607
484974
10302
89427
99
42191
99
99
99
5827
34629
106445
25742
390391
180282
29269
99
185561
99
245939
99
99
61407
99
39574
99
18761
206148
111795
177179
6168
99
184847
153128
99
98
99
20443
99
57437
99
99
99
248378
37067
87609
4693
330289
99
99
171291
99
233284
99
99
132151
70289
42379
99
99
22725
70449
16380
99
99
444184
99
74345
137271
99
95901
99
99
416187
194657
99
395893
99
308429
99
99
18012
360517
99
178089
99
6317
153027
48695
98
99
78053
512393
99
188718
128808
577
99
99
99
384561
110913
198172
261255
99
179920
72986
99
94637
99
99
99
99
99
99
99
53437
164053
520406
99
59412
99
71920
99
255902
240175
99
11051
133829
99
99
99
99
99
166577
41454
99
347259
99
99
318092
287689
99
99
387758
99
13793
447158
99
99
229730
99
99
4546
99
137720
99
99
99
12101
99
103162
99
112356
99
350538
99
82234
99
63132
99
96497
303554
99
330887
99
99
99
18201
99
99
99
98
8951
104283
444733
99
314230
129097
99
99
6076
340642
41135
99
49369
99
47296
204253
99
151900
143119
99
99
99
20440
63506
47756
395505
99
27638
99
60284
99
472651
99
99
291102
125863
99
99
95075
99
117514
280037
111743
167381
312698
45755
99
99
413794
99
9735
99
86437
99
99
99
30661
99
542391
225625
99
99
32893
99
99
99
99
99
389807
99
177302
238565
149285
4230
123170
99
99
3806
334534
99
99
4984
172430
93809
99
505278
417005
148
99
3469
99
112390
99
396815
128420
99
31941
112448
45238
99
101449
300035
99
99
99
99
99
17583
467063
165823
99
118756
99
98
33887
99
99
227490
99
32235
99
31920
207691
75432
319663
447254
87446
233697
58702
99
99
99
99
97
375965
99
99
59943
124876
8856
296585
327169
136674
99
239482
99
183061
206218
99
99
99
99
99
89151
55300
99
426565
88902
356677
99
231057
61311
131000
99
99
99
319750
99
99
99
954
99
356824
99
99
261682
111242
99
99
99
62813
99
876
99
99
99
99
22722
99
99
142812
7012
34035
391916
99
98
115250
99
99
383105
90787
192217
99
99
15255
57460
245454
99
99
99
358166
28655
99
99
99
129055
99
139878
99
99
99
254956
99
99
7624
99
99
210889
487621
322531
99
99
27923
130017
99
341875
265454
99
238867
265337
76456
99
108084
99
99
99
99
99
99
75352
43740
99
118349
338357
72638
446287
99
99
241895
315080
64793
99
321477
427339
99
99
99
268
2670
547207
99
99
99
187507
99
99
19244
271427
187402
99
99
99
5477
99
12738
99
183531
147932
466411
99
182457
363314
136468
254360
15947
68926
35268
99
27779
1206
99
219864
99
99
138999
331519
55682
64915
92034
99
4354
99
6266
34974
99
126646
86587
452909
37862
247504
99
23121
99
99
384889
15975
99
281415
129983
99
29009
47042
99
99
125379
99
99
214808
89535
99
99
35010
99
99
16583
99
99
449038
238418
52664
113078
99
285567
370478
99
1081
99
99
468558
99
177780
99
47260
28704
805
96
364692
6839
99
229284
435860
99
2915
428110
99
99
99
30949
117421
17698
6207
49558
99
99
99
99
70317
99339
392347
99
93
132766
159153
361466
99
54620
99
148326
99
99
16093
69905
270243
99
99
20365
99
99
99
3460
60546
99
793
99
99
99
342035
400394
99
130613
63655
9638
99
99
149755
99
99
305845
99
78790
99
99
99
44283
99
238716
99
205636
99
173936
99
99
317863
25104
99
283578
79481
99
99
99
68982
51871
99
261502
151407
292116
99
98
259240
16720
99
387789
288641
102672
208686
99
79713
468623
38034
313420
117512
75371
91826
12860
99
98739
25546
99
99
99
34655
411739
99
282051
99
32001
99
262354
244700
99
445862
99
99
99
99
277693
143258
533671
129164
129060
99
99
174349
99
99
99
99
99
99
99
181404
204246
259757
99
99
99
99
212959
99
292211
18676
99
99
201357
99
110690
186240
99
97412
99
99
99
99
99
99
99
99
99
117329
29318
99
99
55430
99
99
99
99
528163
25131
99
352690
246403
99
12045
99
134981
99
132255
73539
99
155691
99
99
99
320799
383583
99
23098
349522
42808
20
241705
99
99
423139
99
161860
69792
99
99
99
99
253123
65471
99
99
29114
99
27424
55470
278398
99
99
99
99
99441
99
51982
22332
99
146255
99
99
99
99
186732
214767
99
99
99
153891
99
99
110530
44587
183059
99
99
99
99
370296
99
99
253216
42603
43278
99
99
71248
186196
99
22430
208609
61350
88640
143975
125824
48786
99
205667
424269
38802
281214
99
99
15390
99
139091
99
280758
99
99
99
99
99
181693
127409
99
400616
24663
99
99
99
99
4294
99
99
99
266090
99
12702
225246
99
25253
96
99
548804
127497
99
434098
50609
99
304348
6604
180071
214032
248370
99
99
99
99
99
99
2851
99
99
99
99
255133
127533
69164
99
70171
99
99
99
99
42606
99
168516
36438
430443
10134
99
99
99
99
356272
99
99
240251
99
29694
99
99
105288
99
99
99
99
99
99
99
99
113261
99
99
20506
99
211477
70766
199546
99
99
428331
99
99
99
99
3570
99
360170
16603
113986
96189
454411
98
99
311542
9485
91574
145287
242786
218426
18020
308094
99
99
99
69899
99
42528
49283
99
99
99
99
99
99
60557
540647
99
99
157243
52012
13935
99
99
99
318269
99
191443
238802
99
51041
99
350083
436406
197604
99
99
99
99
102424
99
99
25428
99
99
99
99
99
99
99
99
251407
402684
99
128327
50444
99
99
2768
92760
170777
99
79741
99
99
392357
99
99
479652
75951
99
99
99
300913
184231
11273
7388
61598
249699
97365
23773
99
99
99
34534
78503
294689
99
99
99
99
99
99
99
366997
99
239246
474741
99
99
99
72079
277809
99
170942
99
99
174908
20422
195217
99
99
138875
99
99
99
99
99
47920
9893
99
279289
99
99
99
68390
193164
99
99
192929
99
7779
99
99
6246
531607
99
193879
99
185472
99
99
99
54817
344706
131544
99
22575
17225
99
99
99
547885
99
308719
336699
316607
99
365392
99
99
113633
99
99
131876
51120
88752
67427
192199
99
110384
99
294900
283318
99
99
99
99
368568
99
99
130523
201178
106901
292394
335769
32517
99
180890
111884
8358
88717
234273
72004
10509
13239
174423
99
564783
559602
99
99
99
99
594369
99
99
306063
331244
99
254076
161372
10005
266666
49299
99
21518
99
419424
99
296519
269768
99
137
96218
99
357090
99
68339
99
99
2312
99
308883
65360
11619
99
99
99
99
74760
261940
93
140628
143089
12590
99
237157
298115
287417
99
152146
214585
99
99
59724
99
380006
53676
99
99
32821
18868
83367
37532
99
99
491460
99
32602
82625
99
99
459828
61498
122247
322715
94371
302033
99
325531
99
99
428983
41714
99
99
64084
98
99
99
98
327248
99
99
162558
91378
359402
99
126103
73686
99
516194
102528
12795
99
161935
252679
4118
99
99
281241
99
58646
298746
99
99
361916
99
2794
225144
244663
99
268364
99
99
99
315177
99
99
109267
99
438669
99
130011
99
99
99
67171
99
99
99
321891
161923
99
99
99
99
15106
62074
400255
99
99
3223
99
99
73261
99
251230
231932
27646
99
99
355
99
99
99
86508
99
99
43419
99
1707
99
109016
301578
9766
187944
99
99
99
3154
99
99
99
172127
99
169075
99
99
49475
143883
99
128046
434342
45045
99
245648
99
99
143311
99
99
99
54660
99
2660
99
99
156862
99
140052
99
99
99
576262
99
99
99
43258
99
364525
99
73406
99
99
99
18956
99
99
99
148728
137060
99
99
99
99
99
13629
63105
361696
185162
48990
255713
56923
99
202133
99
127448
27583
99
30959
164886
99
99
99
153306
106221
99
28
198676
39186
99
99
249641
603
99
99
99
59568
469691
92234
192762
99
99
99
99
98
99
180574
99
301405
99
99
99
99
99
99
99
91467
98
99
254271
99
74941
99
99
99
137417
99
99
99
99
99
99
40979
99
216331
3346
99
277946
99
134882
99
99
99
99
4831
99
220876
99
236228
99
99
56798
99
99
99
347210
99
99
124225
99
14251
148234
99
62518
99
99
111773
99
98637
88352
35736
99
71837
87
195005
99
99
99
99
99
284352
99
99
943
66
99
99
99
19973
82148
99
99
99
15718
188359
97
280310
95175
99
99
219248
132306
99
12949
99
129550
29001
311971
99
20674
99
81930
527324
99
99
99
432670
99
27060
349995
99
242719
113733
99
64880
99
99
99
117360
99
76316
99
288713
22170
472426
99
99
83309
99
99
86553
99
334000
99
99
373122
182918
33243
17306
99
99
98072
99
99
16923
410839
99
99
99
156849
99
358600
99
99
86517
66008
427439
332103
466671
99
286413
68367
126425
99
99
99
332084
99
99
99
99
15617
99
364075
99
108615
98
86900
22430
131399
99
99
99
239441
99
99
308951
99
99
99
99
99
144702
99
99
5834
264154
99
212297
168117
91
41584
24525
4873
114326
99
99
99
99
99
65612
403370
99
157798
32622
99
99
99
6720
99
396899
99
66946
99
49323
99
99
351068
477491
221726
99
99
1510
118147
99
99
99
388532
42110
99
99
98
41
99
99
99
32810
32381
344624
99
99
108172
99
99
99
479242
123456
149161
55862
99
99
186879
53238
99
55221
287239
189027
52817
99
99
20475
124639
99
99
99
192781
170378
21790
273950
278768
225109
266729
99
424935
99
49428
67925
99
99
107635
24828
99
262177
99
87434
99
99
99
99
395887
99
99
98
33010
99
46361
99
99
99
320622
52616
238416
99
144589
33769
298067
25890
99
99
99
94075
99
77509
77123
99
13073
99
99
99
99
146649
123824
99
99
99
99
99
394768
99
99
99
99
435632
99
99
583662
320383
99
102691
99
225599
417475
289960
99
85120
45989
63444
99
62990
87710
10617
239514
71873
89
98
99
99
99
76544
99
99
99
5113
99
99
99
79460
99
27449
456930
200205
519092
24856
12091
363571
241075
142464
99
241170
377724
85637
46431
547875
361918
527216
21825
71573
190155
101847
99
99
3794
97
46605
99
234202
165450
99
99
46682
99
99
56824
99
39241
98
71483
26593
48703
75215
12061
99
99
29159
99
349933
116370
99
99
99
99
99
65603
224200
99
99
96765
99
290557
283
99
99
6426
99
99
99
99
99
120862
99
470511
10427
99
135412
491241
5084
141351
99
100972
28332
65337
144313
99
99
144665
101417
99
99
99
99
32501
99
52479
182979
43385
135301
99
99
128578
222489
219732
40552
41274
99
83806
99
458210
230931
269357
36881
99
99
99
178444
99
350719
99
126614
251886
99
321670
99
225481
302263
99
87418
99
367220
3149
88029
28158
99
99
276035
93
287393
382960
144178
99
142
99
244730
138190
9460
99
28217
99
181648
18989
99
70918
3770
99
10279
4978
109251
442800
486205
99
457481
98
147547
99
259035
99
169483
99
99
157614
272653
99
99
42490
58185
99
7958
99
224041
102535
99
99
19050
176412
201715
593929
99
99
99
99
98
99
99
99
99
99
99
99
99
326121
99
166170
501049
57493
99
502
99
47219
99
98
19036
99
613386
27467
102717
99
99
99
331282
65970
99
99
194037
233330
99
251760
99
99
99
177007
99
79032
318982
21170
99
98
117325
99
10966
151495
282135
99
99
96
51437
15949
99
99
99
229939
99
76861
99
99
99
99
329532
27144
99
99
99
99
216967
99
298310
351769
99
321944
100909
331916
99
45317
177515
99
24080
39068
76981
99
99
111651
99
129502
99
19165
128729
99
99
99
99
99
99
11508
400429
99
99
227019
99
280385
227935
99
99
99
99
20843
99
21075
99
29659
382374
99
99
36618
99
99
99
234602
99
99
99
99
99
97
111423
434205
300797
91507
99
99
99
151305
188816
452755
99
205723
199807
128761
99
415909
99
99
99
64875
99
154230
99
99
99
87660
33381
99
99
162091
99
11018
79949
99
113345
244347
2241
99
181628
99
99
101351
99
97297
99
467292
99
99
99
71777
158196
99
262476
469498
99
13777
99
99
99
28192
86474
49325
263369
99
99
62502
14369
99
226799
99
99
296969
99
429
99
99
94061
99
18881
160575
99
30289
99
99
99
99
39814
99
2912
141684
99
208010
99
99
137025
99
29011
99
256179
16395
146062
172070
94589
99
29344
99
99
96224
209962
9628
164685
99
99
99
18982
254465
99
7760
339975
58696
171015
3078
33564
172439
18812
99
99
99
171018
99
27119
99
627302
99
124179
99
99
99
152459
24265
99
99
99
167801
99
53011
50796
99
23173
99
217232
99
449
99
73077
99
99
33419
99
99
99
99
338391
99
99
99
25006
99
99
99
23572
54527
5249
62761
99
94151
43962
270057
99
58646
177847
415147
1445
99
335011
99
99
82763
99
60749
128629
141878
99
99
99
99
99
99
99
99
88868
124348
313377
40836
16232
99
99
338673
38140
99
99
14769
239222
113889
318377
99
539311
180981
99
254104
99
4275
21031
99
188215
170293
99
99
99
99
101968
99
97015
103558
101528
291146
133801
34983
99
99
72301
99
99
92766
433993
4785
99
99
99
160944
16287
99
99
488070
99
53461
99
99
99
156574
6776
285197
99
99
99
99
549159
99
99
99
279388
99
286308
402148
369904
99
23953
99
99
106809
180877
5823
2957
49616
85759
99
99
99
99
292
99
258759
99
449282
289414
92
99
99
474332
392735
99
98
99
99
31733
196326
198827
99
61843
99
99
9154
176334
125390
99
98
30820
216882
99
99
36152
99
99
99
60241
99
99
99
99
99
233522
99
140307
99
99
99
99
99
58320
99
240087
280354
98
37531
99
99
99
11650
57956
99
99
316367
99
127385
111788
99
73030
99
344009
148696
273067
99
231900
855
1131
99
478603
321942
99
172756
10716
218523
286338
294512
99
335005
28702
332423
99
99
99
8593
99
99
8745
7018
99
99
99
99
99
99
99
99
3854
523058
99
65540
99
301901
99
99
99
99
22954
99
99
99
48266
99
63673
105405
83665
99
8907
103781
99
99
127897
99
156282
28311
139112
99
357466
99
99
99
99
116798
218382
99
99
330191
99
99
25053
99
99
79949
99
99
99
354002
1594
99
99
99
99
172832
7899
50148
213389
99
309275
245707
99
44701
157846
275701
13829
270358
373555
11684
470134
99
41763
425668
99
99
99
99
331606
524364
99
99
99
99
212052
99
155956
99
168507
203172
99
208735
70213
61491
48399
69021
289230
99
99
99
60926
99
315383
5662
99
99
11718
98
99
176691
44828
41944
73059
99
99
184610
99
132569
174817
262649
99
99
99
99
457592
99
99
11909
24681
187795
99
99
173370
99
119060
495448
214447
99
60156
99
99
99
99
271618
258640
99
23764
73038
99
99
72760
99
99
99
282365
99
2316
99602
130380
138780
421804
124593
55045
78
99
334248
28986
99
99
79125
99
31226
99
452904
341678
99011
69902
13285
99
29826
473512
163524
99
99
99
99
140468
42929
105793
93
99
276474
383627
99
16799
99
99
254526
237118
99
99
86976
435117
99
99
99
99
99
42901
99
99
34282
99
81790
99
99
222347
99
99
13302
99
311721
183291
98481
2006
6792
99
99
27461
99
99
150444
29594
99
57559
99
267355
99
423879
99
99
99
152151
99
99
138083
99
32368
99
99
204791
62775
44257
144768
99
99
53673
87162
99
99
99
99
178472
99
99
97
173324
99
74745
141851
568094
47516
99
98
226379
162157
99
99
136081
62582
139611
213061
99
86
153319
197938
36621
99
147295
99
99
53673
24269
419013
185446
99
99
225922
98
370317
99
99
157215
113838
99
99
17669
119336
21085
99
99
99
50338
25820
304837
99
99
