311302
12632
99
99
99
20864
76391
140760
97
99
99
99
99
99
99
99
394707
99
99
99
8764
47272
99
99
227008
54901
324217
43945
4393
151509
352633
67967
149904
76377
99
99
99
99
298
99
134127
148756
99
35102
99
99
99149
209185
99
99
99
115997
325
545294
33926
99
99
27028
99
257253
388
49772
99
82425
156300
99
99
99
99
92943
5372
99
76272
99
64532
99
1494
99
524051
99
235225
99
193103
99
108526
99
3793
99
229740
99
317475
99
156
99
99
456676
5407
99
12608
99
240132
4679
99
353011
135379
99
4908
99
99
99
242969
106293
99
199541
99
46505
99
99
86735
99
99
99
211797
99
45172
99
99
99
99
309689
99
99
109467
249247
99
66516
99
50711
99
353893
33248
400932
99
99
99
99
99
63692
99
57630
27679
99
154296
395429
266615
99
80660
99
46662
348386
17804
505612
10618
77574
99
110249
80962
313702
62225
265968
99
251547
99
134078
99
36609
99
199321
193687
99
48394
31127
99
99
179381
66063
125737
326206
187973
99
12941
93512
30158
99
99
99
84252
404992
99
72319
99
32776
240542
99
19591
25780
99
99
72859
99
99
99
99
169863
241229
2184
22454
409489
177677
858
99
420484
224310
99
99
48755
3192
99
61031
99
27588
99
99
94
386137
99
99
99
32105
99
99
99
43577
99
252237
99
99
260699
99
99
30492
71747
213576
131046
92012
385161
26819
288203
99
414475
1279
99
212963
84363
99
73950
87
99
239078
99
118901
99
99
99
99
99
50806
111331
247746
99
99
99
99
99
99
99
99
99
99
99
99
99
513114
99
99
99
99
106651
131301
8053
180332
99
99
434701
73180
254339
499371
99
99
319078
24323
99
160624
229224
99
99
16068
405667
133434
264954
99
99
99
337713
518441
57140
99
72155
98
70805
21273
99
245011
99
250723
99
207544
344837
99
99
99
81513
34481
14249
276
99
196598
66993
99
241797
53212
99
99
161048
98964
305446
99
1998
99
25
99
270650
99
99
99
54934
111887
99
99
35449
99
168468
431534
99
99
41003
99
40692
142820
152666
99
99
99
7366
258597
99
43354
218446
131458
183352
151693
99
99
42991
222661
99
99
281723
121667
39110
99
152325
99
99
238109
95
99
16401
32542
99
99
13670
99
55388
99
152645
99
83751
321214
43259
99
99
99
99
99
121292
99
99
319389
99
99
99
99
45534
99
99
50
99
36526
99
439911
99
22243
56722
165936
399706
108837
99
302498
115266
99
86278
99
99
39919
53442
99
182538
99
35513
55484
85521
53125
314207
99
69425
355445
99
99
99
355000
192259
29021
211405
170688
99
99
284001
99
188810
80365
4464
68786
9414
99
275349
99
99
184614
18632
99
222562
99
47711
99
99
99
99
99
91412
213443
22828
386224
99
99
453296
99
123906
110768
39212
99
161158
69696
200033
99
99
99
99
99
94
3050
157625
99
13773
99
429122
145150
99
418346
4826
99
147229
99
99
14357
199729
71649
121252
337406
99
99
99
168403
99
460896
234214
145185
14163
191104
99
99
99
242348
299067
112874
99
99
99
99
99
99
99
99
293306
1779
99
176101
139810
93478
14258
521537
33322
45704
99
99
99
99
166145
99
258066
99
98
215706
452748
99
458693
99
99
281249
99
19675
99
113138
99
99
399770
99
99
192915
99
402651
115521
99
72494
67904
99
99
99
228097
99
10399
95011
66519
99
195663
58938
99
34340
99
555147
155642
99
3010
100552
5015
107544
99
6046
491685
483993
99
155203
99
99
98
11500
99
99
10125
8905
148793
99
99
124942
99
41500
99
165028
84877
99
99
84702
99
40247
267126
99
99
166228
120747
393622
99
15503
99
99
99
391723
99
179949
99
99
10279
215012
99
99
89
99
482684
99
4674
124257
182493
106167
99
61757
99
6384
99
280846
54628
99
185588
99
99
7611
227443
99
99
434677
99
26619
99
5972
53984
99
99
99
4120
99
99
93224
99
99
99
99
99
48885
99
223939
99
270682
99
99
548729
99
201229
99
450275
99
99
336612
99
99
623
93119
99
39867
466057
99
99
90
1911
99
99
98
79132
9157
99
361948
31665
99
99
229045
99
99
53022
4967
99
99
296200
99
90002
209284
99
99
99
638
222811
471012
99
99
88044
99
10784
99
99
523160
99
99
99
60458
398902
99
495059
99
99
99
99
99
11049
99
89855
99
8109
148369
99
18710
99
99
90958
99
122753
323444
10181
99
78778
74252
99
99
9459
99
99
99
8848
99
99
18997
99
164580
99
99
42383
93752
99
99
99
99
61434
182141
71266
251734
370961
209254
99
99
18588
19205
2285
183992
99
99
99
103495
99
99
99
99
487415
56948
71259
268615
404705
99
14361
104689
321402
99
99
99
44013
99
99
41827
300129
99
99
45735
99
262812
99
79148
99
374687
223163
99
99
99
22214
404701
99
99
99
99
99
31
349244
99
47231
99
99
99
160178
47415
99
390232
87756
9995
149999
136389
88041
245695
146151
99
99
99
362279
9585
99
147347
101082
92874
99
99
99
99
99
184710
327415
99
99
99
99
291595
933
99
99
136179
53216
99
99
99
51752
99
95
99
99
99
99
99
99
232464
157557
90
99
99
144680
99
99
43103
211815
507115
99
67293
327795
99
3200
99
20595
27268
96
99
99
99
51235
342323
124761
99
99
327866
274655
99
99
99
141144
122583
17920
330655
99
98
99
239218
94
366407
84025
52779
38685
99
239879
99
328284
352951
99
99
99
99
50030
85340
99
104034
25580
99
99
24232
45152
14617
99
99
23388
99
94714
68463
99
99
278938
556078
99
99
17664
64571
221782
99
99
24959
72609
99
99
101871
99
190045
99
427868
69722
319868
147366
96567
99
56098
43658
99
99
105128
132901
99
99
99
41684
99
99
99
31049
1581
99
99
74346
200192
445461
99
99
109790
40535
136695
99
99
99
99
99
99
58047
99
1231
99
1011
64525
138701
99
99
132367
99
205481
99
99
96126
99
99
52032
376750
99
13281
99
275318
98
99
99
99
99
99
219199
30912
472091
99
99
99
13281
99
99
7299
99
35145
99
99
99
106487
99
99
99
99
99
99
87
123217
183429
98
155789
99
254187
186984
7340
99
99
99
99
99
394099
430934
99
391457
354725
99
390853
360952
393542
99
369621
100883
82437
70794
109236
70681
168480
99
99
99
99
99
99
60533
258475
99
87579
69064
140644
97
251367
99
244502
230348
99
7380
99
99
99
99
98529
99
99
99
99
25205
99
99
99
395111
99
99
343916
97
99
7502
99
175285
31049
399473
11976
99
99
99
195736
216962
99
56505
229878
99
99
49231
28845
99
27769
99
121146
130484
33094
99
99
99
99
46784
301041
9899
99
99
81825
99
25341
99
133471
99
112975
12924
9565
240480
99
99
14046
99
99
518498
175363
26281
99
500844
99
99
127403
82027
99
99
158525
126100
99
99
99
99
72717
98736
405
99
9194
294166
99
80236
4870
99
99
99
99
99
161519
99
251126
160046
99
261080
106097
99
99
489891
99
99
167742
74866
99
99
99
99
70002
99
32965
320998
99
342483
99
190209
90
288500
4567
442346
251230
99
99
99
20837
99
215127
129114
230946
99
99
99
11954
99
99
99
99
99
99
272650
5137
99
99
14853
207094
61669
55168
99
32300
58297
240640
99
99
296519
19436
153041
99
270689
127952
336719
291504
61453
192962
225192
223961
99
99
99
99
250368
177165
439208
99
99
99
329880
336201
99
45797
99
449895
99
465591
99
99
99
97
99
99
99
96
99
228707
323878
323241
141770
99
299953
99
95856
99
147813
163088
29461
3817
187866
99
30222
99
99
15365
99
99
99
207502
95819
147
99
97361
99
99
94
99
99
99
99
99
63871
99
102697
27248
99
245190
40332
74991
149885
89876
46573
99
99
99
144318
99
99
99
2280
98
99
99
99
99
99
99
129003
179836
146076
169812
99
99
99
316252
99
99
23889
310020
98
13575
99
311136
427737
84688
63025
99
14759
99
89
2314
99
99
58090
99
73532
174872
99
85847
131480
99
278646
97781
104395
196864
78779
45988
65157
376193
99
99
99901
99
99
99
99
180745
234006
99
99
99
227495
3822
99
98
269746
45211
99
252844
99
99
126578
34259
172459
99
126446
377639
2460
49631
97273
7124
73093
199934
99
68
99
29815
1688
89
301641
2395
214058
99
315596
99
142883
99
99
99
25201
376573
99
130723
99
127405
99
99
99
99
116883
68223
99
80553
212198
93713
99
99
33049
99
1269
99
99
99
45062
99
99
99
99
400947
107
400999
418723
437815
99
219542
42949
99
99
99
148273
98
255224
266521
99
99
99
208404
168116
16928
99
9468
99
7760
99
299130
16603
99
99
99
105054
417028
99
99
99
283269
98
99
328073
99
76957
306250
25787
175642
355518
145819
318071
99
99
209960
99
207734
237355
99
99
99
64
70788
99
99
128454
49298
99
99
368133
231025
99
47222
386228
99
99
51
99
99
99
99
20778
412359
28978
99
16815
99
256880
205039
99
99
99
50538
91897
59455
291109
28731
99
39281
3067
143217
23693
1885
24177
99
307108
142898
99
418044
99
138450
99
23085
8744
99
99
99
99
41213
492166
99
99
99
99
46135
235994
339229
68448
90
99
98
63956
100594
14884
99
99
89
148887
526992
131891
236075
99
19718
98735
67464
99
304218
204704
57240
99
5920
99
32454
189407
64907
99
176496
25028
99
96
142404
72085
67374
13549
99
99
99
99
322297
493146
99
99
99
72990
99
207173
6755
189126
82776
99
227610
99
99
506294
40990
19366
99
99
196603
15723
80227
202823
99
99
462687
25531
98
99
310365
99
99
200880
41190
51633
98585
100572
505113
99
135168
99
99
57213
99
99
99
119708
157699
150315
99
74717
177860
98
424938
99
4798
129935
396948
99
99
99
99
99
352181
99
235836
318221
99
99
310917
82685
99
692
275499
99
99
99
96
69106
99
99
229619
259026
99
128690
99
95
72728
99
99
99
99
99
99
99
272350
99
225322
99
161325
22435
349580
95
150215
3749
260628
172811
99
375011
99
179760
99
99
99
99
99
172509
340110
340259
65362
306532
320316
483031
99
99
46913
99
99
129063
151789
162619
289478
99
74364
99
194075
502649
99
99
97
123414
99
99
99
77
245201
99
99
424591
15145
99
44576
99
151241
93407
41929
99
99
239135
99
50715
167081
183078
216654
146004
284
62888
99
167646
46371
99
451509
99
130736
99
161594
382544
99
99
41319
2557
281163
99
99
99
99
127225
67952
82613
1854
99
103284
121955
75556
99
99
18941
99
129409
99
99
505290
208715
99
99
152182
99
99
16911
99
401507
196886
405153
208974
99
99
99
99
203671
65089
25224
41380
586847
99
99
316863
99
448964
99
3446
439641
82412
99
299377
142794
19494
56290
99
36624
99
4685
99
96
99
99
99
332100
99
99
64408
8595
99
99
74636
509346
99
84245
99
99
39849
90889
98
38397
73262
281551
45568
99
99
13358
99
74093
99
99
181953
99
76732
99
99
204825
324306
99
99
99
98
324928
99
149200
146629
31347
1222
99
74476
99
30077
99
15107
99
99
99
20390
207505
409724
338170
99
99
235264
99
99
99
99
501063
39800
99
99
128061
37896
99
299837
99
67425
16318
99
201548
193872
99
496539
13297
431886
99
99
99
99
51774
99
3508
43407
99
99
99
312651
77176
99
92
99
35895
99
248142
98
61151
99
1500
99
99
128042
369261
332620
99
130946
270966
99
99
3381
18044
216202
99
82947
99
99
99
99
99
68405
99
251373
99
10847
99
99
99
127410
255301
99
81191
29276
3238
99
17381
146104
99
99
99
99
99
99
28755
603564
99
99
9247
99
132606
99
168138
99
27496
99
99
262423
98
212437
488702
99
99
99
99
99
99
99
99
99
99
198723
49214
168730
99
99
49542
287165
99
98
66466
57310
40959
98
622
106819
99
203747
99
99
56585
10749
174076
99
99
4066
99
220355
182896
15316
111555
99
99
99
99
5887
53697
99
245357
91
119332
99
99
99
99
9442
208370
206957
30744
99
683
99
99
99
160234
93874
396412
99
14483
29955
99
99
99
95
134399
2393
99
18915
118115
99
206052
25700
99
255507
99
99
99
98804
99
20244
107801
336785
99
175028
99
284260
99
28921
99
99
99
458042
393814
99
99
99
128925
99
582943
28744
82900
99
99
70674
99
99
99
160324
385440
581666
41155
99
141666
240558
99
99
314115
99
274682
99
99
484949
99
99
99
137589
99
99
99
318292
167497
283431
99
99
547323
99
53570
43054
99
99
335728
6256
99
429564
99
9131
357545
243927
99
15808
16537
8873
37194
99
135367
99
935
20365
103213
99
94603
99
267599
83581
606908
97
99
99
99
78956
99
99
12966
99
42777
99
160407
99
99
27535
30982
17506
56730
173297
99
75632
67698
87329
55672
99
72130
99
99
99
99
99
295029
99
99
21056
286775
32532
464700
30599
387111
18598
476758
415643
6225
99
266760
399426
164654
43790
186760
249135
99
9564
382000
149837
53456
54832
99
99
110405
99
493623
99
292288
81173
219245
99
113103
99
99
67531
197452
99
99
99
193097
57677
27488
169814
37335
99
108293
287929
42454
99
99
99
99
99
99
7708
142019
99
23981
105876
99
248330
8911
99
99
27322
99
99
70803
262385
256582
199747
409614
99
99
199072
16709
99
123614
99
72478
79610
61693
142555
99
99
99
99
146538
278176
239638
390640
99
179510
99
99
26937
588090
99
32118
22767
295669
97477
162043
99
239554
43360
569783
24930
13087
99
118930
260201
99
6647
194187
327301
99
99
99
194770
95982
99
11186
99
99
32831
336360
99
21013
99
102152
99
107622
2630
104455
15193
115351
85511
99
8838
99
298893
124250
99
99
49795
99
81208
3515
99
525330
48563
99
214598
99
419108
99
227641
310671
180904
99
99
99
99
99
98
251103
99
99
42579
99
99
166714
105113
99
99
99
338831
99
99
99
99
141536
99
222478
99
77042
99
99
144741
65142
99
155918
99
99
37080
99
202652
99
77035
35963
92
11265
52182
7611
99
65216
383367
99
99
17160
115492
15014
60403
99
297581
99
98
3433
100334
99
220052
99
99
70801
282503
99
87431
99
99
99
99
162338
99
24757
99
544977
33817
99
222218
99
68368
99
99
277033
99
23787
219976
99
366341
99
62412
99
99
99
14964
10389
99
123530
99
13939
97
99
99
82835
99
99
99
499454
2495
1908
77030
98
99
107023
209386
99
75988
99
99
34549
99
99517
123569
99
99
99
99
99
99
267197
99
99
99
99
221645
99
99
99
99
99
99
99
98
99
135097
10990
61694
99
99
55706
37820
99
281384
99
99
99
45886
99
274155
96
67113
99
99
99
99
228242
99
158781
298948
164790
99
63492
32934
286233
99
99
12385
29384
191084
247189
350484
134698
99
99
8661
99
99
99
423905
259242
99
99
116659
1744
99
99
108851
950
225454
257542
99
99
183913
7994
187562
146589
99
252055
99
134324
294754
273177
278764
99
68354
99
330200
68551
273495
99
99
45981
99
264780
99
229390
99
99
80156
99
92492
99
1278
72428
99
99
490789
99
99
79563
99
99
99
99
119187
99
218651
205254
99
459069
99
99
337744
83504
99
21777
37929
99
38730
99
99
268074
99
197462
99
99
414178
13578
99
174897
450792
99
99
99
99
13827
132242
13272
217753
99
159826
99
99
330008
99
109010
99
143072
103395
104574
99
94028
99
99
100703
99
99
58561
41497
85052
99
98
209058
318881
60374
99
99
273
3832
104323
250007
99
99
99
140084
99
99
92794
1599
1284
99
471259
133974
99
51245
99
549101
99
187153
99
352390
277895
316250
99
99
99
472673
99
99
99
99
115331
421532
99
99
99
284391
80454
506681
49325
99
99
99
90
119327
99
221666
99
273
99
53156
99
99
351404
94067
91714
925
58625
128922
56624
99
102922
99
61513
99
99
16733
93146
99
99
96
59059
341731
99
286713
347763
99
99
65144
32182
133238
379291
99
23708
112682
99
99
99
129170
208764
258495
99
227670
99
44036
99
191796
99
209988
99
188190
99
162134
99
99
33348
140695
99
181353
5507
273886
99
99
23800
39838
99
115595
9114
99
84165
99
99
4515
99
126701
99
99
232823
99
559511
99
12318
110212
52240
99
144640
99
137156
99
143387
99
99
117484
134111
276467
163676
62405
98
99
225967
99
99
99
29744
110626
99
99
99
580228
28855
288255
99
59
99
48892
99
385135
291578
99
136837
171643
99
23965
99
99
429952
5297
305278
250815
283084
99
99
191249
99
407013
99
21025
99
99
22512
99
8836
99
99
99
100072
346795
99
99
204928
250571
32118
28809
208447
81
99
12705
99
99
99
441204
35014
281191
31322
99
99
6783
182455
99
99
99
22241
108347
318365
198688
99
99
120651
99
293797
12820
58781
89650
99
868
86918
183802
214481
99
260887
99
99
247045
211890
99
99
99
99
99
99
99
28441
265042
99
99
99
5882
12058
378093
375776
32898
99
78575
99
52901
69102
9711
99
136516
99
99
147004
99
99
73049
35601
446621
98
99
123062
52748
144452
38787
268997
215100
246460
76
99
99
271988
99
99
99
99
30222
99
13897
99
99
99
173015
99
99
267958
99
74627
49807
128964
393873
15400
99
158344
468393
33685
99
117306
99
99
81219
99
158310
99
36934
9918
182638
10204
15005
99
129983
353161
124265
148483
169887
335554
99
99
134928
18178
187329
18288
90
99
375643
99
21919
99
99
33980
160920
155075
99
99
99
99
107193
99
99
99
99
99
99
99
12050
47380
253899
99
28162
99
99
363071
99
99
99
99
99
99
99
99
99
178389
33023
99
99
215190
99
248361
99
177498
99
6252
63688
99
98
64880
99
99
165280
99
105165
98
99
99
189911
99
15103
228314
56263
278855
99
99
99
366013
99
99
79
191229
99
266113
52750
99
99
1329
349021
105430
99
99
99
99
99
99
189314
99
238677
57878
267927
99
117739
301990
147456
99
99
99
99
99
99
99
99
100271
99
29118
99
284270
99
149040
171407
99
99
99
24367
263999
27311
42393
99
99
99
293370
420550
99
99
199272
7133
26285
99
99
118136
99
99
99
99
2455
99
99
87887
99
99
56681
99
87431
108155
189252
234296
44341
99
47919
99
105375
99
99
99
395399
516353
99
99
99
99
289443
99
5994
1729
14312
99
118924
65256
490869
365090
145117
99
251094
99
99
99
5527
99
216418
99
505557
99
99410
52907
206799
60953
91357
99
99
125362
249477
99
99
82707
99
99
256779
99
148612
439192
99
92960
99
99
506938
99
99
53094
3832
10635
311686
41987
99
99
99
124609
99
99
412010
410600
99
99
85779
99
80792
31674
99
12209
398833
99
179484
99
99
99
187637
152800
99
245910
99
99
99
99
99
99
119136
99
99
99
99
118648
98
30591
450725
99
99
99
99
99
120958
155039
48165
96
99
89999
99
99
99
99
99
99
526956
64597
99
105191
260655
152323
99
99
19573
120325
396060
99
73317
10769
2886
99
98
37467
99
99
99
99
99
99
34052
99
23468
42684
342251
99
99
99
85
131898
99
39645
98829
34970
99
307529
99
129807
99
99
35745
99
99
40129
99
99
99
99
4781
333979
99
16590
75
41627
28469
511965
46955
131364
99
46219
99
294646
99
26892
361190
22416
33932
442
99
99
99
102268
40345
99
144660
63889
99
99
525070
35271
128925
97
36966
99
99
99
99
365854
99
11724
2641
99
42695
99
97
99
99
22067
58728
99
71099
383740
22554
99
64174
123645
527779
15893
99
248849
99
99
99
99
99
42409
99
44776
99
99
185143
529145
99
99
99
99
99
25926
242438
334515
99
99
99
231598
284918
61631
99
11092
566354
148998
94835
33115
99
98854
102041
86074
99
99
99
331119
380480
99
99
463864
527877
57326
472271
72911
143431
89680
81688
99
168324
7308
21534
360
99
451819
181598
99
99
99
99
169492
99
99
277899
99
37889
375088
21341
254195
99
52236
99
99
156122
99
99
99
99
99
99
157166
99
99
71742
99
289723
99
99
99
34019
99
156809
5886
423269
99
99
92874
99
99
99
195130
122610
99
19266
68017
99
99
54067
150895
341851
99
147650
10622
99
145707
99
99
99
99
422971
99
43176
99
99
13792
6658
149436
102636
535284
206243
243628
23819
10814
63715
99
83578
2883
99
99
76819
17932
99
370322
199790
99
53187
131505
95274
300092
169547
99
99
99
99
296271
99
360948
190530
25571
479739
82818
103835
98
99
412719
94500
9401
98376
4348
99
99
99
274644
99
183677
99
412431
99
99
398635
289840
99
390969
102963
113330
99
151933
99
5038
90
96658
99
12061
99
99
99
99
99
95737
99
239613
102108
99
99
18823
126072
321388
387594
99
66371
99
99
185396
9685
99
97
383229
522508
106039
249164
99
99
315586
99
99
99
193726
133686
273942
99
99
99
99
99
99
145094
99
19812
8538
245645
99
53528
99
99
25840
99
7009
1341
99
23101
99
98
191990
117593
255584
99
12352
99
19618
116067
99
256741
35122
466739
99
99
99
312436
25848
147903
99
99
289874
99
456504
187221
99
99
58739
248716
99
355605
44037
99
99
332637
99
43362
99
99
99
12195
71
95
173631
137735
99
99
99
520049
90112
130080
97
228592
99
343911
99
99
476372
132760
99
99
12247
99491
99
253005
208742
445087
99
99
99
99
99
123682
448203
99
99
99
99
99
99
185348
96409
99
77863
298601
469571
85074
3834
99
99
76839
338691
99
56554
21876
7726
99
99
99
99
59552
99
190945
273132
6598
11656
329138
99
193798
429692
5595
99
329320
99
447109
148342
340229
99
103366
99
99
99
99
99
99
99
99
431390
141245
246811
149185
99
76149
16320
76539
238230
99
99
99
80981
99
99
30048
99
130328
99
3842
99
99
99
99
11622
34527
424109
246882
99
34381
99
319163
99
99
99
98
98
99
99
99
41853
117423
99
99
99
70874
18292
99
99
99
99
99
99
70670
99
99
3823
125739
99
99
82676
99
4568
190474
342102
18393
165397
26233
99
99
99
113505
615535
99
99
99
41165
99
133889
125426
200995
99
99
150508
99
22046
247491
46653
99
99
99
51039
227211
99
99
99
99
99
99
8200
54689
21493
140314
187734
90004
99
128541
99
113363
99
158926
51277
117203
99
154174
99
44967
1147
99
13516
99
68295
186390
264664
20966
99
22054
99
99
99
99
99
99
41924
99
99
99
99
99
161566
102920
99
99
412701
99
99
99
99
55014
70252
19749
41764
5220
275070
99
99
237093
99
43068
22495
117974
99
99
99
76150
214758
136575
61636
198922
99
74855
207317
279219
99
99
99
32220
16855
99
99
99
99
191336
99
17381
98
39423
79365
340549
99
17997
263183
8308
396802
140253
405132
99
466753
19584
99
43095
99
99
98
74895
99
94623
99
99
21843
99
226825
104803
223996
329742
99
104990
99
99
99
160952
90411
99
99
248251
98
271968
99
49636
99
99
99
99
99
99
99
292578
15942
99
39649
37646
99
232104
99
113201
488
99
99
94
147566
111912
99
73615
10194
99
99
99
99
473421
99
194076
99
171971
99
99
99
218492
136748
91134
99
99
99
99
99
433417
99
99
517947
99
3985
319822
99
321998
418309
103470
99
99
89504
131935
9896
99
227795
99
99
43843
53799
341797
62999
99
86083
394731
25561
99
138582
111623
99
79324
99
39480
487726
114459
53682
213398
231621
59427
31462
412088
1101
67092
4808
41200
41123
98
23544
99
99
99
104045
22063
2434
96644
11013
406491
99
99
107475
224620
98
99
99
543049
99
99
99
3095
99
99
1227
82395
101091
146283
304010
185297
128739
99
99
99
99
99
99
99
38905
390018
136046
99
45727
205631
99
183262
447172
9605
5332
99
99
99
99
6980
99
184563
17190
99
250750
100745
314094
99
318302
16411
99
75288
99
99
99
99
99
99
54735
286215
99
99
87
218471
99
137251
20449
99
33882
12005
99
64496
21869
99
99
99
99
76302
106928
282447
21804
167649
99
99
44686
99
285251
99
81124
67344
98
99
236343
344386
99
99
99
114610
99
99
99
102789
99
99
365785
99
17032
434872
99
157473
145094
99
99
15464
127619
364906
423032
124288
99
44509
497286
99
99
99
323887
22572
129862
98
335239
99
99
94947
263582
24632
400447
99
99
99
157797
105977
99
273808
39979
272672
38597
10402
99
99
140959
99
113439
99
99
99
99
274554
99
99
99
7831
54506
98
99
144164
99
14132
249507
456684
99
99
99
99
99
99
6545
99
109470
53957
35469
417088
187070
99
23668
99
99
99
99
2908
68
99
99
99
99
99
99
518328
99
99
155366
99
402677
68780
526397
182175
99
322587
107332
195391
99
96823
487551
487489
83465
99
85255
99
90136
35639
197414
99
99
61333
99
99
163287
99
489211
252630
88164
99
80536
59308
531096
19183
137071
99
99
120044
246920
99
99
99
99
2900
425337
99
124320
99
463812
28827
99
90639
99
99
99
265934
345369
99
99
99
99
99
304141
99
197887
50780
497819
81738
99
173215
99
81481
99
99
360334
393479
99
99
171262
99
99
99
153733
217114
99
99
99
99101
408156
99
99
99
25285
99
99
99
199744
122606
91030
21075
599
99
99
152593
294187
99
99
99
238683
71503
136633
220951
20779
99
212546
101663
99
99
99
99
99
99
99
99
99
248272
99
99
99
99
291710
78
392280
99
386007
99
99
99
34927
53938
219415
99
193852
99
189764
305313
482268
99
99
165813
9188
247440
99
48854
286176
21508
99
99
99
99
288279
99
99
139906
99
226211
99
73299
8251
68965
99
202720
366547
257420
99
99
99
99
1750
99
79157
99
44015
99
437328
248849
99
26788
99
99
476747
194759
349710
99
24705
99867
95
99
99
73076
111821
504634
32587
99
99
137211
93
99
98
99
98734
193984
99
20451
46781
388979
302398
99
99
21213
111009
99
441125
99
99
99
47714
99
291749
302792
195027
99
99
99
99
99
75092
544384
99
161993
1054
435254
99
227135
99
82
236305
134014
99
254315
179597
99
99
68492
99
99
99
148443
99
99
99583
186968
106773
99
227694
157848
547346
475189
99
99
105031
99
151535
489751
99
99
99
99
99
99
56102
33449
284280
96
99
99
99
56118
99
87823
99
99
99
99
314607
1398
99
183497
99
352346
101861
99
99
8195
292595
99
53799
70025
99
98
443696
97420
99
125324
330663
195743
32988
99
99
40150
1888
99
62
99
99
25334
224509
68376
99
65146
439837
99
15904
95164
286474
99
99
132812
172413
132192
99
350136
658
99
86913
51988
99
262154
99
243826
99
133251
99
99
99
99
99
99
495166
22063
99
99
202735
283979
295741
99
195312
391022
147796
99
172492
295397
99
99
98
99
99
99
443329
204806
8359
457329
195462
96141
13197
99
65924
11217
99
99
63905
99
87220
133099
323011
99
99
99
353865
285579
99
99
99
26252
13394
99
172120
333198
99
88513
99
49303
99
99
99
7298
99
71165
99
8766
23306
99
99
271538
99
90514
74592
42258
28681
99
99
59318
99
99
187832
99
221165
133418
78
99
99
99
106583
67493
286971
117156
99
99
99
99
99
78797
99
99
99
173439
115025
99
34229
431715
99
99
4515
99
1378
5296
99
99
99
99
19219
99
99
99
163800
194584
99
191190
297178
25615
6583
99
99
99
99
226420
73903
99
99
99
99
13412
99
99
99
326325
99
17782
516539
99
99
62464
99
203151
51633
99
99
3581
419416
99
99
78730
267426
99
19160
135253
99
99
60407
99
250049
99
5482
99
99
99
56454
98352
99
25498
99
99
111230
99
40574
13837
131546
115785
296470
99
99
99
99
4297
99
99
99
189237
99
99
99
315431
56599
99
99
99
99
99
99
212897
30158
43123
23423
99
110837
99
99
99
85
99
234381
200997
36538
245992
99
56003
53518
99
99
2143
85
308021
6498
99
5486
99
14528
99
99
365494
174051
12634
1197
99
18298
348033
230159
99
99
99
99
99
99
99
54758
99
99
223871
55844
32308
99
115918
149815
375462
36219
99
99
99
22875
187408
86557
99
188869
99
13066
300123
184496
310945
99
214122
507134
99
266249
99
99
65464
381859
81750
70669
99
83295
131630
150239
17172
99
263579
528570
99
99
134432
99
99
99
99
99
120064
99
99
99
315610
70527
99
99
99
97085
291987
11883
296108
230694
99
99
350947
116787
99
252203
10565
99
99
10594
99
240817
99
118456
167541
99
240633
198868
99
99
326956
99
99
99
99
98
99
707
99
3811
99
99
99
99
99
99
118555
7622
99
97888
99
99
99
99
64310
99
81070
41788
99
395989
391970
99
341089
99
99
99
99
99
374946
99
99
99
105175
99
107714
99
99
99
99
99
99
99
18575
99
99
99
135902
95511
69617
99
119020
99
168130
99
99
301041
99
150657
5600
99
99
99
158220
172564
94133
99
99
376591
99
35133
99
99
99
99
99
41775
99
99
136605
99
99
94
99
137647
507708
99
110589
129193
99
100188
99
99
99
13888
142033
99
471566
1692
99
99
99
99
99
393058
99
99
99
99
99
99
99
425678
47505
404518
99
186125
99
99
99
99
99
99
289411
99
82005
8804
283754
99
438318
174359
99
99
99
99
201574
213564
18928
89367
99
180671
99
83875
173162
196037
99
98
99
99
99
55324
99
526560
99
99
71937
64718
99
151413
72540
99
98
533100
99
99
284327
99
565
99
35275
171372
280621
24483
18969
56748
99
99
10215
99
99
10923
99
578
99
138587
99
99
220154
99
74895
99
99
99
17861
99
99
363219
3195
99
99
167519
99
99
549689
99
99
20302
164349
99
99
99
99
99
311928
103719
99
99
98376
99
99
99
416005
41739
99
6636
82210
28398
99
99
99
216907
99
99
99
99
225798
99
99
94
99
471947
25234
99
398122
50655
409815
236542
22280
57263
99
239886
51026
268893
156748
8916
99
99
99
86384
98
99
99
85
42577
70235
99
99
99
297323
230436
1077
107078
99
165626
99
99
47681
99
99
226552
99
179089
99
273166
17385
99
99
112886
85265
99
99
157001
551295
187558
99
67204
179827
90795
87466
99
99
278809
401260
169750
99
99
99
99
99
1170
99
99
124
81415
99
99
99
99
99
99
210012
27358
99
53121
233024
99
99
99
99
99
99
13650
455619
99
98
382520
99
211327
99
88968
202553
99
64430
63183
99
2454
134459
99
99
99
310254
99
99
99
99
63700
49586
99
99
99
181295
99
99
99
99
99
38565
84253
136498
99
28246
99
15556
7922
99
99
99
301026
99
93495
99
218637
154898
99
120896
6246
99
108030
264928
99
99
279794
99
88
368235
199738
99
99
99
443865
99
170095
99
435807
99
99
387110
172254
53923
396368
99
99
285478
99
268712
513169
99
202355
19969
39995
99
99
99
99
99
184958
99
213681
99
62908
39342
99
99
275774
15077
99
99
99
99
312588
99
99
99
35091
99
99
5174
99
421023
99
99
67331
99
99
112488
379945
397109
15732
95
113011
314482
435913
99
109112
10259
97
99
358461
76134
287814
99
99
99
99
151834
90
3580
136105
82593
14631
99
99
3226
99
93168
248352
11093
99
99
99
99
99
99
42507
119907
460580
151016
208733
99
99
99
96521
99
112305
333363
604696
99
99
99
2388
303836
99
99
120492
427214
36868
99
1898
334944
99
99
304277
99
366082
99
99
99
99
103544
64978
99
99
205335
476239
19180
99
99
24101
192575
167847
99
99
32210
91
99
99
127518
272311
14382
230049
99
83616
99
97801
99
46673
99
440015
3010
99
99
99
47351
99
186073
91225
99
99
428641
99
59718
99
99
374875
60847
99
43854
99
99
25420
99
99
99
99
448081
99
277273
171013
76678
99
99
99
21404
448841
22026
99
420292
99
99
99
29944
99
99
99
299368
99
73407
99
99
99
99
99
99
99
543614
99
370471
61970
15285
404425
270865
21910
99
99
99
74314
99982
40511
154268
205854
99
2576
99
35586
99
21302
285990
99
146929
99
209622
99
99723
99
99
457224
99
99
89047
507429
99
99
99
61426
63366
99
484226
95
375005
99
61453
99
104986
7312
51900
99
99
19027
99
341558
77042
99
99
99
142104
6720
99
64472
80619
99
3134
253773
317252
99
99
99
62706
99
381665
94353
99
443341
18818
249521
17796
231364
99
13487
99
99
99
99
99
64837
99
99
17843
386963
99
99
320117
99
414307
120066
99
289184
177745
115039
29241
42053
157832
99
99
97532
99
52437
55997
235636
8702
99
497016
74446
99
99
94026
3586
99
10153
99
245882
91513
169949
99
99
115652
37358
23087
99
99
108168
98
99
99
99
89345
177640
99
99
99
99
73126
99
103245
235060
99
99
99
99
99
99
52976
99
99
136552
396406
99
99
207665
99
99
113484
99
99
99
99
99
99
99
99
99
243380
153843
120191
62476
99
99759
99
99
27893
99
99
99
99
94
99
99
99
159190
99
99
29157
99
99
99
99
99
99
99
9622
564755
202783
99
99
99
99
206185
42591
147266
68384
99
99
99
99
174345
99
128054
99
84647
52361
99
94327
373764
5631
162995
251281
99
71840
99
99
42104
99
99
99
330066
365138
120952
99
8132
8905
99
238131
591090
116573
99
99
99
99
42650
47105
99
99
99
538562
17545
99
99
99
99
99
99
99
75917
348861
339488
6749
99
166214
99
99
99
99
21648
184419
7237
99
184437
422190
99
2416
39631
399484
5058
99
99
99
358781
76395
99
99
99
37097
60351
1826
303742
99
9148
40571
99
99
128160
99
99
156888
99
46071
68823
94
231232
99
159270
99
99
141405
99
99
99
99
86258
99
99
67856
94922
99
33376
172099
99
99
99
529687
99
19961
70858
99
99
99
99
129864
216540
99
99
99
97
99
315590
1822
262295
99
99
91113
99
99
170888
99
99
342932
387429
99
99
99
99
29879
99
270481
243841
99
67278
96
99
61542
99
96
99
150658
99
99
34303
99
465394
65421
99
99
150507
99
99
99
58315
52951
99
99
67983
99
51643
394576
14177
99
334611
65970
157943
99
99
99
73278
99
193662
142424
99
99
126532
99
99
471720
99
262925
134121
99
178144
99
99
72433
2746
99
337190
98679
63700
168417
99
99
99
99
203781
99
99
99
99
99
99
27797
99
140932
49968
99
99
376248
246493
290098
99
99
99989
99
99
99
40207
20238
99
99
99
412086
96
99
16022
153314
138479
92883
45151
93
97043
71996
50979
99
212876
324026
99
99
99
99
99
99
98
99
99
93565
439236
99
99
188377
99
99
99
99
99
152626
293021
19643
271559
99
99
391841
99
162174
209927
99
264562
99
131488
99
62246
86340
113891
99
99
25759
99
210292
136364
78231
99
99
563657
99
269960
106817
214980
99
99
141336
99
241975
99
99
99
99
924
99
147568
34255
397124
3226
392197
99
99
21969
99
99
182728
169530
99
99
101059
99
99
99
400789
99
198874
99
182143
146079
99
74647
579087
502
99
99
250141
6520
162316
169294
99
244617
3740
99
99
116408
42582
395303
99
8559
82623
376536
99
99
34685
408283
2054
99
61342
25636
39216
99
99
99
380023
99
99
237356
153777
99
133447
127158
99
99
99
28989
105210
163673
328967
99
27009
195638
99
59034
99
18300
95485
12337
261344
128467
201945
99
15788
46940
41463
80943
389382
54339
8940
99
99
86715
99
99
99
20527
99
136405
93234
99
21597
99
99600
99
99
99
122524
101845
37728
99
316148
105113
99
99
99
141322
99
77197
30324
304388
60169
30147
51783
99
99
57761
99
99
99
51663
99
99
99
93222
116464
99
177667
49458
85979
99
99
90725
99
99
99
499026
99
99
6335
99
99
99
99
99
163646
99
99
294431
99
104523
69603
17652
99
41410
57469
99
99
99
156002
44625
99
85522
99
25508
99
144214
99
99
99
310777
99
64343
46816
87967
30093
99
140784
99
99
99
180086
80424
99
99
350929
273792
99
168124
476954
8231
99
99
375926
99
99
99
99
103555
72567
99
1643
37694
1045
279976
50485
57649
203865
99
253346
99
327810
168074
31533
357226
542293
99
99
214119
418839
216851
183143
99
108601
37467
66933
205104
3569
70714
99
10931
99
99
64728
21774
17057
99
99
2005
99
99
99
44997
99
99
21201
185816
99
99
16297
99
99
348147
99
99
190578
99
67131
99
99
30792
266821
128142
151455
246495
128906
99
99
353406
99
285946
20854
176579
262529
99
20846
342290
99
205740
110611
23292
260239
99
99
12786
23670
87017
99
4197
99
479547
99
110081
99
99
83346
346974
6222
125777
99
147494
99
83289
98010
99
95514
213135
99
152638
99
99
99
200487
160292
99
99
99
56450
99
99
192168
99
99
239132
99
316983
48258
566309
92732
20996
59656
