610888
99
99
99
33941
99
33026
83533
41251
99
92948
10913
67475
99
335180
99
335851
99
99
99
22752
99
201634
99
50087
99
99
322216
99
127771
99
14101
125613
99
99
234838
99
310715
88563
458966
192613
99
99
99
451049
99
65852
11428
99
99
94
106069
179854
119353
99
65310
239443
116484
124139
99
99
99
195771
99
30386
30780
2636
71495
147006
99
88378
99
99
99
99
21488
99
99
99
132481
7756
99
280944
163550
175152
89658
98
304773
165163
165351
99
99
186512
2337
231355
293918
14907
66813
12363
98
99
99
72042
99
99
99
99
99
99
99
99
99
31628
2169
6383
97300
99
99
113696
99
99
99
99
102395
263374
79238
141085
13434
99
96
99
30944
99
2930
410237
314740
99
40806
7484
112665
99
99
99
99
99
340347
67260
99
99
97
99
99
99
99
142458
509653
325491
99
25919
99
99
215474
233244
99
99
69849
225241
99
99
99
282514
99
99
410970
99
99
143672
84761
99
305929
76730
225427
99
42032
36486
125873
99
99
99
329678
249445
99
10275
45996
99
8029
165453
99
95890
382332
99
5954
99
99
99
746
6887
99
99
497171
99
99
21556
99
36966
296455
99
58548
294203
99
48663
99
99
99
99
30421
99
182848
99
99
94970
99
99
99
350892
99
174138
429004
99
131845
27368
90
99
250220
99
52
99
49844
99
99
165813
149284
99
439281
311079
99
131512
37467
481827
120597
99
99
286467
99
99
79682
99
99
99
361013
99
99
99
99
13017
99
308088
25990
524468
9014
221941
397067
99
4937
99
157442
377990
54739
99
99
535622
99
139301
163796
99
39922
99
99
99
74202
99
156469
99
236299
41619
99
99
290618
226850
99
99
99
99
99
68739
99
99
23379
99
99
99
99
99
31605
99
82730
99
99
4840
99
99
199154
186453
50108
99
99
99
99
106120
122071
99
99
99
9687
160079
99
99
99
99
99
99
99
99
12449
354568
99
539398
60961
249378
99
14521
23543
460598
124682
256287
99
99
99
5926
99
99
99
14802
80134
99
99
213377
99
99
45248
99
99
99
32044
99
99
58015
206481
412403
99
296371
99
457324
87488
222803
316109
196045
79861
257094
98
99
99
315782
99
20060
307581
214874
99
96
99
94
99
99
7158
437492
99
99
99
286952
517
99
99
33284
210426
166789
8688
149865
75882
99
34869
277548
428032
389244
99
49340
172997
99
99
99
99
178522
95381
99
557673
99
99
99
99
22685
574176
99
259471
39395
101885
261363
600425
27734
100487
429876
104789
99
434105
605534
31562
99
99
99
61012
99
241891
168593
99
70917
99
99
263363
16796
99
99
8905
99
99
99
164932
462128
387328
117022
70965
445322
99
353786
99
205470
320892
62978
172658
327641
11393
99
99
236301
99
310480
13771
34238
99
27180
99
96
217678
59410
25687
226175
204016
180719
99
104637
170805
101354
18453
103984
27667
42091
381135
99
15959
99
12086
99
152600
99
170224
322680
156148
99
99
8715
99
123349
72062
99
62111
482074
113788
99
99
99
206879
99
456274
99
489393
99
163031
99
99
99
99
287198
65854
99
99
99
366761
285650
99
50185
183450
99
99
53040
7721
99
99
44981
99
272099
3148
99
99
99
99
99
25411
40629
99
99
99
99
99
32474
1114
99
99
99
127660
99
99
99
99
99
74504
63948
35244
36312
69502
99
102277
102161
585096
99
368668
125744
99
99
99
99
99
159258
417977
99
26640
202023
249078
99
99
99
99
99
12737
99
99
79094
99
163747
432198
99
317617
99
11884
8296
99
44967
99
150931
99
217289
99
244429
99
99
99
8017
99
82
134708
144535
162981
98
98
99
70917
140107
99
107743
30303
215049
99
568636
99
135182
89
197526
250486
99
99
45130
271192
99
99
418541
99
99
132093
99
99
99
99
287066
99
99
42573
30423
111264
181797
72339
99
37901
184260
11286
458037
99
99
1397
99
185748
99
99
435754
100282
99
99
115941
99
99
401437
99
99
114451
99
99
1263
99
99
99
279874
310222
99
99
99
36987
99
99
99
99
99
3637
257181
99
31302
99
99
99
99
99
61043
110609
99
88160
99
250609
99
99
99
158940
98
440768
482022
112369
12335
37258
99
99
99
99
324198
99
25253
99
82470
141600
225883
99
99
99
99
94
333293
99
99
99
175319
99
99
99
96
99
99
1224
29686
99
251942
92753
99
99
423502
99
90545
99
100949
342068
99
99
30339
99
50452
31817
26343
99
99
193898
226728
34044
73434
99
6361
80124
8597
37924
48544
67009
142608
52616
99
79959
99
96
167292
159010
142946
14512
99
74119
173282
99
99
102061
99
2445
99
99
171734
99
99
183345
99
174587
99
99
217548
274804
296758
99
240274
99
244975
381446
35839
99
99
99
99
22235
99
99
99
99
99
26975
18556
99
103602
99
31429
305342
142747
99
99
22243
40333
163509
99
99
480745
173739
92
547076
99
99
18092
333021
66698
99
137868
464140
214817
157428
399923
98
301152
99
99
87600
30504
10062
135332
52473
99
203733
11665
99
99
427863
98
99
99
282961
15696
118366
99
75526
55184
99
536050
4729
358745
271077
99
99
99
415414
99
99
474839
99
99
99
99
99
99
99
99
11324
500761
99
99
99
99
229313
97
429576
99
99
102097
144551
99
99
63019
99
97
314603
43102
99
99
99
99
99
99
110453
99
99
105974
99
99
47444
282815
87223
99
360064
99
99
208675
125464
236364
99
98
109652
382358
56068
295908
99
294836
99
56595
245141
99
99
99
99
99
128034
99
177025
99
198499
101878
99
99
99
99
306955
305999
99
99
268566
99
97
49819
99
99
63443
1315
120358
99
99
72908
102082
99
99
113953
99
99
99
99
99
99
99
99
173524
274939
99
99
10996
99
82725
99
312970
141054
4290
99
99
99
99
99
19300
524517
211912
21287
388660
322683
212492
12436
99
110662
99
99
99
99
25371
99
99
92446
99
123962
99
99
99
99
99
56513
99
55996
99
99
99
7143
99
99
99
99
99
99
99
264428
178624
99
99
96
99
7728
99
99
309873
97490
320823
99
99
99
54891
229289
99
77
99
569564
234868
99
426295
64910
589435
287226
218062
99
97
99
99
99
3913
307731
207019
5702
99
99
103669
201212
99
173424
99
75461
228668
99
40548
98
99
220451
99
99
99
549758
107951
99
50532
100419
22000
205130
98647
39378
231141
96
182687
99
99
99
112436
99
225002
99
99
99
48556
99
324544
99
99
230706
99
99
99
99
57195
99
268048
94188
79808
108533
99
99
99
566051
99
439872
377797
99
7502
168424
99
44443
99
189504
404259
536443
211024
99
99
325222
10135
26746
99
99
86693
99
99
24825
224877
100949
55223
99
99
38942
113856
99
99
312806
13604
99
385137
143949
82328
99
63833
6497
414342
185700
74415
99
295972
99
141532
206474
99
99
8091
99
99
99
99
61200
99
99
99
99
268492
289819
99
99
37601
30742
225624
293139
566053
114115
99
99
99
99
99
152357
99
99
526948
70295
99
268273
5064
99
129433
97
99
99
265370
99
91
99
285279
99
32885
111868
99
238164
500057
5937
99
99
99
99
99
350903
134322
99
99
49404
99
307030
99
99
99
99
99
41772
188841
99
167443
99
99
98
99
3496
99
56730
73371
168242
99
388431
99
99
346838
99
451597
73767
99
161127
168995
99
181442
99
99
3275
99
183982
102227
233811
24129
99
51567
110957
33200
42242
99
99
406892
56433
178372
208937
99
99
67701
65521
99
106017
99
67272
99
99
99
77247
192987
26640
23726
390340
7944
99
54666
25216
66512
99
99
73804
105158
97
240480
268136
99
99
99
82977
99
32924
58112
99
99
98
76626
99
205677
99
184115
99
452124
40928
32421
69665
99
99
144409
281914
99
280283
99
4449
99
353907
176756
99
134541
288138
5728
99
337270
106423
68543
107373
99
457004
19719
99
98
257427
1809
74264
89861
99
218527
314468
197861
99
371360
99
99
99
99
341238
99
12391
99
99
265629
99
219649
99
99
83339
99
8828
33194
98
134293
99
99
113972
99
4713
540609
99
8066
99
108140
79936
99
99
222448
80756
99
95696
29774
142067
177901
110004
287348
99
99
99
171912
99
99
99
99
99
99
255226
99
327202
13051
433816
83575
117533
180919
99
68525
99
99
47219
99
78640
2605
405576
99
21445
24352
99
76991
474300
99
99
121133
314031
99
99
21956
79642
99
24648
24613
99
99
354512
99
99
36957
87
30315
236330
30098
421087
340990
99
144025
81318
256986
99
61145
99
156880
72317
59117
99
405281
442129
126865
230193
134996
99
99
99
99
99
99
99
48568
134397
99
99
45089
99
178578
99
99
99
176572
99
87133
136924
99
305649
89754
66604
99
99
99
58396
99
181345
99
99
321368
99
99
99
313830
99
99
99
99
99
99
16627
1232
99
270227
99
248723
99
99
99
99
193384
64
99
99
99
99
99
99
99
501497
221376
99
71033
200998
99
99
90117
4639
98169
99
1129
99
98
200832
56087
65598
556455
99
281441
326368
90433
2197
271
99
11784
99
315479
99
95
99
140663
99
24416
78419
99
221848
99
99
99
207975
260115
122642
99
99
26300
99
99
121379
99
439905
99
99
460472
356762
99
99
99
99
118844
25203
99
99
3885
37542
99
183241
77045
99
99
99
11134
99
95083
99
99
2716
99
99
99
99
99
259814
199676
276311
227235
99
92939
99
99
177142
99
97
99
2034
214242
99
378532
1471
99
99
174680
182423
24389
301973
47659
106289
99
314146
99
99
329206
243568
126220
161024
90430
179328
99
14123
78592
422293
169363
99
99
477431
99
43615
99
99
99
99
194602
26517
99
99
99
191097
42183
137625
99
254848
59694
49146
197651
312903
63034
217965
454117
99
408501
102625
99
99
8862
210971
99
99
99
99
29388
323708
155055
99
159249
35730
55428
99
99
99
99
2345
201166
96
33065
99
269747
40595
117001
193361
99
205867
200578
98434
22768
297339
99
29914
99
99
213007
108982
259366
99
202281
157754
77298
99
99
99
327285
88251
99
99
99
105226
99
309807
99
7452
99
99
99
99
99
189963
99
99
409781
7266
552779
99
289821
99
99
348663
39663
271177
99
185298
99
99
10823
99
36866
99
99
99
99
72024
432377
99
94
99
315915
99
99
75702
99
88579
186983
99
16134
182499
341270
99
156315
193845
32718
796
99
99
99
233509
32296
99
43507
99
50248
50450
396324
64724
124732
552823
163001
99
406234
99
147710
156569
99
267113
161775
99
237124
99
30413
99
99
18732
16170
72112
233932
99
120096
99
87308
276207
203861
99
159195
48097
397006
99
15462
410205
217145
181411
106553
99
306224
99
99
99
83067
207136
88
99
83271
99
99
126833
99
11806
99
243267
99
99
294941
132334
99
99
228878
99
99
99
99
99
99
266420
99
922
99
269926
192560
99
221600
49333
11445
736
99
99
24404
98
4032
256147
14444
331017
99
99
99
49153
99
99
25285
244373
99
204044
99
140245
22046
120680
142604
364585
99
99
99
440180
2027
99
99
50229
99
99
312915
99
99
462446
99
20799
99
99
168885
16143
99
99
99
153607
99
99
99
99
99
286417
99
99
99
279586
99
99
99
53820
99
99
99
99
225320
249253
99
99
15031
400942
34321
99
99
59511
99
99
99
99
254215
99
10132
99
202566
111027
99
6650
108491
224557
99
99
97
99
9926
17191
127770
173270
99
99
73163
46871
105480
76397
65829
99
99
7774
35473
23404
199608
99
136309
72200
99
81856
255316
90194
99
20428
99
99
99
15480
60669
235805
97
198423
99
348680
197955
47331
99
156424
81191
75979
99
99
99
99
192058
99
12263
99
99
85209
99
99
99
348800
99
62431
99
235489
99
103262
123880
152718
239355
99
99
99
98
241975
99
96
99
338143
99
99
155466
92139
99
99
29296
362632
99
258541
99
149337
9032
99
172599
99
549
8607
82552
426919
99
108125
99
63650
69580
99
99
99
99
227988
99
99
133431
156947
99
4756
205245
99
56227
99
343411
412079
99
99
99
429437
6215
99
99
99
99
376952
41976
99
99
99
221872
99
99
397730
99
99
226941
45206
419854
462419
14620
41848
99
218231
68760
8470
99
99
99
99
98
418087
494043
20079
99
3445
5522
436263
70002
99
99
99
362855
99
98
93008
99
99
215651
77717
99
99
99
100419
99
99
38
124444
290968
99
99
99
99
99
99
99
33772
169267
99
99
253930
176064
99
99
99
99
99
99
99
127430
278620
99
99
204800
99
99
99937
20467
421491
97
99
99
159918
99
99
99
405964
99
242926
115749
99
95973
99
76377
119809
99
372316
86796
99
99
166899
99
83038
106301
530070
99
99
36265
99
6445
88171
67975
145625
136444
99
99
99
99
235811
99
99
99
329552
97
91400
45786
99
9970
99
99
229170
99
441807
730
99
390342
454286
44947
2540
47057
26252
99
40606
99
309221
254475
133574
99
99
15541
99
99
58685
99
113366
99
99
11499
99
99
230728
99
182388
99
68798
81505
114554
63243
99
141329
99
293720
99
51411
99
99
99
99
261801
66972
393247
13422
241818
99
48260
99
100524
99
88565
99
99
99
464615
99
99
126009
99
99
148072
99
125139
262395
117623
99
184491
99
99
250038
97
99
117801
29146
209684
99
9833
97
251308
99
99
99
99
99
99
101639
127795
99
144301
99
99
99
99
99
52685
408335
99
96
79830
99
99
99
67049
89828
58129
237885
69771
422854
99
270760
99
94706
107264
154617
31271
40298
99
99
99
99
99
133491
99
99
93197
99
99
99
136220
9007
512435
99
99
99
99
99
360693
564
360178
99
51312
99
77195
86421
498825
99
121803
407627
46287
44093
20018
464118
99
99
267931
99
99
43237
99
37253
212443
99
99
99
186300
336196
99
172110
99
25963
99
154097
289280
125640
9018
99
99
99
9968
162538
73037
204405
266728
99
95592
99
24385
331742
75237
99
99
119898
59948
99
99
186469
99
11544
255046
208107
99
99
111473
99
99
181869
99
21228
2381
99
142761
99
99
99
27837
99
664
20843
87703
99
381932
39696
221992
95
99
99
99
99
572912
57569
99
99
306020
99
52849
99
184632
116578
47997
352
99
99
72158
269946
9088
99
100008
34415
220
99
99
99
54610
58743
135895
241582
99
99
99
99
46567
19878
61301
140288
23334
99
24576
100254
99
99
99
123799
333926
375180
99
99
99
99
268263
104472
99
99
74438
99
99
192004
284361
269809
99
7561
311205
99
361913
468463
59355
99
95774
127768
62175
303613
99
371032
99
254100
99
30873
25062
99
99
99
99
40590
351525
128823
99
176249
20194
37280
99
71989
99
312316
99
99
326591
9
99
99
78108
11181
99
99
99
63977
99
99
99
99
21070
99
99
99
99
99
161626
110235
99
29644
153670
99
406723
99
99
99
338400
24674
109615
99
80058
15917
99
235296
202092
60889
360774
99
99
99
99
99
99
99
61930
99
99
99
99
34213
99
374737
109132
56574
6335
99
99
351892
135437
163886
99
258885
17751
29699
67824
99
99
99
224472
581096
99
99
334392
99
110891
309414
99
99
26578
121713
65248
65155
99
99
66370
99
99
99
574963
99
80615
14015
47359
99
99
38980
11382
99
99
99
99
99
3211
99
248175
99
99
99
82672
99
388839
99
99
99
99
99
99
156686
14399
99
170156
99
170272
173661
99
45129
99
569340
134784
237308
99
310366
395663
99
12513
531043
155201
99
27753
99
103068
99
99
297723
149796
99
99
99
33835
35345
38898
97
99
88
99
99
99
99
512225
184902
53689
221314
99
100240
152899
99
99
99
177584
305804
99
101403
99
99
85355
99
181950
86203
6845
97222
77653
99
99
99
140323
309389
99
304248
99
275486
98
99
99
348526
58723
99
99
99
99
99
99
99
96
14875
99
34472
99
53423
150341
99
99
246223
66315
92378
99
99
99
99
424135
3158
99
27373
99
34270
99
110019
99
99
127878
142135
99
118570
99
305046
2707
99
100925
9
99
99
26671
99
96037
31826
99
99
99
489692
298944
99
32035
37425
25539
14960
46358
12794
99
69197
6041
99
349022
244041
11343
223894
99
49718
8890
99
120129
99
403629
99
99
99
99
99
99
83331
277851
99
99
98
73511
83520
99
350333
99
99
260985
85397
108636
6971
99
31067
77507
98
99
99
190217
92599
363536
99
22466
244773
99
138510
99
107587
148105
99
57244
99
28886
99
8696
98
102689
98914
120360
30165
383304
99
506297
99
15390
104818
28085
81572
433417
64233
13689
99
99
99
99
7893
99
488272
17976
99
99
99
99
99
99
99
99
99
118593
110990
99
121033
99
192729
144727
99
18508
99
99
8995
25302
8993
99415
98
99
124581
99
381371
99
99
99
99
99
99
339845
82208
99
99
99
99
99
99
99
38932
99
387097
149560
99
192412
441461
97473
99
321536
99
422284
98
49661
348952
37113
99
8707
99
99
99
21689
99
95202
187493
189981
162986
217616
99
99
508327
32389
169611
99
26319
16161
52420
99
384510
99
99
99
92349
210481
107159
211361
444328
76305
37389
192389
99
99
99
192625
152754
99
148860
99
97
99
99
99
566993
87264
85
17652
30591
166903
99
204306
340065
256873
99
165701
58304
241632
99
116175
99
73670
53371
97
40500
99
99
1075
99
76865
143309
99
215337
99
99
110301
27308
99
263295
30133
99
99
133385
73136
99
17102
7785
191621
4068
99
541787
99
560665
99
353725
99
195937
99
99
9897
34298
99
99
99
23545
66412
99
29528
99
11838
99
99
3421
99
65807
84847
37397
40435
99
99
222696
27959
215622
175305
5
99
14261
99
497075
54367
99
99
13021
272966
169742
99
99
99
99
99
331615
523634
99
99
99
99
342545
190628
147347
99
99
42718
99
20758
507899
99
474
180874
48604
99
331395
381409
99
31120
99
99
52204
99
99
385589
99
158834
99
52983
39650
99
99
3721
247759
104247
7751
99
99
16366
195802
52883
358935
99
156556
65866
198527
16465
99
357022
99
19588
149482
99
99
152013
99
91411
99
87378
290053
99
99
242308
99
99
24362
91949
291620
398595
99
577888
99
248994
141580
99
162966
99
99
66072
99
128154
22455
43147
64953
438784
105023
39813
119975
249398
99
227309
458377
112769
127478
421297
99
99
34779
67749
99
132558
400106
99
99
2775
104041
110211
380856
171054
99
99
94
99
99
99
156116
34352
281595
99
163536
99
117250
99
20474
27455
99
41116
140502
99
99
229335
435289
99
99
116698
99
226877
128690
161804
99
2034
208215
259830
385397
186853
97
26716
338330
99
18240
48941
40933
339968
99
102315
57237
99
99
326307
99
95246
99
99
99
99
99
99
23768
141738
126770
123843
99
492252
96
99
70972
99
99
99
107917
99
45733
28062
99
28381
85104
419758
99
196541
99
99
320643
99
99
99
12529
99
268753
41042
185718
7642
99
99
23017
99
99
291279
99
210040
99
99
301850
106124
48609
99
15472
26089
99
99
99
99
47794
99
99
99
390315
9581
99
62480
151355
133957
99
258849
99
64065
99
99
2137
287858
99
14335
99
99
99
99
233807
99
99
99
99
78123
99
31134
99
104553
4964
577854
261553
170570
136311
99
99
99
99
99
229394
96
458704
354449
99
99
123464
99
200677
99
99
153542
99
99
99
99
4117
140291
52606
328987
99
495153
99
871
27599
94276
99
178218
21572
1620
491883
99
99
63677
143973
7867
99
99
269350
171060
108715
99
263507
107093
23630
99
30103
99
169840
384525
99
99
99
12818
180336
99
99
238631
160245
99
99
190308
99
115916
99
99
126946
99
99
6224
93715
15834
99
272116
99
120392
99
99
137901
120743
110784
99
99
99
99
99
99
20945
99
99
99
189044
99
99
43196
99
509484
99
99
65579
14295
99
19301
99
213094
26818
45277
99
99
162330
99
99
53185
192066
99
94
99
136425
99
99
99
99
547973
99
99
99
86125
99
99
99
178436
99
99
99
99
99
99
254242
99
99
99
99
1217
99
143160
99
96
95796
319662
99
99
99
99
310328
129465
99
99
6248
206847
99
99
364753
99
99
99
99
99
99
13387
99
99
99
99
99
268353
99
99
94015
47993
99
99
99
99
129435
99
2494
106392
54060
16562
99
99
602499
99
270195
56816
99
99
7247
211396
1204
80570
56124
99
99
367243
99
99
405854
69260
99
186893
38068
30784
238098
33668
160232
306585
99
99
99
99
99
129384
99
99
99
99
99
99
220829
86
99
281310
99
99
330809
242358
99
99
389840
194282
99
21323
99
99
100210
80112
99
99
116443
99
11706
99
156868
138738
99
3420
99
173573
99
71771
99
228211
459786
99
99
99
99
47774
23697
304119
99
99
172379
99
99
10277
99
96
94
99
99
16310
99
99
249581
103485
559
166379
99
99
8151
130265
99
98
54994
99
30783
364953
238784
417355
99
17751
99
310676
164698
9528
30986
337438
99
99
523
99
99
108732
99
83315
173511
8956
99
99
99
16490
116832
99
66411
99
47345
269387
99
99
104985
99
99
99
167166
99
99
176653
58318
1450
99
99
71861
84
99
99
99
343797
99
295070
99
256436
99
133702
221861
99
99
99
99
382566
99
199059
99
44607
99
82531
99
99
99
35435
442236
8869
99
553393
99
99
99
99
2687
99
99
116676
99
22941
99
76289
216296
9687
16005
99
99
74504
99
99
99
99
6430
177104
73137
99
99
99
201061
132286
303243
99
17987
47042
149940
81441
100876
63241
15467
102646
99
381176
240823
2638
52957
99
99
99
99
6225
346961
105510
2355
33939
99
274426
99
341255
99
145071
99
83121
99
99
99
99
3089
371843
240020
99
99
191541
99
204703
89771
273724
99
421902
99
99
11936
87972
24060
99
97
88293
99
84145
99
33605
135216
99
99
38452
195614
99
99
99
17112
451155
259551
99
99
99
37788
99366
39398
99
99
99
493079
47124
99
118580
72001
99
235286
183583
62913
11260
29659
48725
99
416440
99
37192
99
441058
372166
99
99
297556
99
257876
99
99
102597
198139
99
15183
99
99
473173
99
99
249645
10746
99
423067
99
181063
187006
99
99
21425
26169
99
99
99
65027
99
33255
285573
99
99
61161
165584
110807
99
62924
99
97
267319
99
39041
170280
99
167784
99
63371
99
336479
357530
465261
122861
99
99
99
401816
71376
99
99
99
99
99
99
108824
99
96
99
151898
99
231543
99
99
188615
99
280532
99
23618
8007
126685
99
99
163293
110751
99
126521
333350
99
24110
99
80672
150616
198670
99
99
7971
99
99
493522
99
25139
369957
99
110022
99
99
99
99
236734
99
178176
99
18459
99
190284
99
74988
99
99
99
248085
37850
99
99
20994
152490
99
97985
99
99
339031
214351
99
3194
569353
105670
99
22380
98
99
99
114139
208904
99
99
99
99
222208
99
15043
99
161098
99
99
197460
99
98
770
292709
99
98
99
99
99
99
99
99
99
136032
87771
99
388348
66620
53327
20204
184800
197580
89899
99
376325
146578
99
99
99
99
99
99
99
99
30791
133040
96
99
99
10053
38769
83503
50583
86442
186312
99
187246
99
24418
2772
453288
99
173326
99
148052
199108
81940
11574
9322
305985
316643
163982
39655
37091
28985
99
56474
190145
99
99
99
99
99
99
99
99
14627
351272
99
99
99
99
99
99
99
91653
180474
366141
99
72729
99
99
116816
46538
32204
99
288159
9115
99
181387
49288
99
14942
99
93
99
93132
99
31196
105943
11440
99
99
99
99
175558
99
99
11231
129704
99
16558
99
99
146242
24150
99
530840
178120
85331
67009
99
129349
99
82590
95554
99
99
99
99
117353
99
25560
99
101772
104949
99
202311
31440
99
99
99
370160
71608
99
336722
99
99
62192
99
99
99
99
99
99
99
332577
99
99
38966
99
99
99
99
16080
49924
125351
99
234041
99
99
142720
38162
99
7890
45490
99
5137
99
99
203024
117349
99
99
99
394940
34426
99
13533
99
99
99
230503
99
29225
485719
99
99
21104
99
251093
99
96607
5660
129246
615518
99
99
99
319457
99
227061
99
99
340191
99
99
264994
99
406501
53012
12335
140339
99
59106
128840
99
99
33437
256523
99
99
99
99
97
99
99
134083
99
99
99
99
99
99
183381
99
99
4511
123606
99
21354
99
53
99
102593
234778
197132
12416
99
102642
99
99
99
116923
99
124923
202021
8020
100520
31495
99
90808
99
265308
201292
99
126178
99
99
99
71834
99
99
63358
9900
99
75974
311916
99
99
99
99
12262
112571
99
99
99
98
99
24472
99
99
96
13810
99
134800
99
90802
99
106729
99
92
99
10189
99
99
99
246144
99
99
99
99
99
99
99
29864
274920
121869
99
99
479303
372849
99
99
242042
99
530750
245556
99
19282
253600
99
3626
99
99
99
99
287515
99
43757
99
95073
99
99
68791
31155
99
443319
253656
133529
183547
274650
445343
99
99
26765
99
20717
99
99
99
92
161723
99
2749
99
99
112443
99
68191
99
99
217239
99
99
99
99
99
99
99
99
306370
99
14469
294835
99
273968
99
99
99
99
99
88905
293173
99
157025
85683
478886
8044
64298
45677
196177
99
179382
99
140786
99
288032
360011
179338
194066
389219
21292
99
99
401886
51456
274334
58352
77546
99
99
27487
99
56430
99
6763
155141
99
149402
99
99
12479
431296
146970
99
99
18901
99
99
99
491231
99
99
10241
61182
99
99
99
107815
17901
99
303802
99
99
181746
346468
100908
31519
13720
99
99
99
286588
263960
99
15000
62972
97
29818
99
99
33146
229039
99
71830
17357
85710
99
421
148219
106310
164006
120624
99
136939
545719
99
99
20675
99
99
411956
99
163753
291498
99
341687
97871
10747
65752
99
333497
33431
98
99
99
80
99
99
250938
54536
156357
99
99
99
99
99
37077
232914
8888
27701
99
99
91
66344
318150
197910
258824
315033
99
133968
123144
96
99
99
99
99
247039
287075
26375
521929
99
330538
93900
95
363174
62388
42225
99
151822
99
98
268
241567
39590
68640
99
99
96
271172
99
99
149424
99
298141
1403
2292
99
268048
300159
4424
34939
177877
99
99
99
22412
15306
99
99
8334
99
99
99
99
99
96
183366
15183
99
78441
141066
120932
99
99
99
99
99
373695
77483
99
99
99
203702
161587
11239
216273
176530
4478
73842
275796
99
73428
55949
327601
172903
99
122975
184344
239945
72707
20227
20827
186679
222171
99
99
435400
27211
99
99
99
70945
99
81973
280415
322972
99
99
14934
99
44089
99
99
99
1345
27895
99
99
99
99
99
99
180360
99
55169
99
272105
228694
571268
99
83563
99
99
28212
117371
99
360584
99
161262
99
99
99
105766
109481
65753
3519
99
113013
99
99
99
99
99
2366
99
99
99
99
99
99
99
48412
86537
95
76302
130217
23533
99
99
12804
99
99
1004
173399
99
99
51114
99
255472
30885
39069
105871
31320
308881
91028
99
99
87665
9422
99
99
73652
99
265873
99
128124
99
75456
28061
345162
99
99
110794
99
99
99
99
99
16740
99
99
127624
99
99
54579
220395
337927
134392
83628
554261
222086
113546
242174
22708
12431
130323
99
99
99
115700
44968
99
99
99
15267
31065
99
23805
99
37304
308053
308
133701
24762
502948
99
99
515411
556785
99
99
95370
1533
375424
89648
99
44893
279760
47542
99
99
99
73936
99
5509
99
99
99
72051
969
99
98574
99
99
6913
99
99
435968
99
99
99
49205
98
195739
51992
99
136671
246209
161476
99
332906
277792
47326
6577
35126
99
11007
488234
97
465991
99
99
99
99
99
28114
110335
99
17231
62795
99
25231
41572
11709
108948
99
99
99
99
99
99
431957
287503
99
99
99
99
29136
99
111722
99
99
99
99
70031
99
99
107103
194119
99
98020
234909
47179
99
99
99
20264
155265
384818
99
99
99
99
52137
107819
378761
171430
49732
26170
170373
230250
99
133061
99
101439
99
255060
48085
11436
166623
99
11059
99
99
415843
444761
99
99
99
99
99
99
99
359955
7676
23724
329283
99
513526
247570
99
96
63615
41739
44469
137970
99
99
99
445394
246730
99
99
99
99
99
177685
99
125032
99
32600
133736
33275
172941
99
54716
319513
86046
99
166903
99
99
21866
192648
99
99
16031
99
288243
99
322261
99
99
42589
18671
237224
99
99
99
99
141668
157971
73828
99
99
99
99
99
64275
99
99
8345
63566
99
83741
116538
99
99
478200
341025
99
117478
99
99
395634
99
99
99
75137
99
178667
99
23186
99
99
99
99
99
374708
106842
108477
99
179959
10196
182607
98
99
99
82874
99
99
99
99
99
99
192717
6499
228648
61410
99
99
8745
182955
240722
87733
99
99
99
99
99
258711
99
123056
77377
1029
31190
99
99
99
174949
99
99
200454
99
99
74378
99
99
99
183343
99
99
99
99
3122
99
144775
228476
133524
56253
229332
234367
99
14928
99
186882
232529
218445
99
99
223606
99
1573
99
49303
99
99
223777
195323
316154
93223
99
43681
468766
99
99
99
99
193878
2697
175532
268497
99
99
13445
216130
98
161352
99
83
99
99
99
80030
99
94207
249758
99
99
33405
99
171546
88
78940
99
148550
99
114036
351804
437106
142840
99
99
99
27463
99
57439
99
99
5973
99
99
99
99
99
99
148307
191650
149321
16347
57998
6179
99
176
99
75293
136457
99
239863
326653
491055
99
216175
247937
416424
95094
99
99
149345
356398
1999
21559
208664
99
99
96793
99
36843
199872
99
231087
459261
99
78646
99
136620
99
63932
109967
99
99
292499
273776
416108
99
230264
99
99
167391
186533
99
99
99
10105
203909
99
99
43457
65816
99
36374
99
99
99
133364
241579
99
119880
24093
216656
99
99
99
99
99
99
99
158807
330967
265944
92935
116
259223
99
25087
99
10192
99
55904
120186
99
99
99
25283
99
93278
327573
99
320105
99
97
58816
99
385710
163204
99
99
99
99
163197
99
382304
383122
49166
61899
265517
99
291863
280940
99
207145
99
186052
95
99
186087
53990
99
231532
14674
89973
99
99
99
356534
99
99
99
310442
99
147922
99
99
99
413115
524684
99
99
246416
99
99
99
100990
161499
11146
99
99
320613
99
99
99
35512
99
99
99
99
99
47928
99
197391
91041
212807
99
14976
195477
98
99
261585
377811
341269
157719
99
563108
99
246510
281523
99
139810
473375
99
99
99
99
202722
99
99
358770
99
99
167589
250955
99
144411
96034
929
99
499147
348205
39802
99
99
65350
99
99
99
99
59712
99
99
99
93629
104207
99
11914
99
80749
4554
99
99
31711
47965
99
221235
99
99
378144
99
99
36948
99
99
189528
416420
99
229289
99
173019
99
99
17347
130903
371441
102855
10091
96983
471224
80588
99
287155
99
18934
99
42462
73334
35146
105824
99
424005
118422
99
259289
56170
458294
99
136312
99
56968
243869
99
99
99
99
99
99
71169
188961
77310
99
114478
123645
254352
455225
4995
105020
99
99
102936
48401
26836
99
40707
132855
354502
99
99
17524
143225
97
99
78456
98526
209083
99
171848
99
99
2671
396324
96384
26604
60280
99
61397
149008
99
23800
221467
99
62483
12319
113330
194351
261980
32453
267698
99
99
99
99
99
345722
32526
99
99
11029
99
99
281456
99
99
4762
99
99
1572
99
67462
43403
99
167115
95626
136449
378360
99
99
92808
99
54218
184362
99
9401
99
99
99
29474
99
45172
99
21198
99
221909
371624
99
30510
75182
27046
13114
68223
272480
99
523550
90
102342
99
99
99
17997
13060
99
99
99
99
99
99
255798
99
99
99
99
174178
99
99
154223
121916
4201
99
18832
397406
99
99
375339
99
99
153748
162603
212650
337271
9658
117849
59938
115664
99
99
223820
61822
99
99
99
107824
99
345321
50858
453970
94492
16209
99
120151
99
1810
6693
99
99
99
99
165139
534172
35072
99
97
243914
37650
8698
99
429266
99
99
99
210352
312122
99
26657
176975
99
39833
170558
99
99
4404
99
99
99
99
99
99
199090
216064
99
99
548709
67090
56112
256727
99
173845
136627
177861
98316
99
8423
1662
99
99
181840
47774
335242
362041
99
99
1155
258555
155751
364459
16026
77124
99
22485
464394
99
99
457002
99
99
99
99
368220
99
99
99
198686
99
99
99
99
82
14350
17716
27892
258095
99
71325
99
99
636
99
187321
23346
99
24024
49284
49250
99
99
474380
99
99
99
50902
99
24089
99
99
99
537492
99
29441
284530
99
99
99
99
99
19154
26203
99
15505
61766
99
70342
90917
535607
99
99
99
130838
421555
99
99
164288
47215
99
99
375763
99
99
185468
99
99
99
99
251911
79162
99
30806
3026
99
99
99
99
63485
109890
99
99
99
99
93780
97
99
99
99
79981
282772
99
52411
99
99
95874
99
98712
13805
99
97
364171
99
99
99
99
396069
59025
17728
99
43863
195864
111391
122847
86266
99
397319
99
94
454316
381282
192433
65924
99
89756
64514
99
287074
152059
99
99
106421
99
99
99
99
314283
42808
99
99
99
99
99
142099
37329
52873
174176
474202
99
99
25885
99
99
99
99
212302
99
99
99
123842
282542
153813
7276
95
200682
97
99
99
99
150408
35177
333953
99
2392
56389
9335
224524
99
99
99
546107
207096
25178
113102
99
335963
617479
99
99
99
99
99
99
356626
7446
12543
99
99
250260
99
99
20835
240092
423342
99
99
278067
99
99
372223
31774
99
99
282232
99
33159
317389
99
321116
99
99
41484
337772
99
46122
99
136004
99
109825
99
99
99
54431
150059
99
99
1087
269175
147683
96688
282956
40763
32
54790
478493
526691
2265
99
41187
2141
42336
402002
99
132461
227650
99
99
40576
99
477738
99
65842
99
172303
4169
400119
99
85
14675
99
47848
257507
99
551756
134819
99
206262
99
99
99
99
99
99
99
99
99
91818
99
99
367377
606
27325
41596
99
99
7043
99
138612
99
316879
99
146243
99
99
233225
455616
99
200370
99
106237
99
109378
99
99
99
105529
99
144880
199550
8672
32393
99
99
99
99
99
193616
99
99
493055
35597
99
99
99
392214
47109
369841
1058
33177
259337
99
99
19316
99
99
99
99
426023
99
99
99
99
3633
137839
148848
42303
433310
99
32411
601140
99
99
99
289563
99
403272
53330
106816
15226
37486
125813
99
99
327698
99
102864
77
99
99
34836
99
8740
257122
99
99
110870
99
39365
99
186321
77
4925
99
99
99
200188
99
99
82930
99
99
99
99
118945
24984
250115
89
7866
99
18583
99
99
50235
58108
319391
118259
365332
99
403229
99
99
99
99
287981
99
99
139957
107707
99
2764
212869
376826
145354
8129
69439
98
99
170858
98
19222
99
99
99
79332
99
99
72049
99
8426
50364
99
99
129667
98
257207
227614
402569
86912
91
99
99
51310
99
29644
99
99
99
21498
99
99
99
163342
99
99
168473
232593
99
99
23265
99
1787
99
99
183545
171727
99
39664
99
197603
99
99
41812
148623
99
99
34028
99
99
99
99
99
68196
134817
99
99
187205
99
99
99
99
99
99
148489
6693
122347
9544
99
99
99
99
99
99
99
99
99
99
99
99
417035
99
99
85936
99
99
343017
100553
79366
19708
99
209942
99
99
99
99
2367
134497
96
32763
181807
2960
152419
99
205183
99
99
355076
99
99
99
367514
99
99
233399
99
316268
210758
223843
99
99
99
99
134774
278157
125824
99
99
120969
91903
99
99
99
29179
21627
52802
99
99
183892
99
84
724
99
99
99
99
99
475465
99
196836
21342
99
99
62047
298485
99
154529
221364
99
98
68211
49629
99
22573
99
93747
94060
99
99
185210
99
99
50417
171324
179493
123259
99
99
30557
387265
26577
81134
99
79873
38011
70972
99
393945
83
19222
200927
99
70776
99
79200
99
21580
99
229553
99
167982
99
99
104415
115960
24187
99
56037
181231
212750
236093
2522
99
149773
99
99
99
99
99
99
99
23684
99
126051
99
99
101222
99
269016
52784
99
99
138724
99
409527
99
25327
99
99
99
99
99
99
99
99
99
63364
148873
507909
99
103022
289841
99
480116
61643
20295
204245
252649
508125
45767
99
564010
56056
406187
31071
99
99
99
286191
99
99
88
99
99
51834
99
99
99
99
99
99
349568
99
278937
47667
7458
99
99
99
99
408953
10540
29387
178968
99
68421
99
99
99
99
99
177248
52211
99
99
99
178011
99
99
185701
29676
66385
99
31673
99
120203
11388
99
99
178672
99
278947
592227
356482
99
99
99
36837
136638
78156
99
99
99
99
99
99
99
358362
348162
107219
99
99
158069
61626
80235
324631
191380
99
99
99
99
5326
99
