350092
3968
99
95
99
99
99
99
84807
16483
99
101552
99
99
331654
99
58755
80377
29863
238559
198758
99
316352
72289
233200
99
99
33362
99
99
299270
99
99
99
99
99
99
312767
99
99
172773
285832
63646
211061
99
99
99
293095
99
99
99
11934
18455
23062
99
99
99
99
99
99
32626
97097
99
23321
374936
99
99
66019
99
21492
99
99
99
168706
99
98
99
99
390022
99
70
99
71582
99
377868
99
42624
158524
99
29357
165205
173123
42209
99
4732
99
99
146868
99
270060
37911
124741
131435
99
99
99
99
63900
99
54161
297249
375157
174972
29400
99
99
204548
283177
99
99
17057
151975
24390
72584
31688
99
820
99
140505
101446
99
82302
99
79359
99
355169
99
99
94
168137
98
99
99
12600
99
12599
99
99
99
445111
2476
133843
99
99
99
335144
6386
99
99
99
99
127081
99
99
99
99
99
234571
138832
124334
99
213465
99
114186
106254
62035
123123
99
99
99
23797
103707
99
152481
99
99
99
99
491650
153445
330206
30307
147573
480832
99
153838
99
283871
99
99
99
99
353813
96859
356490
99
99
99
99
29611
99
99
99
265217
99
38295
36907
324632
100202
98641
99
99
99
99
101087
25741
21855
34744
9180
99
27990
99
23415
99
89310
339232
328090
7437
99
99
99
196355
131025
99
101198
28084
99
368853
99
71645
99
518804
99
403681
99
99
99
85122
99
146154
376685
54690
14182
105996
99
99
99
448641
12218
23857
91008
378195
87311
99
53981
99
56284
99
99
186094
475713
107921
99
99
7263
99
99
99
99
5803
99
118999
98
99
12541
193060
99
99
24507
99
99
99
69674
128026
99
99
245511
99
70403
128575
23159
25675
89
99
99
99
8406
82675
99
99
92761
54297
166760
99
99
99
99
99
253194
38708
99
162872
99
318539
99
99
23842
98
99
58355
131335
78501
81967
99
99
99
99
99
99
99
115864
99
99
99
9109
99
122994
263916
99
97
185524
99
111754
99
37743
86367
334626
99
99
139559
116130
99
142046
45071
155605
43253
103570
60205
99
9284
99
99
99
1884
147188
289042
236219
7523
468605
99
99
168511
99
37351
274265
99
280889
99
99
239062
150926
99
87133
99
87621
99
99
201381
467292
99
99
99
99
51215
99
99
99
99
18209
58802
123053
99
56508
312477
54275
99
977
23845
505780
57500
129728
387340
99
99
98
68316
188660
99
99
99
1064
99
126012
113002
99
59570
99
99
99
99
109602
7190
99
99
457205
99
99
16547
64532
99
10985
99
99
99
99
253985
99
57118
113145
424089
117223
99
99
99
1836
99
99
99
99
53736
99
191751
12301
138814
238242
14546
38222
244946
22418
99
99
34466
99
99
99
202335
85267
27505
500588
99
500300
99
99
99
337218
258038
121265
99
3798
99
99
99
99
99
99
114368
99
348684
99
34812
18399
99
99
99
99
99
47397
99
99
99
444907
99
99
99
25455
103627
99
99
157461
99
99
80881
99
99
337689
25038
99
99
99
75408
99
99
99
1392
541130
224863
99
99
313504
99
99
99
99
99
99
316755
99
83780
99
99
99
99
68731
99
28534
478
119898
99
99
225634
62894
283907
99
99
266562
99
99
261600
99
99
37664
97
41192
99
66421
99
157748
99
438895
99
99
99
99
99
99
99
99
99
271607
90943
99
74381
99
7367
99
76548
571850
147296
1929
99
99
99
56565
232205
97
99
99
96
99
24379
94748
99
2398
123425
99
99
95514
99
129928
99
134670
40591
99
88548
99
215441
99
252973
115909
99
33047
298123
59456
309132
44278
99
83205
287379
99
231098
99
99
99
1688
399355
46335
99
220246
99
99
99
99
82535
99
280359
99
99
143992
99
99
99
63544
99
99
350079
324774
311458
99
86017
99
156807
42450
101629
99
18278
392985
99
99
577971
99
49312
99
74646
8120
99
35544
99
157103
127867
89586
390286
321774
99
99
65183
427608
4554
142889
63435
84544
99
95682
99
247301
312728
40485
99
36448
99
99
99
123106
70526
45091
170421
99
314294
375581
7494
365447
99
99
99
99
99
294085
127806
128919
99
205728
114834
414539
99
27550
63209
99
465388
99
43694
157908
165543
99
99
99
118029
99
167234
99
259645
99
568966
99
4370
99
99
59649
53847
99
99
99
99
32430
10482
245439
99
99
99
99
99043
338135
99
275568
99
228815
1626
160782
97
85547
99
166428
99
99
51810
184618
99
99
13544
4994
243006
99
64845
16975
272745
127585
99
99
99
174535
99
166616
33994
99
99
27709
351599
99
61614
99
124466
99
99
462906
99
184297
98
99
60251
69734
99
401362
282182
2277
99
99
251982
99
99
3233
99
99
99
99
99
99
99
30200
65826
125861
99
99
99
30136
99
321761
211704
62211
99
99
99
99
77198
8829
184028
83671
99
17636
169587
217890
384980
289358
99
78429
93
99
113997
99
812
99
99
146711
168929
99
99
99
99
6654
99
95
193661
2089
129625
64841
99
182251
7114
99
431129
99
220953
206233
99
99
99
99
99
476155
99
16036
99
99
89
99
99
28569
99
103964
166758
99
198594
28699
99
99
497853
36859
44607
27584
99
99
99
99
149712
22765
99
99
99
99
99
99
99
34655
99
418975
99
102556
99
99
309751
286212
99
529653
99
99
99
5356
99
99
99
437380
96
42720
267052
366633
81003
44950
31841
99
296355
15120
99
74350
398043
99
124469
99
145797
369029
94
99
257173
99
99
99
99
71939
99
99
99
30705
477420
99
213134
99
99
99
226277
138416
46659
99
99
99
99
99
36418
6123
99
225062
261752
99
99
99
281867
99
99
264921
69732
172269
73200
270524
178978
87151
131554
10644
236416
19257
99
56524
5209
96049
4456
99
52910
99
99
99
29104
48594
99
138007
57120
144633
58221
217832
99
99
99
113985
99
127687
99
14054
129327
99
113691
26840
320396
99
99
99
173495
101324
213016
99
336544
12726
294080
99
99
143196
99
154126
99
99
194047
99
2163
99
23122
44381
194229
385672
99
242450
99
99
99
99
99
99
99
99
10495
99
99
20674
480174
99
67490
99
357528
85805
41349
174287
99
99
49333
18468
99
99
231366
99
18982
99
99
99
11746
99
99
99
99
38936
500716
99
319393
99
386789
99
99
99
99
99
269195
99
331298
312111
99
99
99
136766
234303
199580
219961
99
2412
40490
216137
123967
99
99
205465
99
69167
99
99
508386
29568
346191
825
99
99
99
418176
352947
99
520734
141553
5861
433594
99
99
30449
155979
99
99
5173
99
161533
561213
96133
99
14649
41529
99
99
239279
4764
99
103241
12733
257491
74461
99
7840
99
99
99
99
97
99
50578
61344
99
99
99
149651
99
9078
239163
137005
99
99
250491
99
215245
98
212021
39072
99
200032
805
113200
99
99
44559
439840
99
99
173149
99
99
99
99
159393
122222
99
161194
99
259712
89569
2088
99
19483
99
18506
99
99
153598
177248
9364
164361
247753
222913
77661
273019
99
99
99
99
99
99
200310
99
99
359301
99
99
99
99
99
121343
28526
115972
50212
99
99
25050
99
99
43474
164439
83944
1411
99
17851
99
99
99
99
99
213667
41567
99
99
99
99
433876
99
99
281153
99
99
99
192926
57438
378115
376050
99
15687
239028
24068
99
66849
23810
394235
350372
99
99
47513
99
99
8456
99
99
400256
99
126228
99
185105
18618
99
355416
99
99
99
99
99
47850
182407
99
99
309539
99
3820
99
21262
99
99
18758
99
99
99
373238
432097
99
99
35959
99
116281
99
214838
356166
195187
351599
99
4161
99
99
99
32610
62279
99
99
99
99
53574
399361
99
59657
99
99
320827
99
99
165280
99
31595
292623
99
99
99
244658
328379
99
132769
99
99
99
99
99
99
3299
99
208490
44883
102818
99
99
154329
517219
364205
86656
359530
164463
99
16091
18162
99
37505
99
34832
99
29679
105685
339793
130414
415902
99
99
99
29990
290243
99
99
230854
70132
25755
99
58415
495949
99
252333
58824
99
261835
25330
320432
36433
99
137810
298293
99
81910
76333
99
99
99
259334
12960
99
99
191180
99
99
210698
279690
99
99
152626
99
125912
103757
166893
99
19366
99
297286
139005
99
99
34
99
40383
20286
99
58664
99
126226
6364
99
99
99
99
47502
99
95
99
99
99
46298
99
190329
91348
99
99
99
99
40663
115755
61814
99
155834
99
365983
221480
99
72947
106894
99
99
99
99
99
99
99
99
99
318794
376884
99
99
99
99
99
295508
28762
99
83703
91626
139731
99
56115
168127
99
99
99
99
99
208024
99
99
54785
99
99
346810
81805
13949
99
129336
99
99
113952
99
158518
99
242587
380434
99
99
99
405810
377588
241739
206523
61135
556583
99
238735
188323
233509
275991
99
179454
99
99
99
99
99
99
147906
21414
489814
99
1635
385826
111253
99
99
99
99
207105
99
99
450589
119405
99
99
381238
13416
326408
99
99
185170
99
1503
154161
98
1345
1135
18216
236428
99
99
99
34147
256957
245304
99
38588
99
99
120223
99
141920
305399
97
99
323600
255624
99
62938
99
123479
99
96568
64671
2568
22613
4441
99
99
99
526928
99
99
334674
209226
99
98
119260
193057
344438
99
52181
267654
99
99
99
4493
118229
99
32304
1456
99
323732
99
177343
99
99
99
99
126475
99
36435
99
154445
511984
328287
99
170185
133621
158781
99
61355
99
293089
99
99
99
99
195267
120878
99
99
109055
297462
99
99
99
129859
49790
99
97
99
98294
79995
99
99
99
227785
99
99
99
99
581852
95
99
228485
99
97
99
78218
99
99
99
99
99
99
76639
99
98
76741
99
99
11371
441801
99
99
13819
99
99
99
99
99
99
99
312591
99
217713
176243
99
99
67052
447604
99
214857
99
78989
343398
99
99
99
99
99
99
99
102936
99
136847
99
283744
99
71035
8019
99
99
99
99
170700
144610
99
99
1976
5331
99
99
131036
99
4576
34118
99
99
12812
17837
31865
143662
99
309807
99
107292
244606
99
99
99
99
212257
99
99
99
99
253391
99
115116
99
99
455259
98
99
228989
120125
264635
286461
99
99
99
375548
99
99
290363
311146
99
299365
240216
217856
99
334275
329738
195101
99
99
13879
40852
164979
171498
99
99
99
78734
99
99
99
2940
261241
99
99
99
99
109651
42724
177233
97
3774
56500
99
4117
949
99
99
99
72728
99
136079
99
99
99
2058
4231
99
99
17650
99
99
99
99
20718
119
99
262950
99
99
202049
95
271491
178243
38191
99
99
99
99
104361
27525
110182
110026
336435
233984
99
99
216761
99
166417
49328
99
56041
99
11118
331758
92101
99
15548
76659
99
99
355174
98
8751
568829
99
501148
3282
10600
14324
344710
249181
99
189569
99
99
99
410454
99
99
99
15706
23935
220196
99
99
99
99
46932
432828
181523
99
99
125092
99
9230
99
97
99
65199
99
59576
194094
99
148159
99
5457
99
13673
69830
206065
26379
99
99
5501
392994
25648
208337
328969
99
99
99
99
120894
242499
205477
506531
289409
99
144481
99
99
187435
99
99
179804
80160
302422
209338
41442
126
25722
217527
73501
99
179485
262923
99
99
99
99
198245
141173
99
99
81188
215433
192862
99
133477
99
72639
390
99
99
275904
41623
99
99
331354
99
99
99
380509
132712
99
99
391838
99
13198
99
99
99
214525
98
99
99
99
586866
206507
99
99
234525
99
39201
139521
99
97
99
99
17938
99
250267
99
106292
32103
40893
48640
300661
18606
205557
99
7881
52720
145109
99
99
422463
99
99
47782
54066
99
309154
99
391838
134166
332513
449796
99
436032
268191
99
99
300357
6901
417682
218465
99
114950
387681
155188
99
99
99
99
99
99
45439
264563
275171
99
98
99
99
99
6534
127535
99
99
99
99
99
21254
99
238151
99
34937
63600
99
99
184222
99
99
99
99
99
245682
7331
99
64440
99
99
8968
30662
369248
99
21049
99
99
552430
99
99
99
99
99
99
99
12012
99
99
21835
83514
99
229208
79189
139525
18829
22630
99
99
99
99
99
1396
246819
99
99
99
168060
71652
42048
124107
99
62699
302212
99
99
99
259774
195240
99
99
294419
99
365866
275121
98
18340
99
99
99
99
99
99
99
99
99
99
66558
99
99
99
99
130998
49304
99
244117
165723
99
12409
99
99
142459
15305
42185
99
99
151184
99
99
99
99
99
20625
99
99
99
122852
397897
99
191540
99
34950
99
99
141398
344051
99
224865
99
62556
160911
99
579
99
99
99
99
99
99411
99
99
99
99
99
99
98511
99
22040
99
170126
383482
99
99
373824
161
99
9647
99
260463
66513
267520
12533
99
99
42252
99
83284
99
99
99
44888
99
99
99
99
153098
99
107004
99
433106
99
286483
99
135109
210065
99
99
6014
136394
96335
14773
62119
45619
99
99
99
99
99
138606
157622
99
43629
141820
17606
99
99
99
99
99823
15960
99
99
7097
99
99
98
33864
50451
99
99
35727
99941
99
99
99
99
80421
99
79730
99
99
99
99
37578
27353
99
137615
36647
99
99
27892
99
99
99
58000
158993
23621
99
84930
99
99
250771
348805
97
27147
99
99
99
561914
180757
58791
413350
99
24700
99
20336
433408
99
99
68756
483542
99
99
99
99
1352
99
99
230661
17200
254256
99
94
99
99
415111
248129
94
99
99
99
479457
458275
97
119725
68381
99
48122
99
99
29686
99
17
99
99
534600
99
85230
304737
99
9428
272076
99
283882
92884
56962
197632
92887
99
193901
99
284024
29195
99
382289
15508
99
99
64407
33409
99
7424
82740
21430
99
99
41340
99
99
99
99
99
99
99
99
143868
45638
45798
5161
16988
30573
37976
8758
99
106398
49931
265899
99
65673
99
51530
381767
99
99
114219
99
86538
110936
87413
2134
99
99
99
109131
99
99
54748
415014
99
27361
169714
53367
26718
77644
99
5570
321028
157945
407424
94431
99
99
99
99
30998
99
99
99
268386
5485
131708
228289
99
99
64976
189992
55645
173258
97
99
99
175692
119047
222280
99
99
99
342945
37981
99
90612
99
10452
40316
99
99
26393
1657
306085
198023
61592
169406
59241
99
99
99
99
159215
99
280926
99
99
99
68810
99
99
99
99
65959
98
148716
224583
99
40488
99
99
58859
99
99
99
285845
69093
99
222416
99
99
99
99
99
323059
99
37938
89090
99
441542
99
86491
99
55109
10441
69221
396161
27995
99
99
99
86
99
99
99
99
99
99
226225
99
335573
99
64503
99
99
21554
144575
99
20803
5559
244547
99
99
53076
99
46337
61450
99
99
99
69293
99
56299
16128
38651
99
99
99
203613
99
99
97
99
98405
99
14240
155730
99
252101
12181
77971
88570
99
99
111934
99
99
124394
262791
99
83971
99
154984
3410
99
494388
99
452375
99
360182
99
100601
37041
191237
99
275075
99
91378
97843
139413
173612
99
420853
38602
32934
281698
99
69039
99
99
560799
340366
10564
120169
524002
374066
99
60133
56657
260702
99
99
99
99
5055
422519
99
10683
99
99
44694
13741
99
165525
99
99
99
99
54811
99
99
119895
181797
99
99
7509
99
131042
99
99
99
99
115663
70589
372674
51514
115738
99
99
99
99
99
72590
319223
99
189122
99
99
99
182025
401465
64696
99
214268
322678
45927
210068
114150
237365
99
99
488181
42643
99
99
99
48552
99
99
99
200472
99
99
99
99
99
99
137527
99
99
12965
98
6767
120544
211722
99
259733
99
101346
208185
99
99
99
49611
187436
38577
18671
99
99
71274
137656
99
99
95214
99
47382
57155
117367
50075
99
949
10542
99
135506
4582
99
33626
79567
66250
99
216519
39353
381023
20209
99
99
99
354297
20186
99
99
29909
118207
41056
265469
99
36478
130667
99
99
99
99
120457
99
185792
99
256411
99235
20016
99
99
236793
111168
99
99
95
7264
99
176082
99
259150
323119
99
99
99
99
99
98
99
43660
44420
99
367245
76400
192441
242096
99
99
376394
301972
99
248545
99
74821
552741
99
99
99
99
170842
99
99
67927
99
99
70993
99
99
25501
39590
99
99902
99
99
89975
254886
175617
99
101470
58789
98061
99
99
419057
47006
104368
99
547624
183930
99
99
99
99
89
402638
127622
99
99
99073
99
99
99
99
99
98698
48861
99
99
99
85766
55670
99
99
42509
156842
385506
99
99
92186
99
99
123833
204385
429494
99
44458
1014
99
99
99
284509
266586
99
197338
99
29369
99
99
99
99
99
272012
99
455976
35330
316513
268651
99
126194
488645
7413
99
99
91198
192108
106530
45068
292252
99
82623
308100
51009
559
195351
99
99
332348
122391
99
536387
99
158711
99
99
99
41532
99
81500
291589
99
499291
270547
45132
99
99
99
99
99
99
99
99
142369
175553
94582
99
99
99
99
15534
99
173709
332917
99
90485
99
87380
432198
99
99
459984
246945
217817
8737
101589
12657
71804
377354
99
27043
41535
541920
99
79317
3923
99
1698
75941
150538
99
99
57127
99
235650
99
21119
99
28973
24521
38197
99
170213
119747
99
2581
99
99
99
256168
99
203767
6560
99
99
24668
71150
200070
99
50971
345140
99
97
415534
5907
99
99
435822
99
99
99
99
99
99
343
99
99
50229
81745
201359
251613
288206
99
93147
98
99
140870
99
99
61906
252088
75269
31643
99
99
90164
46844
99
208681
99
99
99
99
99
251259
181448
99
99
211611
287431
58826
18002
99
180557
425696
99
46882
101018
99
99
206285
99
31744
99
175400
60512
141832
99
489409
124892
99
32624
99
15258
99
203933
99
99
99
99
99
99
19174
229738
99
414264
99
370657
101636
99
99
48040
314997
99
32594
402036
3075
99
99
12196
99
98
123855
99
99
99
317086
10956
326329
99
79178
99
141862
99
59374
99
230851
99
99
99
403701
95367
85418
106694
86436
129990
99
14849
123802
115494
39276
42858
99
99
68447
99
240283
18176
99
91
337231
99
99
99
99
181093
8705
31868
99
130010
99
99
99
195358
99
99
99
99
99
99
331350
20593
186127
163268
120225
55904
99
20185
152846
99
150365
99
329883
99
57483
99
99
99
99
99
19399
118261
115867
99
99
99
54628
99
298633
11014
23936
4061
99
19193
351627
133978
99
99
13255
301350
54455
104564
99
299437
99
99
355412
99
97
141641
99
99
515611
99
70933
99
10490
99
115385
91157
182933
99
99
121816
136518
313340
113561
99
80
22342
99
149531
90012
97011
99
75810
99
99
99
99
99
83914
99
99
99
99
336657
99
99
99
99
74202
3278
99
47423
1963
125766
140954
330807
99
39722
26426
99
99
99
99
43444
99
99
99
99
99180
99
50830
99
39685
19584
226790
108648
71720
99
72
135384
99
10152
99
99
54115
99
549846
99
99
78040
99
486104
99
40040
99
118881
99
147113
99
99
240763
15441
305438
99
104201
99
151008
99
99
99
176502
42541
99
194577
99
99
301469
138577
26322
99
213022
99
99
99
99
99
41746
99
137028
250148
99
99
99
99
38716
17634
99
32035
99
99
109936
124629
99
243856
33290
99
99
43281
1465
99
99
99
72367
99
159196
252571
99
7268
99551
208225
99
99
99
94531
238652
282298
99
190596
76350
435824
99
99
52754
262351
99
99
31478
53989
97455
24262
99
99
99
184077
99
97429
99
99
99
217902
99
124047
99
99
99
99
333001
99
420427
159849
107466
99
99
911
266963
99
99
19402
99
99
29073
9105
99
37611
99
22538
99
75139
27112
99
99
99
99
99
99
99
99
49384
99
271590
99
295830
99
99
371380
54385
344463
9971
2984
29530
99
99
79983
97
99
63582
84756
99
99
277257
99
254881
99
203695
264890
99
99
377203
111928
11469
99
278611
99
99
99
99
30132
350784
52079
1407
99
522231
1459
196853
47545
99
99
274238
195819
99
99
83574
99
99
99
109076
15910
99
99
99
92768
68694
99
99
242174
99
99
321680
147505
22198
178749
25113
51554
99
179762
11591
22889
475749
99
175630
160186
121329
20893
99
99
283492
99
99
125175
99
352995
136045
55623
99
1746
99
141838
282819
311393
55731
99
99
440009
220424
876
26377
332956
99
99
99
256878
99
332607
160185
99
99
99
99
309666
99
99
158035
99
63470
363767
95
39171
99
60559
99
99
99
38999
36408
116230
99
99
99
99
99
99
152599
155788
128728
99
99
99
521179
99
99
94
29823
99
17766
340166
82434
228970
346757
137927
100615
99
453900
29
99
58623
14588
265556
99
8568
99
99
161709
108817
183201
50699
76348
99
99
99
162058
52469
182797
95045
13363
43797
99
99
99
26614
99
99
99
8675
177117
342934
99
99
272292
99
241512
99
304116
209934
99
11652
99
27426
122191
99
3419
388179
132592
295800
99
378362
73651
61221
99
13783
65
99
100853
160762
99
99
99
97397
99
99
71520
99
103273
99
234429
99
183920
99
97
99
240080
99
26177
371
133541
330629
60758
218829
99
99
99
292365
344756
99
99
99
99
99
99
303552
11570
251108
99
99
394532
77310
99
99
99
99
99
178032
99
99
99
35801
11211
89387
36647
194559
98848
99
44978
99
99
244373
280718
99
99
99
112017
172450
179114
482
99
99
99
85953
309142
99
99
99
99
99
6620
99
99
3096
497269
142100
275364
29698
54093
12684
99
406269
65379
99
99
99
99
99
265173
99
70248
248474
90943
99
99
99
99
323211
58198
41
99
373153
99
99
30712
99
99
56658
73816
99
99
99
51036
99
99
48031
73119
99
99
99
99
99
99
305364
389418
99
433384
99
430171
377124
98
428667
179557
99
146166
99
506103
209972
99
99
99
467152
482543
308591
463570
62715
54935
99
157240
265849
99
224686
36175
69370
99
171905
202040
128805
99
99
99
99
99
62889
227326
392365
99
587568
172480
340339
99
99
318500
97
130109
376805
307896
59157
99
475490
99
186929
99
99
61084
99
236725
118028
99
257210
88761
99
99
99
138053
51899
99
38566
99
99
99
17681
62949
99
35499
99
99
17232
24238
349162
99
99
99
99
99
99
99
99
99
281761
84508
112128
218640
99
56539
492786
58604
139225
99
103119
99
99
99
99
99
99
428032
34182
91821
99
282678
99
427354
28903
99
51136
15715
99
460399
99
1363
262185
13720
3115
99
99
169013
99
325933
60472
99
69119
99
17228
27072
204210
21325
13915
100059
988
99
6475
99
190174
63922
72174
99
99
114703
99
99
106309
99
242617
34208
1922
99
99
318342
99
99
98453
65751
99
55541
99
47725
44482
102976
96
99
99
348324
205733
99
9896
64395
345501
154286
99
279809
99
123046
99
99
215562
99
99
99
99
6164
99
386113
541449
99
99
228464
99
99
99
27117
80206
99
385086
98
13387
235596
99
99
118295
99
27499
99
99
99
99
99
60217
99
34328
59988
107984
99
99
99
503156
117408
237571
99
245975
99
99
81130
99
32205
99
119974
546301
343853
99
99
98
505378
118645
99
99
99
399742
9597
99
99
78132
146587
99
35081
99
99
258003
54537
98
99
99
92957
99
99
99
99
238945
99
76303
9079
635
82406
99
54407
190103
67340
21378
352662
99
41119
98
8939
99
137698
99
51012
99
84698
67999
99
204803
73160
99
13675
99
99
99
99
14484
99
99
99
131429
134747
123272
56558
99
178705
99
119662
99
157935
99
2665
64659
99
99
53923
303901
30534
99
263835
99
99
99
99
99
202947
98
99
99
95
118276
99
134863
46705
99
99
99
99
4167
99
99
21747
315578
52258
99
145134
99
99
99
99
1110
48143
99
168649
99
99
101953
60145
212816
99
99
432062
300550
99
18911
99
99
99
20770
13278
123437
99
99
248720
99
99
99
99
99
64630
182059
453911
230826
103470
51810
280476
152010
99
510571
98
260775
4380
244696
5949
435614
99
83738
345886
375646
449376
190161
99
99
219246
99
12946
95076
141135
13994
184462
99
189470
83309
99
99
99
47952
99
99
99
98
10597
11962
99
107593
501135
99
6030
99
99
99
11103
81637
99
99
387841
18220
99
105855
3447
99
106490
99
99
362939
1792
99
103272
99
99
124703
149712
167351
99
51209
99
162476
99
35369
499978
99
52245
348251
77035
99
99
174141
99
99
272944
99
99
99
433819
12935
23332
99
99
164281
178572
34588
99
99
99
386629
99
152401
99
99
16001
12100
99
61033
99
99
68733
419730
99
99
99
99
99
47647
67555
99
38182
182716
22586
99
99
99
2260
16037
99
99
99
188352
99
99
7884
99
99
100431
99
99
22899
99
99
99
376437
83359
21752
99
62099
99
39883
481071
24254
317294
99
97
252331
99
435782
99
211677
99
12005
167912
99
16428
99
4986
11941
99
99
99
42268
99
99
99
426502
149915
33826
8301
64332
99
159091
99
99
28205
99
235928
99
427391
99
543936
99
99
99
144637
99
266207
99
20192
313427
179521
99
129648
9983
99
99
54574
135510
90415
25276
125707
99
99
62779
99
99
93805
99
8404
35553
68103
99
99
99
99
532071
60880
99
99
99
20665
99
99
99
451247
99
368850
28597
233049
99
99
155219
99
99
99
11729
138527
99
99
99
161960
99
218351
94245
99
309228
99
99
412397
99
135672
292179
99
49209
56866
157101
171962
99
99
99
446879
99
236909
99
60250
113544
99
540974
99
214056
99
149283
372125
47839
163861
22929
99
208830
10857
99
375459
59760
99
281754
83117
99
69384
433
120552
101243
1879
99
153521
99
53928
112271
273947
15534
99
33907
32784
98
475470
38109
205617
224734
99
9008
45738
99
312534
6991
99
99
99
233032
99
99
127802
99
99
99
346812
311386
99
4553
99
264521
102016
231084
105673
99
2804
92234
59902
99
99
99
99
495178
99
58366
422160
99
99
205728
2624
136731
99
572073
170300
99
99
210686
122875
71525
180426
99
454663
241169
235235
99
77857
99
99
99
20045
78400
99
223375
218117
33119
99
99
177829
99
500687
203388
293956
384507
99830
88186
99
99
99
62341
17382
146950
52005
99
87567
99
99
495264
99
33431
99
42936
97002
99
99
99
99
214510
99
99
99
99
99
99
2854
3735
99
4165
99
32232
43295
94
99
99
99
145796
309608
236623
89285
101265
102013
99
171546
99
69692
103137
24038
478979
99
99
4929
11374
314735
99
15906
205123
3750
9392
156028
15408
242673
5110
99
99
99
156164
99
89087
99
100519
99
99
537684
222194
99
99
91990
24125
99
99
437414
107259
53363
99
123017
9651
360744
99
214981
41437
99
99
97077
99
99
5698
99
99
99
413180
550844
9146
99
224576
23276
99
167573
99
143918
105307
99
99
99
5898
99
99
76887
99
358407
163523
99
99
99
10103
358611
2098
381383
112510
99
24630
105865
99
99
99
99
36157
523378
15756
99
99
99
296627
1505
174137
176695
99
489524
99
99
99
98120
99
99
126293
371032
99
77493
99
330856
99
99
19955
300417
315916
99
236855
2078
60066
99
99
99
99
99
99
99
99
69748
86220
364551
77387
99
99
184008
423840
99
121243
99
99
228575
99
99
78255
99
99
11725
99
99
99
81885
11442
99
143578
153710
99
175769
146869
131523
144549
452633
232057
3804
204078
99
233343
99
99
99
60621
99
110251
80047
99
51362
234032
3621
454300
99
246535
99
99
514060
99
6404
99
54592
532154
99
99
99
261628
99
99
55681
1334
108136
99
3901
143839
99
113038
93401
145984
84112
99
99
98228
22523
45732
99
10860
58938
99
99
326398
15391
54098
99
379033
294815
35190
76
110873
99
130108
35632
99
99
290439
60206
605478
99
7449
99
99
117011
99
152795
99
12563
82074
11402
99
99
12059
99
99
61814
70855
99
99
99
116763
53567
99
99
94908
99
466
308927
99
99
200895
3951
99
99
103256
1135
99
90103
99
145419
154493
99
368213
99
99
62718
99
99
114450
99
203342
40485
487312
168951
5373
99
219382
99
236713
99
93194
99
84417
99
99
152607
88401
99
72920
99
10142
154453
99
527865
99
241055
389835
99
99
99
115765
99
99
99
310849
32149
99
33567
255043
99
84815
99
22187
99
97085
81346
274311
236366
99
99
35160
14700
99
191219
18302
99
99
99
99
36777
99
83881
164
99
110461
334304
99
97764
137512
99
99
99
469366
99
136971
62714
17912
99
134575
172956
23059
124359
62227
348233
99
10394
438815
275305
99
99
99
40227
99
507563
16646
210097
99
40109
175305
26795
99
123719
99
99
441125
17472
240575
410185
39459
99
181562
69527
99
51043
446197
99
99
99
99
234488
99
99
40127
43722
232109
99
99
99
586699
274913
99
240079
111852
99
99
99
99
99
99
239230
99
312632
298581
99
251251
99
99
99
99
99
99
324700
99
91
99
50947
91092
83567
99
99
99
257957
99
99
348851
99
99
459249
98
114883
99
99
33052
9724
92600
99
87765
182708
201222
309597
28450
554
99
372220
34014
99
99
99
347588
99
127196
309990
61554
99
75558
35188
99
99
231543
99
19250
187635
99
235294
163618
99
99
99
106247
452988
99
99
99
99
99
3352
38546
99
97
99
99
99
165971
29109
159474
99
99
99
43068
237368
99
99
115736
99
216167
32079
112885
125182
99
31372
31296
124711
99
99
99
99
99
130970
99
99
99
514371
156070
125385
167158
273122
375941
99
33492
99
99
99
185548
99
40374
99
99
99
99
453380
99
99
99
99
65151
99
239039
202712
99
99
96164
25826
99
41149
155500
99
4657
99
99
99
44173
47234
3360
99
99
99
99
99
99
99
252003
201097
99
99
78640
99
122575
22267
99
99
99
99
197686
99
379215
99
72681
213490
112069
41244
99
99
412827
99
445186
99
99
141249
99
99
4341
99
99
154626
99
128216
51723
34808
99
99
99
99
34373
232618
261229
99
99
99
99
297082
252453
99
109240
99
9873
417408
99
243254
219833
176639
99
99
99
99
99
205113
99
99
99
99
64161
99
211820
99
99
99
209289
96
138874
45049
87540
99
101359
99
76908
114050
99
212539
3111
99
116550
80884
93791
99
99
206389
138830
99
99
554346
88292
345765
99
14253
167391
99
99
25056
99
99
99
99
19406
99
99
476016
137294
99
99
190344
170302
6016
115040
120712
99
99
99
288884
99
12833
79368
177332
99
10501
99
99
27288
13170
99
99
99
355346
99
22571
33058
99
352962
98
111793
164086
54775
420557
140691
99
59023
99
99
99
126168
39628
320983
254066
356745
99
349303
99
99
99
19841
54324
99
86687
99
99
372240
71323
44467
177850
389326
316996
167700
96
99
223584
99
99
99
203213
7685
308123
99
99
99
99
391879
99
228176
99
5009
129059
249906
99
77988
99
9642
143435
398678
99
99
99
99
99
99
44562
99
172307
405463
99
40048
37364
99
225169
99
99
72430
389057
8167
99
339658
114857
65817
99
99
99
315972
178190
47841
99
99
99
99
402946
99
99
5527
99
65626
91235
99
99
99
99
99
99
99
99
99
59493
229860
76604
99
187872
491571
99
510618
324419
99
439120
125911
99
99
99
97
16167
97002
99
99
99
99
143317
313147
83
64078
66439
99
90785
99
99
99
106060
99
99
196192
89852
48713
99
31373
99
97
20268
202816
59515
99
99
52633
100948
29488
99
259149
99
4674
190584
6528
99
99
25811
151261
73234
302479
99
419288
317939
1604
65368
6130
120640
108359
99
59865
99
99
40744
133289
99
38168
55964
99
99
99
99
2228
99
99
159423
99
99
99
73093
99
99
99
364427
99
233403
99
99
99
46097
44643
99
323757
99
99
374720
8458
1266
49211
87003
106979
99
99
99
100134
99
99
97
1628
99
343226
99
57041
183144
39773
557209
354659
4826
99
99
101245
99
276297
234381
99
54177
123116
99
99
150209
99561
54585
21375
99
259707
280369
53062
99
99
143927
99
99
99
48527
127109
99
81872
381286
99
350957
99
307102
99
48165
152566
91730
221732
191415
99
96537
99
99
99
99
118347
99
99
99
99
96
81744
8276
29422
254628
99
83570
99
44917
10104
52030
34344
99
99
99
99
99
99
99
99
145469
99
99
127381
474204
6952
99
99
348077
99
99
95375
99
11531
99
99
99
361713
23372
556452
99
99
99
342490
127727
99
42016
69123
54210
119360
386779
99
255072
118770
113389
99
99
158985
307091
33059
99
99
99
99
99
142124
99
99
99
99
150570
56348
99
92375
99
94874
99
15097
414056
99
99
99
99
187931
99
4850
99
99
162073
99
559713
144567
9697
189006
28136
108892
57450
204220
362860
99
99
2517
99
99
99
48671
99
99
99
24096
99
99
99
126071
2547
99
77200
110386
84294
99
113206
401131
99
99
223805
399513
99
99
99
16062
300035
42344
99
99
367135
99
570580
99
60403
99
99
97
97
99
99
44473
99
64714
125312
99
99
46548
99
492480
245778
224450
99
110713
99
186820
99
265366
15570
99
71881
44494
99
212634
99
179629
330284
99
163244
266539
5706
99
274172
555886
214199
54532
46813
233407
99
317027
99
146489
99
189121
99
8438
99
311819
99
86700
686
26739
122754
247294
99
99
315151
75156
1136
214468
99
18715
48357
569204
99
189659
84307
99
149113
99
34362
99
99
99
99
123262
99
343833
103009
99
215772
99
99
99
345268
223870
99
395035
394298
99
96
99
33964
99
61762
99
177031
261285
157590
99
99
392643
169854
99
496095
99
502487
99
99
75645
99
125807
98555
99
99
132080
241367
207525
349334
91794
42581
99
99
498406
99
248058
182097
99
306353
99
99
36507
144299
119913
97
99
47634
99
90747
99
373734
429387
335122
99
99
452747
22924
99
97720
1513
149663
99
99
178958
246716
99
32159
114579
99
367833
99
99
149622
99
95
99
99
99
99
132207
3829
99
99
255103
95
99
227617
99
253796
99
99
214471
99
267564
99
99
67776
99
99
98
99
6340
320677
99
99
42864
10051
99
374719
36099
99
149697
99
24893
284238
99
99
99
268554
99
99
121526
116004
210026
99
99
6944
99
99
6852
99
16012
99
425781
99
99
99
99
309405
33880
99
99
99
7845
99
99
99
334159
101442
32971
193
480432
99
371859
99
289373
99
364237
99
95
99
516971
99
99
99
99
99
99
39020
348946
99
432574
52631
99
99
62443
99
99
110407
36057
99
99
99
87137
99
354644
365724
97
99
94150
99
366
396282
294263
99
5477
99
99
462715
162844
99
99
182283
99
99
118775
99
115441
99
99
302175
99
99
99
99
45530
99
1332
48276
99
99
21425
39312
156888
99
314689
99
73236
87062
343703
182126
99
99
73620
114848
99
99
247182
2320
88157
99
99
99
99
7627
4964
528121
78932
202381
99
99
99
99
99
101799
93216
99
99
4874
99
99
12721
197895
438110
99
99
99
99
444940
99
30621
268838
143559
12158
99
6497
115701
99
70689
72546
99
37787
99
95800
99
99
99
265720
60032
99
15444
99
280559
286753
188732
189903
118720
199133
103081
184773
99
246785
353979
99
8416
99
37482
99
99
99
99
146276
83115
84
99
100392
99
99
278509
105330
99
158708
75364
451898
310253
469885
99
99
99
81534
99
516838
557971
99
99
99
99413
23384
30501
8594
99
95723
160016
57884
166710
99
63981
236470
253164
99
8085
7636
39790
117836
99
99
99
99
319225
99
99
66657
99
98
99
99
99
99
21360
100489
17733
165360
353704
99
5494
99
99
34353
97031
9387
298886
99
45899
99
99
99
36722
99
99
99
99
410675
99
99
99
99
99
83249
210228
446126
70657
99
87816
100188
26475
99
99
49124
12466
264175
99
99
99
110339
222133
283441
99
99
99
323588
16674
99
99
154563
23663
2311
52448
41391
99
99
99
99
76326
99
99
171274
99
124058
22300
99
47
52361
93309
99
99
99
48012
99
275858
524304
99
131661
7475
99
99
530
176545
388627
99
96440
99
99
99
99818
196463
414296
99
38827
410305
85284
117713
59337
27852
57185
99
99
99
99
25414
99
4845
70685
150096
99
47141
9507
99
99
79844
99
99
99
99
6250
99
99
153787
99
99
99
99
24678
99
99
305805
263675
257171
99
159966
291568
382784
99
99
100558
457463
99
263890
99
80128
23498
316979
48966
99
223180
99
99
176603
268211
99
99
173744
99
99
51094
99
99
99
168668
99
99
15022
99
33966
99
411512
99
99
99
99
99
292964
32497
449810
483595
99
99
454639
99
99
99
99
339338
102539
77016
327122
227608
99
31775
161428
97
99
26791
99
1891
269866
99
99
99
315424
94836
243432
217449
286707
99
99
131567
99
39510
99
229963
170539
98
622548
298039
99
179710
99
99
99
99
107838
99
115887
99
99
271115
99
210947
5265
11482
99
