99
428473
215527
5937
99
42965
1733
99
44784
99
128104
5437
22940
99
99
86849
197216
1679
99
8798
96530
70591
347938
99
288536
99
139894
150713
4980
99
229056
222516
70033
77303
99
99
99
99
16797
182136
99
99
62794
99
99
99
99
301273
97
99
35642
99
114674
19241
99
329183
99
86947
8195
29336
36938
362275
339103
99
25310
66675
261153
285076
251616
188682
99
109498
365133
99
13342
99
28194
99
99
153066
99
69918
99
99
99
99
99
226620
7779
276575
44444
4814
23153
99
186867
99
8568
4978
19820
99
90680
99
199995
168259
99
72635
418
99
98
99
65161
89620
99
95
337389
99
99
13450
99
99
99
99
99
294887
99
99
242852
99
99
99
99
181575
16563
99
99
99
99
99
99
194635
99
99
99
125307
99
233961
2828
99
99
67182
99
26713
66
99
99
99
243338
45813
401118
99
292372
99
99
99
99
99
140355
99
365557
99
37744
99
99
99
99
8426
99
99
99
99
450542
20343
99
99
170667
99
91622
99
23806
543961
69461
268203
311665
236546
21095
99
36953
49378
99
99
37376
139891
104675
132464
154210
23906
99
148992
35807
256321
99
99
25619
22775
99
99
248745
99
16152
61809
227902
117279
173485
53649
99
10513
95
17715
99
371066
5217
99
501634
99
45026
142581
99
79339
99
435201
332999
90
99
58133
154434
99
99
99
99
239579
578
41499
99
147751
99
397121
99
99
47926
68579
267286
37795
47917
99
99
111227
280133
99
151530
399911
99
100202
17487
203898
99
19318
94
243995
99
99
99
99
168484
7879
125960
513410
99
7026
99
99
58258
49824
63173
254321
99
99
474644
99
99
113163
129524
99
199175
133461
99
76464
99
501545
99
99
47562
33232
98
37466
99
13837
89948
44796
56729
113322
549972
478815
99
43450
357690
22627
37288
98
99
99
96188
99
187372
110486
99
17996
333943
99
16633
277979
47092
20972
99
99
99
99
99
690
99
7075
340361
99
99
447867
99
99
99
54501
99
99
99
99
20861
106301
99
405665
16104
60162
99
78672
46819
99
99
99
362348
99
29277
99
207933
99
124071
5821
99
60312
99
99
99
99
409
50194
315593
16705
48036
33858
99
99
99
7255
57505
222667
194615
39854
337498
355814
99
99
99
97596
99
99
90405
99
99
10749
99
69066
99
175174
25260
40963
267630
3137
99
201204
57230
99
99
121145
322190
237243
262688
28217
99
241893
185194
53774
307288
166864
387007
28714
101215
99
146714
223681
99
99
80631
99
99
104302
99
99
128242
99
276070
152277
99
275348
98
99
99
99
444760
298352
99
99
99
317889
96
95
243197
99
274235
99
99
409679
99
99
23366
98
492260
99
31343
231258
99
52016
994
99
586414
99
3854
99
169276
85654
66429
82304
38498
133814
175660
439784
99
99
7670
99
4654
99
234
99
99
21275
38197
26506
99
99
8681
99817
99
5561
99
52172
22799
99
147767
99
183913
355927
99
99
110492
9331
204037
99
271204
99
348410
99
99
177771
32992
24450
292556
20341
27490
303796
99
99
99
256736
99
61189
99
35517
99
116593
99
90738
99
99
260551
99
99
99
352517
99
99
99
99
99
97
99
99
99
381342
147781
13448
96808
99
99
97337
127677
99
99
3745
242176
46518
182286
99
99
99
99
496904
44036
19923
193469
99
99
71020
99
97445
143717
99
19537
130026
99
99
99
99
99
427457
99
396143
25196
234820
99
139164
402197
99
17384
527111
253242
2369
99
12037
206384
99
99
99
99
169780
232407
176257
99
99
3674
80828
7731
382918
99
99
99
99
163873
159049
15259
99
99
99
99
275473
99
10992
86653
99
99
99
99
99
251541
150004
447283
99
99
99
99
99
422343
99
99
279038
181287
2476
99
207287
99
46178
99
9960
266507
99
99
318570
198939
31485
99
32293
99
59075
99
99
99
99
99
99
21201
99
163515
99
59992
69895
96453
99
99
12710
81541
99
99
99
112576
99
99
172642
345496
99
99
99
99
122451
99
99
99
2759
32
99
99
167230
71285
99
99
113026
252231
112873
542436
99
489657
99
99
326736
99
99
84876
99
130957
99
99
99
99
99
16461
99
185127
14776
13400
99
99
99
30671
98216
112317
41912
99
99
99
127285
99
157691
176437
48838
370714
99
99
149936
2181
99
16563
99
156404
99
176431
99
99
45069
99
121611
99
220099
99
97
77319
156440
265914
21745
124966
99
99
9379
362653
17197
99
149121
6277
201514
99
99
106836
99
117977
218997
99
57816
197702
320557
99
99
99
198820
99
99
99
193013
76323
99
99
521
266409
99
99
99
230263
99
255418
99
20550
99
33565
14290
37351
149228
37933
99
99
79724
84684
87807
99
248171
99
99
97
144894
99
235347
99
296750
47822
99
99
215730
99
300907
52524
99
219121
187861
98
51827
99
213
11813
99
235408
99
99
180606
28427
166692
99
20253
99
99
99
164590
99
99
99
177402
99
268512
99
170974
99
463667
99
135035
99
184400
99
523498
3812
99
140444
99
99
99
23996
97
98
99
178873
99
422401
18481
99
99
422627
23819
99
176083
23615
99
99
99
101494
87
99
294422
194063
99
99
99
99
241107
99
122724
99
374967
99
36856
99
99
99
99
99
99
95281
99
99
3598
7900
24007
99
99
141584
99
14434
29742
34785
237899
99
279771
11661
99
99
106900
13416
26894
60894
99
94255
182395
99
30991
6293
99
45359
99
99
58240
99
33087
1654
99
2571
99
156612
85554
509867
99
57806
261090
99
99
24611
99
341277
99
99
25148
99
287551
99
99
99
99
78849
329636
99
99
99
96951
408
99
99
99
99
99
190445
40979
99
99
300846
780
180189
191091
133757
99
146042
367944
423448
99
99
99
227615
99
99
99
98
317641
100760
99
99
68730
99
99
89979
99
99
102787
271144
176476
99
119316
243850
99
99
155244
99
99
86163
99
243853
21448
99
99
41577
99
98938
99
128067
1391
280171
189240
249943
282237
30549
99
99
99
96855
99
1635
113396
149312
99
120593
99
115628
65097
99
301773
99
99
170660
122809
39148
409363
99
99
11684
99
99
99
5514
99
99
216424
98
47041
328165
99
20826
12591
320035
238744
99
180462
99
99
12547
357825
99
55613
99
99
99
99
99
76194
288723
99
99
68907
99
52682
99
59353
337342
24717
99
99
38119
135216
99
44554
99
99
99
66353
169441
99
256698
190387
99
99
193990
259559
99
1575
99
81726
104649
87
152282
99
372737
99
196434
37372
329108
396713
99
14562
99
44507
291124
99
7973
99
99
99
99
152757
116403
99
333960
99
15687
99
54398
99
99
99
110090
284991
113657
99
32165
22641
99
45460
99
99
99
200853
99
99
161152
215381
40574
99
395786
99
99
30700
99
99
453618
99
99
99
229000
274446
195080
99
99
283452
13433
529613
99
99
2889
277329
99
99
109961
98
99
99
99
99
99
99
397060
99
99
79273
99
153566
79778
325467
270771
99
99
190307
289651
99
99
99
99
480108
181782
99
99
96998
99
330546
99
99
48042
168473
99
108119
99
185937
99
33406
160612
196115
99
99
99
99
99
99
99
78940
99
99
99
26361
98
99
148109
101155
99
103098
275744
242580
46519
72267
99
129327
188403
167778
296092
99
45852
240106
59934
99
200753
99
99
99
146545
46265
18519
346485
120908
1119
56549
99
174626
99
99
99
354905
99
53277
99
196763
99
129303
241233
99
10064
93
78502
99
308580
56446
99
99
92278
63951
341674
42117
99
99
99
99
76615
99
99
99
99
99
99
99
92148
99
338658
29992
99
99
99
18896
99
99
294023
3871
99
82151
99
75603
99
99
99
361755
99
99
99
100806
27189
99
99
286430
99
99
99
159046
99
3672
23353
215559
92699
1245
158787
151279
10061
99
29765
99
99
154648
99
20688
99
99
74649
3785
3547
99
99
99
99
427177
27629
4598
99
21560
69386
99
23759
99
99
99
79093
99
99
99
378656
99
99
99
99
99
82730
99
99
99
99
99
99
99
311040
99
99
131216
185757
57080
99
97
37985
6103
99
99
99
70677
99
99
99
99
99
99
99
136223
471497
99
161091
119121
97
415051
99
85334
91335
99
24343
22769
83283
12389
127754
99
99
16739
374279
31109
99
127724
99
99
452390
99
99
321792
393516
117819
99
105501
272074
8474
467467
99
7837
170716
99
88552
42315
57904
99
99
439142
95
19293
423110
99
69402
99
99
99
99
99
81094
99
99
98
99
99
47134
174879
99
185368
4415
99
91270
200275
28206
288763
43312
99
99
99
174615
99
99
99
10200
99
99
228089
99
99
436963
99
99
99
110312
99
99
293376
99
99
99
99
126038
7690
420
99
96
118989
5127
99
99
99
99
844
99
26840
99
99
99
85704
22126
99
46078
14358
99
99
99
99
58760
159982
99
81951
99
393270
99
385049
99
147470
127549
47158
99
99
99
99
99
99
99
99
281351
6511
130393
99
99
139130
99
99
99
99
99
21675
99
79766
466424
97
99
73423
129584
99
99
99
99
99
132739
99
99
248720
8853
91607
99
26584
99
288699
99
99881
99
99
99
358203
710
44477
99
142614
99
129737
99
99
261046
83233
46034
99
99
99
99
23072
394901
180427
99
99
99
96
99
99
99
99
277710
407627
99
99
99
76913
99
99
525629
235923
427917
355629
99
12571
20890
372282
358446
99
99
99
99
99
99
432355
99
35158
99
100673
99
99
16038
30368
3700
81967
99
99
99
99
95
99
99
105136
141852
29269
99
428450
59122
111772
2068
99
277976
378711
111186
99
99
99
99
99
354646
520069
99
99
196073
99
99
5813
99
99
177315
99
99
81878
99
99
99
99
466292
172440
12233
99
99
405184
235340
98180
99
99
97
135504
139412
30079
99
15628
99
146019
96
60008
99
92682
26787
9432
99
159376
99
99
99
99
91214
379638
521420
293224
99
99
99
21410
99
64269
136347
207478
84326
263319
99
99
302000
99
65629
274321
245363
117001
99
310212
99
99
99
256799
99
54683
99
99
178657
216443
99
77426
99
229517
151299
185191
399953
99
99
99
63209
99
99
12205
76369
99
3765
196210
49468
470309
97
171002
1305
297618
215639
99
453996
99
20449
106882
99
99
80060
11390
31155
99
209170
97958
99
265907
2318
99
77535
99
451420
25091
99
99
407794
158404
116022
99
89
57256
64927
99
43880
202169
330041
99
99
74993
99
99
99
99
184689
109333
99
24462
68732
99
34494
1272
99
166824
251471
99
99
572181
545998
99
200739
99
445574
99
69411
99
99
99
175440
63950
99
730
99
112378
253536
96
20560
20581
99
294039
68318
99
26291
97
99
72485
97
99
99
99
99
99
135067
99
99
99
99
99
2041
99
99
99
99
99
99
99
99
99
99
97
99
519011
25021
78582
99
99
99
99
432319
99
99
99
151682
148905
99
99
58795
298991
167895
70269
95631
413194
99
99
99
16221
98
1901
241173
59148
102988
99
99
98361
129432
162678
99
203643
99
56484
99
47886
333737
458916
99
99
111049
212211
119860
29495
192908
3902
99
99
78774
99
141430
99
47412
99
166
99
5984
99
99
225218
99
99
99
99
99
99
99
102693
99
138012
119091
99
99
99
6759
99
99
153520
55130
36444
223719
21817
258223
99
99
99
99
99
99
481778
435054
99
31009
99
335235
50294
80274
99
144290
4178
344015
99
99
25821
99
99
99
141828
7707
499529
9735
99
99
99
553945
99
99
99
99
99
99
3686
489609
99
99
522987
99
99
62148
99
99
240636
629
522
99
73909
99
99
99
99
35004
99
71844
174653
3195
99
6540
392900
99
99
52808
99
99
98
99
99
16517
99
99
24720
99
313289
99
6284
326108
99
440373
396661
177573
99
99
19090
98
99
315893
12315
306551
116528
124458
137529
99
99
99
99
99
99
99
99
99
176787
97949
121453
123151
9466
99
99
99
182273
96996
99
99
10954
117877
99
271880
99
99
99
297487
99
197797
52
21613
121636
99
52253
99
555552
187303
99
2738
99
99
99
86286
99
33343
182594
99
99
14629
481375
62897
99
99
43735
156452
99
20824
99
40098
99
24177
72072
99
2984
256887
99
99
7251
271184
310981
416044
166490
99
80620
99
23144
99
99
14202
99
69746
99
99
13463
99
99
99
98
99
7589
99
37303
76195
96
98
97
99
86677
99
364165
99
295573
392945
343521
42257
111625
98179
139282
99
99
99
99
412149
14701
99
99
99
252427
99
283147
89986
97
373706
99
99
180254
99
227364
13093
191319
86958
15518
99
195677
99
110837
226651
379920
99
99
58
99
168197
6681
198688
340474
99
436669
99874
99
175300
8266
99
99
196141
145804
304025
88688
11972
4908
99
99
427630
43956
193662
457354
99
99
99
308916
171652
99
301377
99
53332
97
88473
86418
99
99
99
99
99
99
53548
342101
99
18124
99
99
99
408840
99
99
97016
8830
99
99
16401
99
99
368511
9355
325593
25272
99
99
99
11083
253650
182140
127515
99
509330
257455
99
99
226129
99
117680
99
135942
99
309187
99
99
99
99
99
99
405199
25637
99
99
138502
12204
99
476273
97
46186
396070
99
480919
99
99
84121
126201
351651
99
99
99
7508
99
164655
3584
37518
25803
99
99
291067
99
90
469
99
18103
72755
17338
228269
99
99
99
99
144656
99
636
155855
346247
99
418875
192503
99
140291
99
216511
469409
345014
303594
47975
99
52478
475986
15115
77344
69051
99
99
99
284897
99
162865
99
456
128180
66
99
4919
118383
99
71026
99
359278
31738
99
267068
21939
51629
27462
99
166808
154896
97
99
58587
99
99
97
575957
508680
99
220884
42108
99
99
6612
327851
6668
42765
64062
99
99
99
727
96140
349013
98
99
137580
99
99
403267
99
47563
99
78379
99
217532
99
37897
99
99
99
156852
99
256126
99
99
191882
33175
99
99
519064
18614
99
99
99
99
99
99
99
5859
99
1020
553665
59497
39290
99
457779
99
393489
229283
99
99
99
99
61370
99
27263
99
33638
99
99
99
99
26289
99
380987
99
493706
99
366801
94287
99
249256
307436
220646
99019
73611
153076
160102
535326
473405
79135
99
80541
99
99
28723
99
16260
99
102430
24241
14499
18337
379888
99
99
99
161647
219038
154548
70531
132172
1533
99
201155
190967
38560
87669
241756
318732
5541
483213
133311
14126
99
99
92969
99
99
112973
99
235705
99
99
67572
426942
99
7872
180186
190503
122094
150121
99
99
99
99
99
99
35567
148155
606200
141811
160072
99
270084
36688
530503
59711
185191
99
99
99
99
522358
19312
38625
3014
210816
99
99
223667
98
99
1442
99
99
99
137654
99
99
111083
99
459054
99
44653
99
99
278041
99
99
102909
99
452878
97
127558
104148
188208
23575
99
112905
97
61970
47616
44037
99613
131767
195746
99
168942
99
99
234497
34305
110059
99
271268
99
308256
107301
99
99
3798
99
99
491321
99
108374
99
290166
377529
94751
245373
29601
114957
330921
131210
99
258979
99
341484
5903
99
193631
99
99
98
548289
87139
42785
172802
166484
398697
99
99
241770
17374
183886
99
99
99
495222
892
22315
78143
99
60588
99
20856
112723
316609
99
5755
99
99
99
73620
407173
99
99
81991
66320
36368
99
99
240073
110265
64522
277236
66746
145877
99
134798
99
44239
99
218716
99
99
229789
293297
99
86739
340074
149458
282414
99
3268
28371
99
9
99
99
99
99
99
99
8226
99
67782
118015
99
99
99
2232
99
24157
99
50498
99
20787
103013
286885
283205
132578
99
12980
99
18209
98
99
99
99
99
33146
99
99
99
99
36621
99
115696
295457
3138
99
99
5910
381090
3692
446334
284267
99
82
298061
305390
9615
99
99
74442
35449
25461
99
99
99
99
38985
213041
99
99
99
99
101
17103
99
359780
99
99
9472
99
99
166864
1922
99
20931
62024
107610
121680
99
99
8208
263501
359731
99
152114
99
99
95
99
99
99
99
99
17674
99
99
183802
143242
99
99
2228
60308
483353
99
60450
99
11322
99
26563
99
99
173268
99
99
99
6514
99
42642
33811
99
99
370623
66501
97
36694
99
216078
99
99
99
98
99
99
99
99
223391
15416
234369
47127
99
112176
1337
187961
108536
99
99
115908
99
227378
99
99
104002
99
99
99
99
621
99
57087
181377
37627
202379
99
99
99
99
265223
48919
123258
99
99
169931
99
99
99
141949
23796
330583
13613
99
143695
35888
216176
99
99
157042
99
14790
151753
83698
99
99
99
99
160710
175574
410866
299784
99
99
136053
99
97
513299
88176
19875
218348
99
82870
546203
170832
98
99
1045
698
2878
99
99
33720
3858
112162
172782
171073
99
47815
99
264398
133798
64251
99
398853
99
6170
99
99
90838
99
6858
91553
24506
99
87740
99
307416
383856
279227
99
99
344469
99
99
99
4425
63546
99
99
99
99
99
76079
99
97
99
266430
462830
137952
99
3771
99
368324
99
125021
99
313782
99
303946
82463
178470
3006
488128
445740
52163
99
99
99
99
198385
209262
97
359749
99
99
99
30816
7813
99
99
99
223312
95
18364
136444
17279
99
99
99
269911
99
99
308029
99
99
77653
99
254255
83757
76815
206393
12410
99
99
25999
183591
25976
99
99
97655
99
94926
99
26486
99
65843
159095
99
342847
99
333819
20292
51652
99
99
66225
41698
99800
99
99
53253
90
131583
99
99
64299
157209
99
99
99
15978
99
109918
99
260107
99
32905
99
99
50628
66142
99
99
33666
99
185212
99
114304
99
99
101473
99
99
211569
89120
99
189082
125481
99
519450
99
100739
54430
474691
99
372218
240528
99
2212
99
99
99
99
99
210708
99
99
99
99
84745
99
405675
46457
99
99
99
99
99
99
117657
99
292006
27118
389167
99
184616
536149
474247
135924
99
99
99
16193
99
99
246865
99
53355
75133
99
99
99
91899
3226
312437
99
175528
178903
99
239162
78687
16938
285713
97
188065
35030
126553
99
99
193466
31890
99
99
351623
184915
99
42319
33398
99
351194
119088
241381
99
99
97
99
99
99
99
99
62874
99
325964
99
99
99
98681
113257
99
37254
448753
89352
155260
99
497191
250476
21561
99
10418
99
99
99
98
445146
34519
16759
193149
36576
26172
29540
413800
30808
385770
99
15238
320054
99
177744
99
57845
99
99
37721
174411
94
337303
99
130059
99
137421
99
149131
99
43987
110267
145791
99
97
4472
436509
6361
99
99
99
97
97
206240
252037
263766
164097
99
99
99
91045
99
99
276646
95494
172248
526357
84359
516199
99
5401
99
99
1930
491699
342178
69440
99
99
51712
106512
99
256039
99
233240
99
176829
99
91608
145258
99
99
99
65340
99
526146
20253
99
99
99
99
248314
333
307143
167852
168974
99
82422
99
61390
124562
419809
24216
99
88415
99
99
99
99
99
99
388930
262245
99
99
99
99
99
36037
178810
200471
99
99
99
112960
99
99
99
19857
169304
99
99
14213
99
66227
97
99
99
144043
99
99
41854
10570
46041
42570
99
71899
245085
24279
99
99
124114
99
99
208889
99
99
99
99
321796
99
99
99
99
99
450798
398315
99
99
348618
99
182662
36698
99
197240
99
99
234330
99
468193
58985
2462
176090
99
99
99
103936
298757
93724
99
290685
99
99
99
99
99
67388
17464
189023
92658
99
18481
99
99
99
4608
150361
38459
99
99
99
135357
99
108276
99
97501
199649
99
198401
99
22903
103177
99
99
41207
182091
3100
113724
231821
99
480104
68199
21684
99
99
99
99
4053
99
99
115886
132468
139462
99
97313
2248
252144
94854
5838
242804
206233
99
99
99
99
99
99
99
111374
99
109082
198225
99
59731
99
99
117403
221412
376689
82671
99
99
29381
99
99
122578
15716
549445
310329
99
224320
99
99
77117
173834
95316
228651
9681
99
99
99
150902
27626
141710
99
99
99
99
338764
99
153
290815
99
60906
99
99
83477
99
19489
10684
1806
290055
302493
99
43271
223205
99
455614
99
7053
99
16365
202629
99
511483
99
24295
99
409715
99
99
99
99
4728
115405
79056
95
99
99
72854
99
270249
295699
99
99
313067
451949
192705
206001
95603
99
110408
74000
19690
59234
99
172381
160362
92194
99
131829
99
99
206439
85744
312821
113993
99
462955
78
14638
99
159485
95963
99
99
367240
394399
102329
74601
99
58452
99
194759
99
99
99
117080
289416
99
99
99
63398
193375
99
99
99
99
99
111667
99
99
99
99
486287
99
919
99
99
35541
45753
99
99
33921
99
21797
99
99
135207
99
87027
99
97
115752
99
99
68770
30394
129594
99
80590
99
99
128920
99
99
128571
30741
215429
99
18932
73515
99
208941
99
30292
97
99
99
37417
99
85300
39212
99
99
99
112141
101709
99
78715
59967
2775
161410
107748
9746
23039
99
14252
99
285236
99
273757
99
456424
99
201801
99
16412
99
135749
255480
99
99
99
99
99
237
207919
497569
99
99
99
99
99
99
316839
648
33621
99
48341
99
99
70059
276368
56592
98
162893
99
98
99
99
99
231494
36980
159137
82999
62569
390580
99
16086
99
231267
99
99
136199
99
99
314636
99
99
28589
43760
99
99
2992
35359
99
171073
12812
99
99
286957
99
161198
97
155469
259894
99
16464
99
99
64913
96
99
240153
74744
251137
212595
128225
99
98905
99
99
3818
99
133525
99
99
19794
99
161709
99
3129
99
31365
99
99
223237
93072
99
99
99
99
99
46262
20632
99
271317
99
99
99
99
345601
99
99
99
14411
54384
99
206560
395570
361706
238225
99
99
193880
99
99
99
104138
265167
139950
255554
99
99
99
99
99
9220
99
114667
165551
99
4536
31399
149992
58615
16229
205705
99
99
69950
24348
54631
112669
99
99
260215
99
99
80791
79491
99
106874
11698
99
94673
99
133587
99
99
99
26677
43092
99
99
51675
99
83249
91225
30646
222186
26478
99
9423
377994
99
99
99
158343
81681
99
99
4725
99
99
39607
8085
11078
97
99
99
99
99
99
99
99
328626
99
154534
99
246464
128370
131685
99
58921
99
99
99
99
99
99
5709
309859
99
62267
469499
99
31794
99
99
99
5598
114481
47396
96
99
99
99
99
82713
99
99
99
95727
125569
466296
99
99
99
263064
99
99
99
99
99
99
99
99
536939
24716
370158
56633
99
189196
87023
99
512836
99
99
12540
99
99
99
99
317319
99
99
99
141797
303456
880
99
99
29918
99
226485
319124
99
99
99
99
550793
99
84169
99
99
99
73810
302113
99
11028
99
99
76593
39607
99
99
218517
65463
36135
99
92843
167610
72821
394286
77921
99
99
359542
99
297117
18385
99
99
99
439451
995
323150
423558
99
99
284044
57910
108979
340592
99
121159
109884
99
99
144528
99
99
68588
282512
67848
360992
371856
582419
100233
79
229178
20288
13816
99
99
99
33770
99
99
99
299723
520232
99
87031
164663
99
99
99
397325
14892
27651
141522
66385
20427
99
98
99
119041
99
2840
99
99
174003
274130
88729
99
99
99
43331
232125
99
277182
99
38141
398
280745
99
98
281530
31644
99
101712
76447
352417
429008
99
13283
99
99
99
193023
99
531198
266268
99
99
178095
287275
12424
99
167625
115778
201257
13182
99
23050
99
28523
99
70284
2133
99
164441
99
79921
99
99
99
508867
247900
99
98
98717
6745
99
99
151132
97
11783
99
99
6546
99
40049
99
99
229589
99
12571
99
127892
99
22883
99
99
283081
95
99
18745
99
158106
167743
99
99855
241333
99
11994
433467
93311
99
76193
99
241211
5552
99
99
99
99
160326
99
99
99
99
99
99
172155
86477
99
293116
203553
99
99
99
327780
75890
56640
38900
287120
99
99
99
3796
130133
99
99
12793
348422
99
99
40545
87216
386127
99
99
99
99
99
99
391753
99
99
99
99
99
148347
47866
99
344388
99
99
99
28029
9087
99
564509
264029
99
99
99
529618
99
99
99
99
219991
99
99
99
64489
99
99
84252
99
71
53623
94
99
4969
411619
99
90734
293705
99
99
99
99
5520
248704
201256
99
14439
118975
99
99
285994
99
98
99
99
154733
99
30871
99
184411
99
214776
34792
118502
99
27079
99
99
202762
99
197129
99
99
99
204430
143474
99
388804
99
99
189212
99
99
99
7237
59409
454754
99
53615
37940
21677
411491
99
405802
99
99
190822
3701
99
254544
97364
99
196946
97
195770
278935
54557
99
60889
5844
99
99
93185
247449
99
368878
99
99
407293
196307
99
266778
416687
195922
99
99
25224
99
99
5502
56770
99
99
99
70921
101179
99
99
99
182089
200112
99
358577
57232
138489
141656
19399
99
82643
17312
174826
99
99
124507
99
770
298009
99
54044
96518
99
99
468360
99
99
99
457880
295282
15007
99
99
146608
112791
97776
99
31044
57385
98
99
99
99
99
29280
76396
99
99
99
99
99
99
99
99
99
99
99
99
152466
93764
5525
79229
99
99
99
99
99
99
99
82187
99
99
294349
283552
559540
99
238105
357669
99
74177
99
99
30372
129626
6684
99
99
234934
50818
316558
15942
97
99
99
99
99
113554
190826
99
236294
99
220722
99
99
99
99
75853
99
131559
3905
99
99
99
50129
89917
11419
221961
99
99
19526
99
99
57669
374628
99
68242
99
157918
99
99
351581
99
99
99
59048
99
144797
113776
253051
100307
99
99
44849
99
99
99
99
99
99
174929
96
74462
99
59481
77771
99
55417
196041
44811
4290
97855
2277
125796
153254
99
99
99
309238
259369
233245
933
99
99
59011
99
99
99
99
79827
99
94594
99
99
99
140942
170361
99
99
99
124292
455026
86321
142945
99
99
145226
63544
21135
99
146844
140336
191768
84
38125
40097
263315
99
262871
435353
112651
93
258757
99
31745
99
89237
99
99
99
99
548860
86408
233261
38446
430193
99
13200
178025
99
7547
11082
99
99
99
99
99
151467
99
178656
28290
99
276179
53688
99
99
99
99
99
99
99
99
277920
99
99
99
99
5722
99
33797
384421
139254
99
44541
46976
99
27826
99
99
152302
54502
166309
99
99
27435
289389
99
21600
99
41549
99
99
99
17582
99
68650
352
216538
236112
348055
99
99
96
14636
99
99
186553
39779
80519
279125
99
232008
99
99
77501
12915
99
99
99
84
99
90
99
9812
99
99
323069
99
97
124317
82464
14829
106575
49279
295859
99
99
97
473923
99
219844
99
61287
99
99
99
39988
99
99
99
386455
99
64390
99
472782
99
99
265915
513375
396486
99
310078
448244
168892
99
99
513128
120542
99
41012
23378
99
207021
99
99
99
99
44682
99
12545
481340
99
99
99
331369
99
221138
62689
23201
313797
22911
99
17803
383882
99
99
99
147782
99
99
161979
163364
99
99
14372
14975
99
99
224753
5383
99
54795
485919
16779
99
99
246001
43388
99
99
279489
99
24971
99
149069
14089
1211
99
99
99
30061
97999
99
99
99
99
304431
99
99
137048
228068
99
99
99
99
99
99
99
99
99
99
44629
332981
724
99
115977
162217
99
99
26511
46894
83530
97
250889
313633
99
16730
99
99
83862
99
99
61203
180825
61198
133333
118850
99
99
99
32584
99
99
2132
364129
83
99
72420
99
373860
99
99
34332
99
99
99
208083
99
99
417848
99
99
90164
247381
99
99
99
252904
81531
207788
98
99
312412
343702
25974
99
99
99
99
99
99
91781
102032
41901
99
99
99
188448
99
391866
99
99
99
99
99
99
163244
99
219976
99
99
18
99
5470
99
99
99
270712
99
380085
21305
99
36599
4129
55472
99
99
99
107085
99
98
332142
140664
330009
99
99
99
36509
99
99
144922
99
99
408084
36392
99
99
323350
99
99
99
99
97
29102
99
99
12227
99
93
99
160834
99
221184
99
389890
99
179898
99
99
139931
99
145288
486634
99
139924
99
14385
360887
99
99
99
99
99
79129
213446
99
22809
88
17631
98348
95
99
99
127827
48215
99
99
99
24840
469715
99
193360
355788
99
16875
8614
38990
289641
29967
99
178
95
99
99
134662
303868
99
99
99
99
66404
99
99
243197
99
99
99
99
5848
99
99
276959
98
19317
99
2445
99
27877
275639
99
185390
180
99
2286
99
97
473105
22238
99
322136
289069
80573
99
190493
99
101662
99
99
19773
85789
39565
357535
343112
99
10955
126957
69045
14742
99
64158
99
99
99
99
120545
99
99
19527
95
246510
99
99
99
99
98
99
99
369627
173959
70565
99
64453
103386
99
99
192809
99
241403
137407
99
320224
132678
99
46226
99
98732
99
21817
92515
99
99
154998
274180
10896
153284
144212
99
99
96088
232629
99
41531
99
16710
379478
99
117796
479631
211926
63196
78373
6688
99
99854
183695
99
99
19782
99
99
405142
99
49747
99
99
88229
35071
99
259793
102897
99
99
99
10514
99
99
99
99
99
60688
99
395606
29333
80
122462
393014
98902
99
519652
99
103052
99
234078
336714
99
99
200783
99
99
99
99
313898
99
226920
79995
24033
33316
94991
99
5100
264494
99
157955
122859
99
281206
99
99
99
99
99
3159
63390
99
337291
99
123102
46803
99
235016
2728
365663
115054
99
597791
1283
99
20119
108571
99
99
99
145161
577
113564
99
99
26256
99
97916
57033
99
99
291845
134944
102646
152554
554980
99
193349
255852
1851
99
58514
99
52674
473757
26467
172236
99
165543
99
99
327228
95026
99
386069
99
99
188832
142235
94630
249686
99
265053
99
99
99
99
46234
99
297193
137548
157524
325985
245890
43747
1317
99
55578
99
99
99
37625
50090
99
106124
99
99
99
117115
99
222465
99
99
99
99
99
99
246600
99
99
99
76
131048
99
68827
50120
99
99
99
253475
34929
42613
196216
315175
39330
133994
99
102893
16714
54498
364959
99
99
175899
38991
225260
99
204123
74715
99
325260
99
99
99
99
99
495066
99
99
99
140887
99
99
99
99
99
99
99
99
7484
99
62599
76611
486588
237072
99
99
99
99
82163
99
99
67045
99
99
229958
99
108092
99
187304
500867
99
154879
79348
99
99
128292
99
99
76450
99
99
99
3903
243020
99
99
334971
328252
99
134847
34845
99
363978
99
99
148527
41770
6670
99
79822
99
99
116459
99
130020
308401
9883
137975
99
99
818
99
341613
45621
99
99
99
99
99
477362
99
99
99
99
160207
309719
312765
272012
11101
31929
99
260990
99
10450
266476
134073
480
74220
99
41644
349647
171803
20747
99
88001
99
99
99
99
51450
141295
97
15421
99
99
99
3231
99
99
99
99
99
99
241647
360147
349139
99
99
330682
50286
98
297829
116197
99
332061
99
99
14413
131059
99
58434
292627
146630
99
4652
84044
321433
99
278360
99
99
99
99
99
47480
388190
99
19170
251365
188407
11734
99
99
99
99
99
131670
100391
135775
99
204769
99
99
99
437610
134252
188499
269616
99
99
99
99
99
99
144722
185900
99
99
192452
5111
295956
20951
69158
387223
99
119161
99
135442
107310
68763
31832
144137
99
99
99
82716
99
496053
99
99
99
99
99
411451
140224
99
99
413935
99
99
99
99
240570
414028
99
99
99
99
27672
99
99
99
43737
99
99
333726
99
59267
265147
53710
213008
99
71566
534772
45072
31841
9032
307439
273603
50667
99
99
99
97
98
438900
298287
100157
99
55603
99
313038
99
99
154929
45463
162806
96
99
100369
99
47629
218844
99
99
73426
81187
99
99
99
99
111995
406357
128471
99
99
62997
99
99
120777
96
32200
99
99
99
99
68149
48987
99
99
1711
343927
99
99
561635
99
216091
99
467604
258477
99
2233
99
99
208868
42785
33136
99
346244
99
456350
99
54001
335603
99
9739
322111
254491
99
64601
99
99
2541
99
99
202715
99
99
49591
99
99
24618
99
22948
99
39708
20411
99
99
282788
360663
226280
99
99
99
54377
99
99
201118
99
3276
31493
96
99
33867
99
99
160629
99
168895
76131
99
98
58576
241937
99
62018
99
444000
43914
73943
99
190709
75947
99
81603
1393
99
99
382875
99
99
278574
37816
99
339599
24594
99
99
177683
133629
345182
99
97
310417
99
56847
99
99
148850
6855
99
99
99
99
97770
99
99
99
350981
99
99
99
99
68249
99
99
295633
99
98
96850
335133
99
99
99
84611
99
99
99
16025
15327
339200
240270
99
61524
99
99
99
212049
99
99
99
99
99
53515
150388
99
342215
231215
99
42989
99
99
98
105758
151313
99
99
99
50138
31375
99
254869
99
99
99
99
98342
99
20258
99
99
323628
99
99
99
99
99
416071
99
99
274517
99
99
99
99
296467
103386
182914
99
99
233241
76878
37217
240295
406477
466018
99
99
99
99
139447
99
99
72323
76462
220881
139124
99
99
305887
186861
33053
293445
105985
99
99
29693
79806
443816
47022
99
99
99
99
387253
99
99
333797
36173
99
99
99
99
99
99
145730
99
99
230537
3613
152009
312652
87927
170710
156772
51573
131225
84805
10194
158164
1302
156858
21563
99
99
99
72375
33675
132371
288259
99
99
87037
374
215699
128104
99
7849
99
99
99
99
247422
99
265131
38670
27467
99
49792
99
99
99
224468
99
99
99
43251
99
4223
98
35321
99
22022
29673
405540
99
99
99
98
99
89310
99
9776
102671
99
99
7890
99
6036
99
99
99
263851
99
19255
99
99
4452
99
187507
99
99
85387
99
20782
96
121232
71367
99
99
99
2263
82600
99
4995
109563
344072
130073
99
99
99
49671
128189
3101
99
99
160527
99
99
99
98
320831
99
21416
21508
98
80999
111179
87801
34284
99
99
177819
219840
99
99
140384
99
1352
99
146316
99
99
99
99
99
67900
99
211621
99
1280
266177
198542
99
341
16372
40474
99
99
99
99
448211
99
35548
99
99
99
212056
99
116225
99
99
99
225453
99
547689
99
99
123611
132480
99
52457
4702
377037
222022
60765
99
99
79424
99
19132
99
99
176041
475935
410209
99
63016
165687
24664
80245
189090
98
99
99
12957
98007
99
210647
99
287362
5467
99
99
99
99
268844
362487
75243
99
99
340320
252460
24556
99
99
25348
99
99
99
99
99
149869
99
14873
371990
99
92004
251819
99
31783
346298
99
99
99
344716
59712
1967
14509
99
280524
99
99
72087
99
144836
99
99
99
99
65951
1159
41771
23996
35121
10650
99
218916
99
99
17610
543827
67562
55793
99
99
99
3466
99
99
99
66610
99
99
41584
99
10393
99
99
188125
430165
320523
6616
99
99
99
99
99
99
3057
103335
19288
300595
37016
99
480625
79081
99
99
96
172189
99
183730
191850
99
3830
62719
99
99
99
210534
75546
99
556409
99
99
9949
135216
294158
6812
99
61161
99
99
128202
43549
68533
11883
560972
99
139638
23666
99
99
387979
2021
99
4783
99
99
112186
99
409957
42141
85382
15557
99
99
99
98
99
69922
99
371677
104
99
99
99
361664
99
347396
72738
99
168006
77793
972
385494
490593
423297
99
134644
99
345464
99
99
15437
99
7619
172095
252000
31858
99
99
99
99
316630
13339
486215
99
99
99
30154
99
99
99
6171
99
294
65037
98
111397
99
99
99
99
99
99
249628
99
99
41550
64686
95719
99
99
96
72550
99
285951
127623
441910
99
1262
99
210810
249964
94903
99
140825
99
99
99
99
106390
99
99
372092
99
155495
99
99
113063
99
99
99
89490
99
99
91042
21167
159894
176522
290398
12854
99
377311
99
99
75651
99
83350
212203
78162
99
225995
137601
99
99
99
99
13076
330904
16919
525234
33961
184751
16286
99
99
99
99
99
161838
99
97992
18505
99
405776
34130
2850
86570
99
99
16677
99
297950
225219
58734
25252
96
99
99
540623
99
99
99
99
295156
95
99
214614
99
259637
99
193729
99
43598
447520
1681
131848
85638
17397
1961
99
329862
369461
21051
6408
82748
50393
99
99
136135
99
202720
99
99
95243
459008
99
136629
99
101827
99
1422
99
544
310346
223726
99
63810
139427
99
99
113222
99
99
99644
99
99
62000
7909
202596
99
108819
99
99
201387
99
99
3917
174173
234561
296847
99
99
47969
99
329097
8055
99
99
386195
291394
99
215815
99
440453
457984
66643
18424
18453
241019
99
99
134411
124528
99
