3454
99
90059
102621
27425
432009
99
99
99
125354
103342
99
15961
99
142449
442377
56271
99
99
99
99
295766
99
19413
443475
99
99
99
99
71316
42640
99
253977
99
251621
99
99
25855
97835
99
82509
99
196913
68242
74803
278183
98
53926
20516
255041
518205
110079
137869
25777
397940
99
99
50933
443000
518130
539997
81065
99
84376
167241
153355
99
34399
99
99
99
244883
98
65610
38534
99
99
181335
99
99
397872
99
8743
52551
99
420585
99
397075
99
39656
99
217848
343888
99
99
233117
99
6079
99
99
99
99
99
99
484618
99
76710
99
71002
99
99
158338
135303
99
519785
99
99
201048
99
99
197055
7229
49210
138831
99
99
99
11672
99
255726
2568
100800
173725
247727
99
71902
1578
99
99
99
119183
99
99
156570
117512
99
262337
456526
99
148015
99
56419
99
1589
160911
99
558066
99
130777
469984
99
136208
72918
99
99
6174
99
258450
160366
62258
99
27749
223788
99
225999
99
99
422527
21883
294564
32760
67232
99
85141
41949
99
99
99
236748
16394
99
85899
99
199375
99
273125
28058
99
435613
89005
99
160041
99
99
99
98127
99
99
99
434725
99
79474
99
25443
99
99
399820
258681
99
99
99
99
99
25927
99
99
396932
99
130110
99
99
99
54926
99
99
330512
93210
99
213016
99
99
99
458689
243716
99
99
4053
99
7166
285035
21388
96
99
99
48324
99
73936
147431
99
5371
169855
337198
99
350240
94453
99
236224
412404
15036
120064
99
323504
171316
350383
180389
99
8163
99
99
249134
99
115781
131302
99
49779
99
99
84985
99
99
52755
99
99
448511
333029
350959
99
99
78856
6656
13796
99
99
99
99
99
99
99
532744
400342
13464
99
99
127019
99
99
99
99
99
99
99
39979
40026
99
99
99
239161
99
59827
99
99
347840
101416
99
99
99
252828
99
99
26091
206691
99
99
244507
364808
99
100905
99
99
24749
395155
99
9535
22039
115049
99
99
307520
99
11724
99
99
99
99
99
109409
99
31529
99
99
33690
14461
99
99
454723
99
142210
99
99
99
99
261535
99
79672
99
163864
108734
99
61082
97
99
253209
46556
99
99
153586
56075
96
45674
85725
99
99
20799
99
12617
377805
106236
155407
99
30286
99
99
99
99
99
28535
99
99
402393
332273
99
99
287098
40069
99
310715
3260
134868
228745
99
99
9391
91477
129075
35177
5634
13529
206397
63226
329713
48906
99
99
99
99
299526
180732
99
225556
126089
99
4588
279668
182068
99
149554
99
316078
3927
95
168618
101256
92123
99
99
167002
99
99
414181
99
99
99
18631
50081
16790
13
99
87707
402283
125564
297759
323379
98
99
146276
99
99
99
175810
88393
86199
297440
85820
99
99
99
69023
134107
99
40108
99
99
99
184104
99
99
177931
99
99
30540
109903
99
50843
99
99
99
252694
99
170092
99
99
99
99
99
99
121283
99
218489
99
99
78279
22152
99
99
28214
99
186917
149617
99
226829
106772
99
99
99
99
99
99
99
99
71997
305557
99
350232
15624
40398
67223
1091
18159
99
1928
98
360220
97
227427
99
1599
99
348928
99
99
99
99
20058
99
99
147505
371748
95
99
143813
100564
57259
99
44487
180808
99
52239
317028
99
99
99
88515
99
99
99
104081
17397
26089
391158
257693
76176
99
420577
79862
99
292305
27392
98177
99
99
99
49998
408825
44749
99
94971
99
399027
63889
604848
99
99
32940
110504
396434
27776
99
133011
99
98
99
99
130720
99
31711
2033
179212
71752
121749
99
369117
34700
272564
99
37076
157477
89405
99
99
334862
120305
99
99
99
99
55056
99
99
118088
17260
99
154028
99
80145
99
99
99
99
47527
99
537350
99
528513
5491
34097
126446
99
224339
3262
99
99
99
27037
6999
99
99
140730
99
218515
99
57390
99
196005
99
30599
22340
99
98
53181
99
382066
99
167580
225169
255449
99
99
149540
99
2097
230405
339866
99
99
270453
36020
99
99
159958
99
99
44999
99
99
99
99
99
253795
49707
99
99
116201
99
99
396925
40501
395433
99
71495
99
2400
99
99
99
74326
99
23695
99
99
99
48098
190957
71220
69912
99
462234
472821
78956
99
99
376674
66529
99
148723
106423
99
249445
99
99
99
71404
257545
99
99
548133
9555
35302
99
99
102662
99
148442
99
99
12571
99
99
41073
99
99
99
27826
99
99
575999
99
492079
99
99
99
99
25610
35043
149133
13060
99
99
144612
448627
607555
123070
8568
164365
56333
258992
99
99
160904
102032
7691
423229
99
436345
12456
99
436821
225460
167800
114509
99
99
99
99
99
65794
99
99
99
331854
17442
99
34334
99
38444
175146
81529
129967
81092
89768
75962
307259
99
99
294797
48851
169577
99
301061
99
12623
99
99
53803
12450
87532
50052
99
440760
59659
99
99
69657
268024
66973
99
64520
99
49250
189034
99102
37001
99
99
99
119049
276768
99
3795
111773
99
138180
35028
99
1406
99
99
38018
4912
99
97
99
99
1794
99
113481
99
94249
99
99
282138
265959
99
112224
99
99
48359
99
51409
92112
76361
99
99
99
67621
160399
145073
263892
99
31267
99
131287
99
26511
99
12533
99
99
99
14963
100201
305644
99
96
99
99
99
99
81846
28453
518851
80039
99
419950
99
99
73493
99
99
439003
95
91174
99
268528
234485
99
99
99
99
497705
352332
271978
203933
13747
157387
99
154427
99
99
99
99
171285
99
99
99
99
235195
31807
99
112220
99
99
99
2035
99
99
71244
78010
13320
116211
99
382720
99
415757
463298
31467
99
104628
326344
263126
91069
99
182332
210221
181353
7772
21928
41117
226123
99
429025
99
360311
254659
40486
90983
99
99
387013
288607
451846
113636
229126
313136
99
99
561337
337887
99
99
17584
99
5975
99
99
99
18777
99
405709
99
140990
68540
18665
18497
99
99
99
99
99
99
99
99
1203
99
99
99
99
99
14490
99
99
99
185359
99
345600
123116
279222
382980
99
99
87806
33880
551842
99
284988
99
99
99
521127
99
368039
99
20814
99
462958
170839
93357
115519
99
240658
110737
99
515813
77463
99
99
99
572200
99
593677
99
63112
99
99
99
4383
34403
99
99051
89311
99
138123
11556
29181
99
43980
99
124898
259668
57204
99
99
99
99
99
5516
99
11633
99
36221
99
161967
95920
9604
99
50659
99
207479
99
99
44768
537071
97
99
52264
138867
209499
248690
45786
99
99
5281
99
18524
99
79218
99
88091
132188
73082
93486
338707
467155
99
99
99
99
37826
134778
79761
95
23085
99
75939
99
99
85811
370840
99
99
99
123210
99
256934
1349
246908
99
99
99
99
99
187220
246097
99
99
99
99
99
99
13822
152374
396279
99
216942
99
99
20155
99
99
92
99
3696
99
99
300512
116
99
99
22713
131943
138487
99
99
80434
99
99
446670
99
99
200042
14936
99
99
99
207820
99
45783
18243
99
176495
92700
99
99
99
72269
99
195570
468863
99
3701
99
8897
99
99
99
99
176034
99
33169
99
57640
6643
99
99
99
99
99
73996
147060
99
8450
72461
99
26978
99
29097
205483
156283
412477
99
99
99
99
279923
99
386183
129904
364139
350865
99
59118
99
16231
99
159941
391495
99
99
219635
99
99
99
99
24062
99
99
99
48472
147012
169
99
61023
99
99
69556
156545
184047
339175
188733
99
99
99
250137
99
99
99
206810
88274
44627
99
56840
99
99
99
99
99
99
533300
99
99
99
99
106276
247035
22995
235190
20069
27351
99
428887
99
99
34200
6431
14525
99
99
38120
424870
67694
99
99
149049
195556
99
73761
99
99
357715
208957
99
99
99
99
99
99
454800
99
99
99
99
44556
99
132412
99
173687
99
99
516725
99
99
99
99
99
99
99
54908
99
267363
99
142917
236636
188627
32668
99
79193
99
99
99
29829
99
280115
37338
99
221151
274671
97
209656
99
99
2634
99
265979
99
145856
158865
214483
99
99
50040
392301
285218
99
146189
216136
99
99
559691
99
99
99
35091
99
99
99
318209
99
99
99
234
163390
152842
99
243606
30988
452371
164536
99
472876
99
99
43750
115281
13687
99
378935
99
73379
379435
513418
166730
2320
99
28566
366724
175410
40981
99
55312
21813
99
95478
249284
349122
37400
124367
99
198363
99
75596
99
50863
331630
99
99
165608
99
99
99
99
387225
135960
229752
2311
99
99
289271
99
99
379316
393216
99
99
99
76956
764
99
99
50909
50264
99
99
99
99
30935
14408
218942
64868
150336
99
36820
99
41590
99
47332
99
99
99
212610
99
99
99
197812
99
136671
86
127090
99
99
99
99
234321
99
99
109350
99
353120
272878
9686
39333
99
99
221142
182967
127220
99
99
99
99
455521
99
99
81177
105256
99
66063
1353
241500
59845
174006
99
99
99
73330
1326
9392
99
99
99
10103
99
36629
9017
100536
49559
99
99
137630
11550
99
6323
99
90504
99
99
99
51263
99
99
31440
9465
87388
153383
99
199467
99
350979
317753
26626
99
33221
142529
99
99
83273
99
2414
99
376669
99
99
99
161718
398668
15816
70902
99
37449
99
99
99
99
22405
99
99
99
88417
178700
99
99
99
99
15442
128127
260859
11948
29406
284512
370127
99
213559
99
177409
24015
99
117653
99
99
158879
100654
77760
99
88070
99
25348
1549
207528
14178
278897
99
357004
18088
19775
398187
99
444273
104465
358166
168229
96
251452
561117
99
41035
99
95
78219
94894
164348
99
155035
99
99
99
99
99
99
99
99
174586
99
23876
99
124564
99
99
71363
3164
99
99
148904
282447
460043
31724
99
11091
78518
99
187683
51754
99
99
8876
99
99
99
232396
203656
99
44370
114629
60074
124817
99
21884
99
28548
99
23921
99
1440
59981
17873
91
99
188860
95
4823
10494
17175
99
2034
99
83585
338314
99
39308
107335
99
99
293520
99
99
89033
99
99
451482
118670
125351
99
99
99
505296
99
99
18387
66967
99
1717
99
220616
99
99
99
65976
99
99
99
59957
99
99
337604
99
91657
59097
67163
99
40106
99
141945
99
57228
99
222489
160396
99
156330
144675
259702
158749
99
99
318695
99
7087
99
99
86421
99
99
88895
99
6731
74347
430438
99
99
99
99
99
99
99
26988
22377
99
280012
98
99
99
99
99
27751
237663
576655
122795
99
99
99
95245
11520
99
68765
99
2907
99
288216
55
99
142226
217276
115057
3029
99
99
99
206087
99
99
279594
99
293581
46994
99
99
391216
202488
99
25536
271878
99
71398
99
99
99
99
99
99
76874
241957
135266
99
99
99
99
182791
34850
252704
259719
637
73354
24563
99
99
99
99
177569
99
189343
99
140927
99
99
83954
99
99
11528
99
60933
99
88
215855
99
99
304925
91866
25173
184468
455338
103531
318242
328888
99
3557
99
122997
99
99
99
278468
219479
99
70681
99
69206
99
27411
54489
36955
99
99
7394
99
99
99
99
89501
6892
6524
322243
99
99
99
99
99
5143
99
99
99
99
99
429912
99247
99
170284
99
78263
99
201066
302065
99
99
99
25027
99
99
234824
59784
99
99
99
99
440436
67572
304388
99
42811
81837
157335
120035
52435
99
99
285264
315510
99
99
99
99
99
127406
199094
99
99
97
99
99
99
99
99
99
66505
350360
6757
99
99
99
568746
417814
188872
99
99
85821
99
99
99
99
99
99
289080
99
334385
99
99
78739
299743
99
48187
99
99
99
120233
242934
5003
108419
99
793
238687
99
99
99
99
191866
99
62006
99
81312
235153
103067
94740
138834
99
23031
257756
99
241907
120172
4553
99
99
99
99
99
20724
78937
230458
99
233110
99
99
272091
316080
86817
99
99
99
99
137501
99
99
99
99
17332
496396
99
89
99
710
266406
99
99
29371
105658
113170
311111
84503
99
4007
53660
99
99
99
99
99
42209
99
39343
6325
253833
99
1146
2278
99
99
238765
224446
99
364634
333658
99
455035
92783
318737
99
89068
99
150436
372327
91053
211944
164258
22671
13805
36420
193225
99
145758
155211
99
99
55481
99
99
42796
99
172734
287773
499122
59989
99
103313
230006
99
99
234465
99
99
99
99
322692
99
99
99
99
8078
99
508627
99
99
85054
99
99
99
353509
577469
99
3018
23476
99
92890
99
69805
99
99
99
99
9170
99
99
98
99
198382
99
99
99
233539
10655
1563
3951
99
223423
40104
99
17548
135649
23208
184392
99
152730
48485
99
96840
423124
99
132602
403757
99
99
522160
99
378669
245179
10451
99
11816
187627
11301
240665
99
9633
99
393602
99
76
99
373771
99
94
139256
99
98
338747
99
99
99
99
99
26813
36081
37701
36902
78888
231530
99508
99
99
99
21410
99
46183
94
99
99
14550
99
112301
373279
99
99
99
116913
65825
136566
99
286183
6990
330778
99
240423
66337
99
99
36196
99
97
150813
360657
99
138557
99
99
130779
332905
99
99
99
99
130921
106920
19170
22688
99
99
170491
99
99
118968
73121
99
7770
99
99
99
432061
95
253421
99
99
591886
99
99
42173
99
134594
410731
46804
11463
68218
17317
98
960
4358
99
103433
80304
99
266468
286843
99
168712
99
99
16389
194108
1233
99
99
99
99
99
99
99
379278
8905
52093
99
418784
136549
99
14427
96248
99
99
99
99
155581
8350
419659
303093
217284
99
99
99
58092
99
43644
99
52247
99
99
60448
99
99
44497
99
90
43125
51794
99
14440
48927
237014
99
99
99
5221
99
238761
358418
99
140416
74983
99
99
99
99
113844
99
4425
99
99
99
95324
99
99
99
60936
7752
99
99
476672
202138
99
99
99
99
102123
99
49794
64634
99
384954
99
99
99
99
99
296462
99
99
16242
481602
154800
99
94856
66955
492430
373736
99
325545
99
190168
98
9856
99
190939
184608
99
99
99
99
238777
296240
99
330041
99
99
99
92
99
99
99
99
66487
604059
99
73542
99
99
549803
332561
99
99
99
332956
99
99
361528
99
39816
13485
5625
99
99
291167
148965
99
99
92170
1400
99
108061
99
99
99
521005
441376
99
99
125449
63631
81302
99
325973
30204
99
95
99
99
423068
99
111610
99
99
3873
99
99
228617
621449
460178
99
35507
99
57873
99
97
99
21773
99
99
138952
99
99
388434
98
238625
17295
99
26662
11344
101580
170817
99
99
99
21179
250819
99
278316
99
99
172720
99
99
67533
263946
99
221204
99
99
99
99
28685
99
208375
282122
331291
22224
112751
143141
99
559255
191808
99
66
45982
293119
129575
2334
99
70290
470137
99
99
99
174303
149075
99
194262
174637
22295
99
99
147749
99
371533
301902
99
33671
99
608016
99
75595
19905
142295
257610
113054
185419
108708
99
30438
183531
10996
450523
6971
99
99
99
99
99
14581
145367
359759
99
222206
329546
99
285414
99
55214
99
53735
99
29635
86308
99
217108
239541
99
99
51844
201970
47617
99
22663
393462
270968
124766
99
430958
413208
8087
420780
142048
99
45201
99
94818
134160
292043
13688
203071
101131
99
99
99
99
194437
927
279796
99
99
272658
336602
99
99
99
99
12992
99
202964
99
269431
196594
99
99
99
45295
99
53203
99
207913
99
99
99
99
217993
99
114325
15306
32189
99
99
33659
161298
99
99
125288
384639
99
123148
78561
99
99
26405
99
99
151702
99
99
99
16883
99
97
24731
896
99
326221
99
442281
99
138688
99
390845
99
469355
193225
99
9067
36408
99
59910
99
99
99
143185
99
95
99
394677
118821
99
99
31456
99
99
99
15173
98
99
99
99
576710
98146
99
99
99
99
99
141968
99
99
99
99
99
56234
45275
494214
99
99
99
403702
26733
31834
99
275052
99
99
99
449203
99
119280
99
157503
89457
99
54614
127226
99
85863
27409
367661
169889
99
99
44768
145896
56526
21866
99
203789
99
6172
2169
99
21665
515673
64200
454812
99
667
175853
123142
184808
99
33260
60550
99
99
38395
6190
37894
98
98120
199597
99
253719
99
99
13247
223586
99
99
98
99
400931
484302
78315
180227
248930
8333
99
170723
92
99
99
120894
265782
99
129641
13820
36093
99
99
168051
44242
46231
358687
99
99
310875
81684
13533
99
99
99
244216
171501
99
368166
56130
227307
99
99
55222
99
99
99
33526
494478
99
48393
77052
99
132150
99
99
5856
116924
206286
99
284555
394
97081
99
410666
68046
99
80540
99
99
99
141298
597446
189487
123996
66190
288327
200091
99
38728
99
99
226456
253324
206200
126152
99
386618
231514
95970
184370
99
99
404835
99
7192
20876
99
239697
26519
66906
99
118688
158851
99
168838
117638
30310
15965
224623
18408
99
99
99
31519
99
99
99
291780
99
99
49524
584384
99
105838
2848
10422
154714
99
99
49087
51245
99
346169
171740
421487
77467
99
99
215135
99
99
61427
99
99
101867
281196
382487
17788
87
160847
206901
99
99
99
99
149688
99
98007
99
73739
67944
99
448303
99
7304
37903
276310
249
99
99
67678
95491
99
99
6101
99
99
78254
99
147399
143706
99
99
57198
99
99
78227
99
34381
61267
594
374716
99
99
96
13552
369
36188
99
99
17482
390524
99
49713
102483
99
35224
99
32062
99
292800
97
3244
1542
99
62903
99
99
99
99
99
99
99
99
4937
99
286704
99
99
99
99
56592
99
132561
79105
482094
99
99
83408
99
99
99
416817
405291
49901
99
99
99
99
99
99
99
97
99
99
99
99
99
49215
95
99
2726
99
86300
202735
11608
3340
99
99
99
98
99
99
99
99
99
98
165336
99
65249
50258
504091
452992
99
61003
99
4059
25300
99
2763
12483
99
99
99
180679
154387
99
99
99
99
13343
99
99
479960
99
249601
99
99
99
296205
163860
526156
99
99
98
99
300294
173180
99
99
23751
99
469805
262773
99
34333
71238
8314
16154
30073
99
137932
99
99
99
23313
99
99
99
21880
99
364633
99
99
367258
139559
99
99
99
5497
99
12183
99
99
500210
99
45387
99
99
99
134237
99
99
31183
99
50306
290163
125236
99
9991
99
219430
25264
505446
504775
220743
99
99
99
61612
99
148545
429518
304968
99
99
99
209382
99
2414
99
128028
89331
99
6428
22529
34749
111028
60153
99
4477
99
99
99
54654
531
99
161075
99
560
99
279148
99
113303
99
99
6134
99
171102
20706
436884
114757
181106
156097
184225
99
99
234688
99
17464
545
19676
99
123465
99
99
99
99
39385
99
275732
99
124946
368022
305
99
99
11613
85900
3655
86450
11150
275270
16831
99
99
329169
99
99
99
99
81274
99
99
99
99
99
312323
367925
99
30751
62453
43821
99
319166
99
99
99
136303
99
99
272310
117440
99
99
460
99
99
388037
99
99
147859
99
494261
99
99
99
99
99
99
118648
99
373695
99
22598
98
99
99
2341
412057
255628
176958
99
99
99
99
99
19810
207031
493281
99
99
336311
116224
202036
229154
107058
185222
169728
99
99
99
40976
16406
354333
99
339997
99
99
25123
24003
82728
41108
191921
2205
99
258472
168192
99
81070
99
99
193919
99
99
99
99
99
99
74949
99
1373
299354
69619
197511
99
99
99
363118
258333
24571
92545
99
99
428117
99
99
85851
99
280606
246442
326480
99
99
274281
99
99
191906
99
99
187206
99
99
99
99
273592
135801
79042
99
42298
99
99
99
107149
99
99
225440
99
99
99
431559
186070
99
99
99
303678
99
39701
99
99
45347
99
376171
99
79498
19769
95
376518
99
99
99
99
2597
62674
245299
403730
99
98
99
19172
99
85554
305860
30866
117569
14988
99
10767
99
99
247895
99
234276
86425
99
99
26688
99
220438
99
99
59501
98156
169837
99
99
427463
99
99
99
99
57668
99
76120
4304
14479
9404
78749
473201
79265
99
99
99
99
99
99
99
48041
99
98
99
32051
99
221453
99
145769
86
55998
225064
99
417397
172765
296748
99
99
99
99
99
222791
99
433710
99
131048
99
99
249009
108765
2209
99
355512
16034
99
99
99
99
219529
518695
54950
8359
148940
147698
379507
72210
99
12977
70415
99
99
20843
155959
99
99
36998
264666
99
209937
62507
99
79081
4160
23522
17637
99
222823
99
80486
74917
79877
166431
7550
20739
99
99
99
116557
99
450189
99
99
99
99
418437
99
7904
99
117222
98036
99
304748
217780
137677
99
254613
99
284134
25473
99
332952
99
97
99
99
120117
88260
32221
95290
99
407751
99
99
99
8332
99
239886
99
99
19146
99
99
218212
99
22711
458984
83127
99
99
45261
99
387678
99
6512
505417
298236
304742
5027
99
11509
214639
99
30191
99
99
118571
54192
122645
99
33435
99
297976
479016
2945
99
99
99
99
422352
99
31137
27346
202361
99
56466
8108
477448
345268
99
99
92
311768
183978
99
99
153503
4339
99
516854
309259
99
96095
99
38054
99
99
99
99
99
99
201202
83693
99
90443
99
92
55468
251617
98
99
377137
99
319212
99
21853
99
99
99
99
48176
99
143803
99
427905
99
231774
198130
8586
306734
99
61795
276886
143588
99
99
4334
268611
122439
99
99
99
105390
260453
136910
319879
258330
5714
98
16808
99
99
105842
191673
7296
221513
75261
61534
99
99
38602
99
98
282433
99
17588
71051
229548
61282
263127
181555
99
100151
71838
99
99
215282
99
99
99
9784
99
104282
198810
292768
272481
99
278023
99
99
99
99
99
405940
99
120060
99
99
54166
99
99
99
99
115133
53025
99
99
25778
89427
99
53143
99
72815
99
7674
206218
99
66507
18913
83761
161664
99
189514
288
208775
474314
99
29676
105898
99
261246
99
96
212455
207282
162036
99
176339
160408
99
121160
99
104877
99
99
99
440687
99
51998
214356
28052
99
99
103522
298332
113133
99
99
184428
99
158395
210381
85371
162208
99
98
99
99
99
99
148180
40007
99
99
99
99
46200
99
2539
87263
48662
105762
99
99
224488
99
12696
99
421541
99
115911
52355
99
99
99
99
345455
99
99
110143
180264
179505
160246
99
204878
623232
99
33903
137692
52219
190517
317785
7580
95
99
99
99
157138
99
273097
11346
99
99
99
273399
99
99
99
99
106054
99
234447
99
13597
99
376996
26700
427919
99
43917
242734
151408
99
99
99
99
39810
99
99
99
99
364892
99
143933
99
99
99
29882
371824
138785
513947
99
99
118451
371118
99
99
99
99
2987
115877
99
161119
99
99
99
191051
99
6653
99
5412
114957
99
48740
61151
99
99
99
99
382733
39350
475983
19937
99
99
99
98
99
190863
99
10271
99
129521
987
99
99
99
99
99
99
165635
99
91123
118070
99
94
99
99
268229
99
99
167592
99
267169
99
99
338297
99
99
343167
136
99
99
13344
99
410291
32193
172822
55269
99
15655
89371
194399
99
58683
99
99
23980
99
287025
99
99
99
99
58411
1872
179961
369706
225212
99
99
140239
13468
99
186087
99
99
99
194517
90505
60348
99
413748
185131
99
99
43360
99
99
99
99
99
99
242479
2977
99
99
41747
55397
133425
79235
9969
708
99
99
99
463956
314586
123188
55519
99
393036
363605
230136
242396
76053
47593
382127
1441
136860
52469
65420
15107
79488
189019
99
479717
99
3125
23511
433700
30984
4237
45606
87146
379460
47982
315763
257417
99
99
2353
98261
372505
99
4115
99
18410
17060
100004
99
99
37191
99
99
20265
44182
99
77597
99
285731
99
180111
43110
99
84565
195573
65581
420702
99
99
161943
99
99
99
50623
25871
99
99
115084
99
99
99
99
99
5591
21241
99
6408
99
10553
20992
98
99
348005
99
99
99
121518
205043
99
314159
79428
292784
126895
99
10089
178606
99
376362
31302
99
12262
14343
99
54749
63014
99
99
99
99
275560
99
283405
99
165441
6461
371747
19737
99
99
99
99
98
136114
99
99
99
99
99
99
108083
99
99
99
99
29063
254320
81490
114410
99
99
116724
14320
99
99
99
120122
245472
205696
2186
23450
219888
275177
156950
75843
99
99
99
195089
99
135362
54099
3541
51288
83766
99
99
99
472915
99
36333
17641
99
99
99
110165
343331
99
188403
283220
68
115423
99
99
99
99
99
18229
99
99
99
99
315485
99
99
34918
99
99
99
99
360072
231493
52170
317717
53812
332852
99
289985
99
63709
28134
99
99
262094
99
99
6791
99
114970
29884
125780
62222
99
99
924
45954
99
4435
183171
99
99
99
99
99
99
273541
99
207810
91746
99
20114
107183
95
256393
243459
99
99
99
137868
222868
63839
99
99
99
10881
354749
50054
99
99
99
99
99
99
162839
99
99
122028
99
65779
99
281153
99
99
99
99
5662
499814
125581
192858
54599
99
99
99
98
99
99
99
99
260012
24049
98649
99
99
99
99
12142
203894
99
99
99
95
107984
107177
58148
255731
472577
99
141424
40722
99
61385
95
99
131962
122685
60424
99
99
99
99
99
99
99
99
170880
99
99
99
97994
99
99
99
74720
98
99
99
372622
201260
86505
32948
311723
250169
99
18018
99
99
99
425187
147761
65281
459253
1782
259772
91319
237847
99
335432
98
164320
20333
99
357796
70206
99
99
99
13005
207759
99
93379
99
61195
102039
99
38748
99
95
212162
99
99
461947
99
211608
97150
53632
372103
46599
142678
147426
144254
380487
99
53299
99
318654
99
99
8412
99
99
99
99
99
10308
99
4050
250182
99
121514
99
99
99
99
99
99
99
252120
179884
423714
248869
39620
95979
48753
58347
99
386333
99
99
99
99
99
99
99
99
99
98
50373
460054
123721
77626
183362
99
112712
238
99
153238
92
65633
437207
225046
18924
61613
249324
88855
268293
6119
99
52489
116762
99
99
19996
37681
24973
277764
99
99
281434
13862
99
99
99
99
99
99
99
170461
50274
141063
536456
25932
99
99
70882
99
20751
120811
370585
307407
46663
133607
4710
99
187956
146873
222164
99
99
99
92
538777
92905
99
26164
589838
99
99
99
99
99
163648
99
99
99
255162
216094
99
158327
99
99
4903
99
99
99
99
21857
310781
99
188274
99
95
103783
99
42693
99
108459
331254
99
99
161535
396380
99
28778
19911
99
219881
92
99
99
42747
115576
159361
653
99
99
99
5977
296489
291397
99
72333
99
99
99
99
99
421283
257223
99
99
99
6797
99
99
30686
99
11487
98253
99
99
57838
99
99
355818
236726
99
163049
92535
243902
112935
108369
521994
26094
4488
99
99
67684
295593
48438
162606
563783
25134
99
99
77058
177651
99
99
65823
220976
294007
42619
459244
89072
99
17890
51179
99
240025
502563
99
325732
78531
99
138044
482662
40928
471160
84
99
196954
99
99
347416
13767
99
99
155100
99
99
254987
99
67114
384895
21230
99
161017
133688
78750
200523
56667
73075
23501
292093
380423
99
99
565582
99
32770
397358
99
67375
99
99
99
128415
3721
99
98416
52992
99
99
31920
84189
99
99
99
99
83957
283788
246724
386703
99
99
99
6038
83175
56709
73351
98
99
169613
99
397463
99
99
99
99
99
99
312616
225006
571937
107991
99
99
99
75242
99
99
36623
13370
99
99
107189
99
88590
99
316022
119139
99
99
95
445445
395514
99
336091
318542
151411
99
99
8288
97308
109968
99
99
99
99
99
126127
67350
99
99
99
310894
51136
99
99
99
99
103634
99
99
62290
19864
266
11600
99
188518
99
107638
99
99
162375
58914
99
99
99
16510
220348
21042
99
17668
220221
300540
228427
99
82384
43085
387636
10848
44312
168172
99
101081
99
307243
451965
99
57948
81781
115763
99
99
99
135889
556729
99
577652
432755
99
167417
99
2795
99
99
133037
99
103977
27648
67260
99
73402
524005
175858
99
78220
105881
283629
99
99
216397
99
60157
292054
99
4443
99
92236
350657
27614
156758
99
176506
99
99
9253
99
99
99
99
490377
99
190537
73959
191460
478196
324551
29290
99
99
99
237223
99
28053
183493
99
99
543238
184245
127305
99
99
322469
99
99
254449
78873
606
167252
20891
99
223457
99
99
174847
221092
99
182528
99
99
98
99
99
99
233615
286234
312051
99
99
118012
143003
3372
205991
8962
338876
99
99
77038
341058
99
99
311670
213207
99
176164
522988
412941
41112
92
55651
381905
34966
99
98888
99
99
95
421259
99
99
99
85240
99
142539
99
99
52439
591254
99
22982
99
302495
132343
311102
49016
17064
99
24710
99
99
99
99
166709
99
69985
157414
237701
98
18405
99
20725
252093
106254
99
16884
99
99
99
81347
99
11192
7784
99
27986
99
319239
99
99
181737
167486
99
289343
99
8997
99
99
99
99
119114
99
69950
121049
99
86
99
264749
99
71165
106412
3455
52179
193692
538829
124515
99
99
213462
1454
99
99
21328
99
170534
263786
122280
509067
99
99
187566
99
2573
462584
154672
117664
99
323230
265025
99
99
34058
97
99
157144
99
211390
99
43921
26749
99
290062
125255
208734
99
99
170441
11995
22706
13314
153903
99
61795
15876
99
108215
99
99
99
224951
99
63765
360779
148716
165743
99
624445
88003
99
42390
99
99
99
109655
99
99
130061
99
22258
99
51982
14606
99
99
99
15360
151788
99
204610
48019
57906
99
98
99
287183
357249
99
111489
49534
25225
50904
99
99
99
46134
322269
187256
99
99
99
98
99
583129
20402
99
99
149402
99
99
99
310591
139479
31696
395449
44380
155636
99
99
99
264851
99
99
99
18195
99
567330
99
66112
132978
6557
99
80147
24016
99
121463
99
99
78
77321
99
99
14059
99
16012
99
76852
96
12437
311153
99
8769
99
99
99
458074
99
99
87013
29563
389133
133389
99
551888
173982
99
99
99
99
304409
99
99
82666
120711
99
93175
67732
301399
392719
77574
99
99
63311
170012
99
95754
99
99
99
138247
73671
99
231741
99
49175
269850
182242
50159
99
49792
17677
99
140643
99
99
99
409305
99
99
5260
215440
91897
9908
99
99
99
99
135766
28347
99
99
99
78451
99
99
99
99
99
99
61401
99
99
130628
284243
99
99
152214
108550
34493
14830
87586
99
99
99
99
303283
116971
99
99
99
99
99
99
99
98400
99
99
103138
407950
87151
131224
99
60851
227541
20263
99
99
99
99
99
174675
185249
89690
99
155609
22434
99
99
99
123298
99
99
272170
97623
166883
124760
99
265398
71679
99
158988
94
99
330670
99
99
323363
99
186868
119819
12789
99
156934
28236
98
35942
116256
99
99
99
16722
99
143719
99
99
286238
99
99
202897
278044
63697
35491
15135
28968
504196
237135
82868
99
276495
59100
136061
568945
110718
30897
99
99
8328
99
99
156391
148685
156097
99
99
99
99
94172
99
99
99
99
99
12928
99
99
29237
99
99
99
83394
99
97552
99
99
487943
99
99
19022
99
88716
65185
64493
99
429580
99
99
99
59460
50624
14045
99
450266
99
15565
99
406
69883
137404
67743
56288
99
498728
99
357295
97
67007
99
99
203323
99
99
151612
11087
99
3663
75656
99
275600
99
344892
99
249905
99
180187
99
47151
99
113251
99
58229
99
99
120099
99
421944
99
220563
1807
143158
99
99
99
99
99
355159
35477
68459
99
99
99
46329
546363
99
255043
99
99
239616
99
129689
119040
99
99
154045
99
99
99
99
111165
99
99
50562
183795
16919
129035
94
168024
14069
99
99
543
99
20588
99
99
73350
99
188989
40997
396043
402489
99
99
337643
99
99
14574
99
99
97
99
99
293071
99
66214
99
139838
99
22151
29925
99
99
366028
67539
119528
194241
51322
110474
99
176614
235666
99
225346
206887
99
363223
8631
28063
25848
99
123392
27192
285934
223310
27366
99
99
346
96
296023
464050
99
109341
119856
99
184079
13554
99
43705
99
12339
99
138036
64090
99
36185
99
99
99
60147
99
99
99
13598
95126
234794
35592
127923
230675
99
99
99
33647
6432
99
99
38062
99
43205
99
327822
167822
99
99
37430
99
99
99
417917
294389
199728
24186
51349
97
12487
54626
99
24948
254491
99
99
41449
73037
552335
208428
99
99
99
99
99
38476
8349
126800
96
218658
28675
175587
16778
307138
99
81
197142
99
63243
99
99
99
99
99
99
61111
166633
228346
99
224879
54591
18877
90790
18652
99
404148
36364
99
99
7493
99
99
56156
357351
192277
99
99
43323
683
99
52173
99
99
99
99
99
52950
99
6109
148970
99
26767
99
254509
60026
99
32578
99
99
99
99
99
132357
99
82337
260461
236329
99
304987
99
99
213937
99
6786
99
152799
29616
108407
99
99
126780
99
99
99
99
96
6527
124595
99
7160
99
168113
458332
99
99
456616
99
97
218915
95
24772
55539
99
99
99
99
99
99
397666
239780
14211
61650
99
43155
64648
99
3770
99
148008
99
99
99
99
299700
99
99
99
203284
92
99
99
99
99
98
319432
99
368220
99
98357
99
99
216509
99
99
399954
79126
118651
277139
299827
99
396349
13833
99
99
99
123760
99
62893
99
99
478065
335971
11807
175089
99
421196
306134
557596
160463
99
99
99
99
334106
50176
99
31201
406229
99
275370
114377
50698
291070
99
99
99
6133
99
395542
99
81708
147473
99
134889
237311
223406
482519
321167
41988
4683
99
129992
99
99
99
99
62526
225143
264392
153533
99
99
99
99
99
99
99
99
413919
99
200262
305145
154698
26372
99
425746
250113
99
99
116982
335838
139747
167726
103831
99
99
141277
239638
99
99
99
99
14150
146162
99
99
99
103765
99
14537
261631
99618
99
95
89551
99
99
99
5723
99
96
94
46175
105409
445480
99
207995
99
249427
117629
179670
147814
228488
300414
99
99
99
39564
99
75113
362440
264499
528872
4654
310527
99
526212
535584
99
323919
99
99
99
99
99
122487
99
43907
172934
104280
99
22154
99
99
99
41151
99
99
10194
37601
99
99
38597
1352
34934
260790
99
182152
99
525845
114677
192464
99
144736
261838
33458
99
357906
77677
323436
15108
99
90415
99
86636
92
99
99
99
99
95
2129
306366
99
91
99
99
99
3658
72285
43069
12395
99
99
99
99
99
387528
192644
99
387415
99
99
290002
99
177662
99
155174
10693
124830
99
99
99
99
99
145562
225546
106110
54482
264148
99
95
1103
151815
99
176759
36341
98
136538
53981
99
375959
94262
99
5010
99
99
40354
75841
294674
99
99
323817
45169
12364
99
276946
216387
99
7221
99
99
99
257068
99
73971
56188
99
99
347721
565161
34941
143506
99
99
246099
241
99
99
67107
99
99
19743
72734
99
263707
43273
95227
99
464822
99
313544
44633
134028
99
10711
99
74077
2350
5207
50342
360127
99
85068
99
402557
99
99
99
26147
99
99
98
99
426648
99
99
99
99
487826
106180
99
184592
99
99
99
99
93741
99
99
99
123442
99
99
4290
279359
216759
100536
99
264859
99
198900
377685
99
63126
99
99
12285
99
99
99
204030
52994
99
17006
99
179792
24655
3990
99
99
83049
16467
97444
42027
76
99
315373
99
501811
99
99
99
231402
99
94480
99
428334
99
99
95930
168273
99
326462
349528
524093
450615
135463
99
9442
99
99
99
99
99
99
99
198461
300663
2358
99
335982
99
99
188209
311760
98
17160
99
121724
99
99
99
99
42549
18716
100094
99
99
99
99
44368
99
20075
278607
99
99
99
86472
61253
99
99
99
183982
99
101375
64067
99
99
81246
99
99
360722
309210
99
115273
338190
98
99
254773
99
87969
47420
99
99
99
98
98
205924
99
99
99
99
99
99
53476
99
151684
99
99
6593
99
99
568733
99
12703
47011
99
89359
99
99
66581
99
388033
99
99
99
99
99
20549
141350
99
99
99
99
151469
99
56572
99
99
272622
12843
14310
99
99
99
41662
53028
98
29856
99
65958
63778
55510
252702
99
99
99
99
417499
172238
99
97
99
41982
99
99
305209
706
43860
97755
99
74816
99
575208
99
99
218580
45347
34509
237844
99
298319
39008
99
99
99
229240
330928
230418
99
24131
99
218236
144039
99
436685
67837
99
98
99
99
336634
99
46638
232223
554127
99
99
275517
99
155634
99
99
99
99
331293
279147
99
241116
351267
99
63233
99
191738
142807
99
70355
99
99
362590
301906
99
153659
99
322903
99
272732
358256
99
59723
516712
99
99
99
99
69728
99
530256
99
99
99597
99
99
3069
99
99
4074
16942
99
99
439997
32139
99
372377
43638
99
99
240727
72558
154896
99
234735
99
99
99
99
230020
99
99
99
140132
99
99
97
99
99
169114
99
99
99
148915
99
15186
95
74444
99
99
99
99
102156
99
99
99
99037
99
99
59463
99
323343
5094
69119
99
303298
24326
99
99
304861
258882
192113
99
99
198448
99
116163
37579
78767
225323
99
137841
99
97
43502
6725
99
415517
99
99
99
99
508261
99
99
63284
99
64688
722
99
99
99
99
99
266701
99
387430
99
36120
106081
99
206847
99
99
4716
143935
4544
99
99
34933
459819
99
47360
62720
316218
23719
511467
99
99
