243955
99
23559
99
99
6353
99
472158
99
308675
11200
171413
99
99
17891
99
99
99
260840
146892
116081
99
76057
443064
99
99
99
99
99
64447
99
99
148694
99
99
99
225683
27677
146629
592618
99
99
99
38956
99
99
88
99
38725
99
99
67775
99
99
99
5308
128291
99
103956
226021
218727
130308
273745
85297
11097
99
99
99
114167
9930
27895
99
99
211634
99
295340
99
99
517076
363493
99
103524
99
99
99
63497
99
25592
99
124074
99
199347
30171
99
99
117419
205081
243904
49570
99
99
99
150467
99
99
64655
105441
99
229565
22919
88511
99
319690
99
99
56106
116804
272238
5543
201754
94
99
99
264381
83165
99
99
99
99
97
99
84872
161988
99
99
99
21089
34905
99
231509
99
99
99
99
99
99
222439
73204
99
493892
99
99
99
99
211338
99
76204
254557
99
99
99
99
170293
288753
99
5912
140664
99
13600
41313
99
99
99
392043
99
15918
99
139715
124254
99
99
16087
182989
318699
99
242097
240019
334645
36971
99
411645
288458
99
77329
99
99
20432
361226
69614
99
377592
99
99
99
76068
18461
99
99
99
99
9888
99
99
99
425288
99
375115
99
99
13943
99
99
114690
99
99
466477
368308
273126
99
93843
99
15023
286301
247354
99
15641
99
99
360
99
154131
99
99
99
99
99
99
99
5314
406182
99
99
99
14154
471560
201144
99
166976
99
24281
99
99
99
99
64952
99
21067
293935
99
99
99
99
31104
153919
270905
99
99
99
99
98
99
5197
249798
59935
99
99
99
35188
124115
296810
99
369677
99
116614
252213
34616
26065
99
99
30247
470969
247171
99
99
99
99
99
99
99
99
106159
99
74559
313221
99
99
185421
73762
359160
99
99
125522
99
99
86309
432845
99
99
275089
16442
54394
99
99
99
99
149942
183680
3510
7150
33433
44879
76425
124945
99
99
99
5597
99
55272
99
171917
99
438505
99
99
98
94
275546
99
18753
99
99
99
99
130622
12216
99
372164
99
99
99
99
36689
367826
99
99
25338
99
99
99
253978
292907
207192
283460
332171
39910
99
322189
99
51487
99
99
99
99
464617
99
7239
99
5067
99
99
584444
60036
99
99
99
25601
99
99
292734
99
99
99
99
84688
28948
99
99
127213
171649
230762
25396
99
92681
28348
99
93204
99
99
136900
99
409086
99
99
14688
12267
151140
8333
100440
99
99
47711
99
99
99
99
100409
99
196837
185055
252079
34547
99
99
34024
63426
51520
99
99
99
531694
99
225818
99
99
99
503458
319116
68720
123364
99
467909
59724
99
99
99
99
218775
99
99
22240
89315
99
99
254657
99
99
24220
99
99
99
99
280719
99
99
84588
157232
60952
66814
289429
45
99
294240
99
99
431038
141332
99
99
196013
99
99
331048
34280
99
99
558097
99
95166
99
99
99
23397
99
99
187886
265301
99898
70023
99
99
99
172026
99
209220
98
174409
25514
81170
99
1023
174
95627
99
181834
99
82070
99
136929
99
187515
99
230869
97
182015
146817
137075
99
99
558
99
99
4983
185501
99
99
99
69093
175943
99
99
99
99
99
99
60643
99
99
99
170998
208202
99
162140
99
99
99
99
99
99
99
96681
30533
187774
99
72572
99
99
145736
99
190342
99
98
487608
99
99
99
26314
110204
99
81976
29538
550023
99
14291
92392
349471
20032
99
397899
99
483992
13516
99
275224
99
99
70628
99
99
29289
99
99
72103
275204
99
99
345716
415126
240909
6596
99
99
99
99
99
239764
10324
99
161414
74619
18947
99
442
99
254337
99
101034
99
268185
162166
158833
40322
7201
124102
113494
99
46510
193137
99
99
187793
63490
269775
99
99
256631
99
208484
99
99
99
3038
99
16296
99
56
83
99
6595
4934
99
269849
99
99
99
99
211347
138532
99
133008
294931
251573
99
99
38094
28963
99
318065
99
99
57232
166995
319448
99
840
99
3761
30185
223813
164451
370584
61463
99
443042
75404
176061
99
47718
98
99
99
47053
99
8055
857
99
5030
57239
176661
99
217120
99
99
99
54646
140843
99
99
407035
5273
99
42153
542177
519113
3757
274645
8072
99
99
84547
99
214759
99
99
108220
3707
114962
496960
6136
6554
99
99
74892
49328
565177
99
99
99
27078
99
99
99
99
99
135550
99
144215
99
99
11417
181180
109847
528802
99
99
99
48079
143443
99
542975
83380
99
99
99
99
99
99
99
99
385686
99
99
11130
52790
4939
99
99
104478
99
481863
99725
10558
98
219880
288132
98
99
99
255
17623
277298
99
99
413719
24971
99
94
168316
99
570540
99
127991
99486
13004
99
38494
56484
202562
439578
16582
116
99
99
99
30238
99
99
99
4909
99
99
99
99
99
99
71107
99
99
94
99
426011
99
1742
99
99
5174
99
234942
125335
99
97
99
36369
99
99
457775
112009
191476
106939
42129
99
99
99
159182
301822
99
4895
425889
28059
354608
207656
2295
99
99
162170
71458
1874
105758
99
99
263521
99
99
67955
377172
99
144982
416597
99
99
329906
99
99
99
54905
99
390139
99
98
136122
55724
99
63429
145930
327708
99
194860
181637
99
352079
164034
99
99
99
99
99
99
99
99
47413
130363
158917
216045
99
99
99
118153
122020
99
359440
10736
99
98
99
99
109434
99
99
99
99
358724
99
96300
14995
222123
99
99
99
63250
99
80851
57033
99
32244
99
16627
176603
103819
197601
106081
99
99
99
229541
99
62274
99
152239
76245
116331
99
99
43834
190545
99
293303
5
99
99
99
8022
99
268094
99
99
99
76084
99
286146
312477
222439
120963
99
99
199540
56114
6535
99
23686
99
22808
99
92880
22036
99
179921
99
99
103405
404469
133230
99
228315
262497
60402
99
136356
99
305932
23081
99
1877
99
314865
8718
99
99
99
163641
248593
99
99
99
99
203644
96
99
99
10397
48404
99
99
99
204915
293479
80604
99
99
199289
99
447536
60402
164938
99
99
99
75310
99
91
116337
156112
30095
91048
99
99
99
41323
1982
99
99
272790
99
51993
35674
6589
67644
284674
106625
99
99
99
180821
214408
203329
334202
99
236317
99
99
99
68008
99
99
65126
99
150706
134655
160874
99
99
67953
111036
569568
99
465700
60396
99
102496
382189
61329
321691
17405
90
251
245747
314861
9924
181095
250887
99
99
6402
200121
464779
279027
7426
115298
296810
161912
99
228289
99
99
59893
281687
104857
296210
99
104344
88
15578
99
314091
8318
99
99
99
99
99
98229
141982
99
72427
129911
99
99
99
99
99
20959
99
185252
99
99
99
99
99
99
39286
99
33697
99
21979
99
99
303168
71272
99
94323
17850
99
76151
74570
26751
99
149388
175345
99
99
99
99
120619
99
314158
372705
99
82947
126610
99
99
28182
63489
13165
99
99
131561
99
99
79362
99
99
99
99
99
184404
231586
316802
115564
99
99
55493
161756
99
99
99
99
124066
99
97
99
114811
99
13863
36147
99
99
256402
99
99
99
56760
212805
99
69654
148547
121156
43247
215802
99
99
49964
55311
99
181137
16914
99
99
372681
32861
99
99
132533
99
99
99
18241
98
99
99
586377
55360
99
99
99
432085
99
96
99
273666
95851
99
98
99
99
99
128045
99
59902
34433
227854
115291
99
99
99
334717
99
99
305772
99
99
99
1568
99
168539
81810
5648
99
180868
99
99
99
99
99
99
99
99
99
99
94671
99
99
99
47961
415725
99
31278
33564
99
544389
99
47427
99
240309
99
107250
99
99
99
59707
99
99
263546
99
53646
217928
300483
158143
144003
349394
99
496229
17752
99
39441
211749
135631
99
99
99
54656
48543
111470
225825
176131
78
99
99
199432
99
99
99
99
99
99
99
99
100766
84463
80406
44485
99
9589
99
12346
858
99
242031
99
99
49048
99
340874
37556
99
182256
99
99
6781
281959
99
72687
146104
99
99
99
195804
99
99
99
99
99
99
20351
99
132855
124304
31589
13344
99
263354
238490
99
99
99
280765
314799
99
483033
246788
411073
51332
99
205961
99
99
164237
99
39649
99
4345
99
97
99
34364
170032
118226
99
98
99
190518
232751
99
98
41233
99
75035
99
99
211727
99
99
99
99
35135
210160
53529
99
31082
66602
147788
1165
99
99
99
334670
99
99
73053
23151
99
33000
329186
99
78433
9536
21754
2819
174706
99
99
66050
99
99
99
50156
99
366039
130202
99
344446
99
65710
99
99
129074
152391
99
99
439962
99
99
77215
99
99
96
20722
99
195164
64687
42610
99
14757
100270
2374
320789
99
19356
36164
99
64775
64660
127867
414723
79333
99
99
99
377765
99
90
99
99
99
84881
403773
72137
391755
99
268282
99
229577
99
99
99
99
99
99
360115
9394
109652
99
1572
49782
99
99
10263
99
99
99
99
95045
61656
99
48603
99
247596
206413
153950
99
121617
132467
132623
99
99
266670
99
99
28770
99
94
191492
99
20029
547297
99
99
99
99
121829
320116
12087
11836
6394
4776
259908
99
232297
66218
99
99
76319
186745
4084
57171
99
12298
99
99
99
167980
226308
99
99
130963
99
99
99
5927
168751
99
42466
99
99
76350
99
99
99
336939
12217
438742
76435
164131
8761
495070
160479
34493
98
99
99
379085
99
99
83970
99
319378
295246
147738
99
45258
99
99
81
97
99
99
372756
99
40658
5902
2566
99
430693
271606
100797
85213
99
111798
99
99
15694
30878
60620
196195
99
85793
442046
99
99
122266
412
99
101364
99
81078
78686
99
99
318097
256221
279316
27226
99
99
99
99
412159
99
355817
53687
434239
99
143942
71
99
236426
306160
262893
2219
430842
99
99
276336
118681
99
99
258895
99
190912
31943
99
57173
362494
99
99
99
99
99
99
99
268588
99
230972
99
839
99
27701
31701
219927
91417
37897
99
99
344267
99
99
99
99
186582
15665
99
99
34790
102364
368158
99
99
228617
99
29568
99
99
7853
99
181093
99
99
137379
309822
99
99
133008
300559
387970
42175
59524
85881
99
12938
99
99
182950
103123
99
99
66620
449622
173733
99
49928
523885
166708
122354
99
17828
99
169270
99
99
99
99
99
134854
20143
149203
54191
49480
99
66654
99
99
134787
148358
99
121442
24659
89
99
99
99
99
193731
213820
29230
110457
99
99
99
98191
99
99
197849
99
104290
99
99
99
604574
99
2445
326288
99
317296
99
386929
108464
97639
174182
99
153635
98
99
99
207551
13613
99
99
453999
209167
243856
232953
99
326233
99
106214
97
250472
70024
276255
347661
99
99
99
139506
99
351971
8695
99
210380
154397
19133
234403
223865
286576
377172
7942
496943
99
32327
203373
99
220184
99
32046
344882
99
493463
119924
99
220371
99
99
97
316047
109410
99
328856
111478
51964
112043
99
99
9755
99
99
44391
99
99
99
311059
211563
99
490848
99
99
156788
124297
99
324254
99
99
35621
18367
99
43981
99
136635
99
164575
12280
99
41916
99
99
389548
269709
350754
269119
99
91379
99
132993
99
358619
99
19911
57602
515623
278068
99
99
99
99
165204
99
319585
18236
97903
99
4698
99
258497
96
1504
32664
92384
28365
36090
161668
98
99
97
4081
99
99
32360
311340
99
99
285184
72226
67126
99
99
513279
282383
144163
437349
99
7373
99
99
99
99
99
99
99
99
17191
31868
165857
99
99
99
64618
99
214269
266331
99
99
491581
123948
99
99
168882
99
298149
99
99
99
242862
49303
99
99
285664
383498
99
99
22500
99
99
99
99
274761
328415
18818
99
19767
99
98
383588
435057
99
99
99
99
99
99
99
409837
77042
51127
149507
99
99
269233
99
139341
5069
99
99
610304
175052
43618
233402
83419
275480
44436
223224
99
99
99
99
330174
12286
99
43886
109877
99
13673
159477
99
99
331585
15795
99
119649
99
498985
99
20825
99
99
228489
10971
224946
99
254810
99
32010
99
59055
43
99
76888
99
99
99
99
99
160246
174392
77429
99
507548
268
1722
99
99
99
444408
99
99
58331
99
97078
319574
574968
99
99
99
266566
99
99
99
99
28177
126347
99
295
369330
99
253082
174827
99
99
5074
244156
12491
99
136054
129512
40314
29735
442327
10458
63428
248603
99
34842
516900
51000
334207
24974
231604
107127
15081
99
99
99
46323
99
155241
99
99
370238
99
99
10560
99
266615
199598
99
99
99
98
55251
99
99
181800
605805
99
115475
326943
154561
99
47043
46112
225603
17044
73910
278132
99
99
152854
99
348642
100603
99
219089
25120
99
99
61063
88783
451681
27605
121931
99
211857
192032
99
76565
99
99
280752
169846
16409
593569
300370
53293
28813
99
427132
470592
99
99
99
98
218529
99
218134
99
270436
99
99
99
99
80652
262278
99
251602
99
30706
82332
99
99
99
99
99
457970
99
51444
99
12595
99
99
15993
39299
99
124136
49812
5150
83958
99
125056
20019
99
99
247904
58780
29638
131009
309365
318419
99
99
8850
25625
99
134738
99
99
6270
39513
215227
99
81076
40012
99
99
99
317753
58609
99
99
20467
2838
99
277105
99
99
230315
99
47384
99
99
45831
99
76407
151206
99
99
227139
414627
249823
99
99
99
134670
99
7624
99
329821
348503
324040
99
148569
99
116208
258354
99
99
99
218828
262043
89787
77650
211691
99
99
213537
63836
99
118309
13244
99
183054
99
60140
99
517850
163666
55060
99
99
145021
98
99
99
99
27825
99
84588
99
99
179342
99
52132
99
99
99
3389
99
1007
46897
99
78395
97
5207
99
65742
480883
99
5680
290190
194776
99
36767
99
4433
99
99
99
139581
189653
99
265558
99
183732
88121
99
104374
99
155
99
155363
479475
4433
176070
413592
99
99
99
99316
99
99
99
99
189965
29518
9532
99
99
99
99
126008
344332
99
99
99
99
99
12257
179961
2557
99
99
47369
15942
194786
99
71419
99
7750
99
99
99
46771
82326
12953
99
5758
99
33475
99
110416
219301
99
99
99
99
2190
2921
20834
163081
20473
152133
99
99
99
82905
99
99
99
275003
68840
81109
99
201843
111865
170828
50340
445368
99
99
107471
99
49513
70761
99
119361
99
98
99
148624
99
99
99
120369
149096
99
7480
193515
47341
260780
203038
133529
36550
99
174980
99
99
99
99
99
99
99
59795
99
165672
99
99
18058
99
15223
97
168522
107491
99
99
99
99
99
99
99
99
99
247275
434009
195254
2993
301754
99
2966
99
203337
99
8393
99
21460
99
25521
439685
99
232952
523910
99
99
99
99
53821
6564
99
99
99
360789
99
361901
99
99
99
149426
290241
469393
519916
138725
15644
99
371939
70839
99
315111
99
99
99
99
199348
99
99
99
239460
56348
104536
99
99
155575
99
99
99
99
426028
99
311870
287509
99
99
88118
36257
91292
99
1511
99
85431
477881
110195
99
99
99
99
99
128606
99
3410
180891
99
99
55274
99
99
99
99
47916
40390
99
99
208653
14210
99
99
97
99
201791
99
10941
99
99
332061
154938
49553
59878
128036
99
77099
7531
36072
99
99
22412
235355
99
99
99
59479
99
158987
73133
152947
96329
99
104677
534170
99
532945
99
99
99
5138
99
99
99
99
99
385329
99
95461
27477
22442
351006
159980
221259
99
99
92
99
222720
99
99
99
218507
99
57620
99
99
188319
99
2449
150711
99
99
99
99
50771
78518
99
99
99
31741
336962
97
99
99
20428
520339
99
99
99
59763
22160
99
265838
109211
54263
99
257406
197299
99
224800
296922
281407
99
99
6803
99
99
99
99
165067
45116
213945
99
99
243939
99
99
268846
194870
99
99
71525
99
99
290336
11418
99
99
99
163348
99
11222
99
99
99
107769
99
99
425236
2195
99
99
99
229030
513185
99
99
76018
99
99
99
111945
144424
256076
321356
43335
99
99
17730
99
65818
99
231825
99
260659
63102
240527
99
58612
28858
5684
99
99
99
99
327114
24787
99
99
280964
99
99
184339
99
129615
99
99
99
99
99
327825
99
99
19452
324723
48882
225410
98
99
134068
156846
99
336966
182113
99
250412
99
99
87166
301121
255802
19787
99
29736
99
145757
273973
169960
99
98691
60801
102956
99
99
99
99
349356
16039
36856
62350
99
99
105176
99
99
2283
139154
96
228049
193692
99
99
99
99
253792
99
99
147846
331873
99
233464
99
99
22229
99
118616
52878
122535
99
104306
99
15428
99
99
99
127293
99
301384
99
161329
99
258979
99
60902
99
97
99
99
99
117370
99
99
99
150220
2233
68261
122114
118189
99
226151
99
99
99
306520
486510
2416
11856
99
99
302308
91714
99
99
78336
6085
99
139601
99
31660
99
51597
99
99
55596
16725
99
99
6779
6565
115548
1829
127917
173591
222992
99
99
405593
166348
1895
99
99
73054
3588
99
99
29746
99093
99
41542
313593
65083
99
99
99
151005
21552
99
99
99
99
52623
99
298863
99
30284
383081
389305
42912
99
25574
99
20871
111456
98
99
9601
403502
83232
521765
99
206648
25652
99
99
9055
99
120663
99
98
301422
99
75125
99
534355
245708
159760
224025
99
84789
8935
152890
134440
11050
65176
99
151990
4006
224338
99
99
99
51079
3762
99
65194
242780
12511
81960
99
2076
101813
99
99
366965
34508
99
99
289926
109303
5474
70704
99
99
228151
23422
87281
99
8351
108528
328263
60904
17084
99
14
99
99
16694
97018
99
99
152445
284191
434471
99
369589
137165
5184
99
99
99
99
99
220066
99
40024
99
332523
99
99
155582
11868
99
39899
99
189227
99
9202
99
99
99
29171
171009
99
345524
99
168378
45702
237298
139077
66737
99
99
99
99
99
151634
98
57837
99
398734
202661
99
99
99
167067
99
99
60757
58838
99
9495
198319
99
87221
99
99
99
99
103501
99
15067
99
99
6985
63660
99
99
169591
99
174869
99
99
588059
348853
99
99
368882
99
99
134365
182365
99
99
99
99
99
51173
145619
100334
99
99
101933
158713
133100
99
42177
99
29049
19438
99
99
246561
99
99
99
99
99
99
84227
8331
99
99
99
244833
173924
170822
99
172008
2411
58365
373876
55246
275452
99
99
190058
99
99
12003
99
34565
231286
146205
263962
99
99
146365
9312
290213
99
99
132577
107629
93
99
99
4139
375365
99
3995
11127
99
5037
1241
151455
99
20252
430860
99
99
99
32390
44560
99
426180
197043
99
99
57953
1875
165205
99
166616
175125
99
99
99
14366
345455
51394
97
99
99
41725
99
7418
107753
99
99
7667
50350
11584
31498
310737
218242
99
99
358834
119110
99
99
99
98
265963
99
187046
99
99
70711
99
286881
84997
410560
99
99
814
42866
178008
99
98
99
99
99
99
99
99
99
12436
99
325296
967
94595
99
99
99
99
99
127741
276038
364781
80060
143843
99
99
189118
99
536647
99
383257
133401
14405
99
178687
99
98
94181
99
99
460184
99
99
4582
99
458871
99
1256
99
99
99
451391
19312
99
99
99
511222
128823
11974
99
17527
99
99
99
285967
404168
9785
63032
251610
99
1283
85378
99
99
99
333082
57248
99
54262
50558
504498
99
58293
118664
12655
359480
37987
168247
99
99
117493
99
99
99
24845
99
99
99
99
99
412
99
99
11981
112575
99
99
293032
114431
99
99
99
99
292121
99
99
224749
19128
129829
99
71
99
99
99
99
332954
99
99
99
100526
70595
6645
239698
99
58267
58456
99
183158
99
99
203761
47408
99
71327
135784
99
145467
99
99
3690
12824
230507
86690
153373
705
99
99
99
99
99
99
99
231897
99
99
409635
99
99
99
62436
99
99
456338
255522
291557
285568
100361
9015
147192
99
99
99
99
114010
99
208762
99
99
99
99
637
99
31338
99
151981
99
74364
99
195196
99
52676
104361
99
99
172091
99
99
185646
109319
99
601
16278
98
99
382728
99
99
99
99
32505
99
501003
99
26166
466498
482247
99
153376
132548
99
99
99
237423
101462
142822
295230
99
99
99
99
109376
137576
37101
406946
76985
99
104567
16472
232293
14859
198
99
99
179202
99
185889
184203
275878
18718
99
371756
99
266516
25347
99
208730
99
99
2137
99
99
99
99
99
99
99
193425
215049
320036
99
99
2973
99
117242
99
99
99
205090
99
19597
99
99
189516
99
99
99
34567
99
216226
168728
99
99
228220
22599
311339
99
99
99
44431
304351
99
229810
99
99
309378
234053
357934
99
97
219362
377748
20873
5508
45654
99
99
99
99
99
70328
99
99
99
99
206936
99
115139
16306
99
99
99356
15041
224791
108651
99
27851
4969
99
99
80951
99
99
60726
99
87186
99
99
54851
99
99
165682
236953
99
99
479969
96063
122517
99
99
99
97
99
99
106310
99
99
59583
99
99
99
99
241361
497410
527313
99
99
94709
105659
99
135557
337346
99
99
99
99
99
99
99
99
299124
99
1821
110028
315998
99
99
99
20331
177134
23447
98
99
190877
319153
11991
29067
99
99
78171
99
107971
99
45512
307575
64259
99
60763
99
99
99
106497
99
99
66827
362027
99
30205
99
99
254985
99
99
99
169371
99
293129
62891
84996
365968
72217
120434
16204
99
48884
99
250138
62721
99
99
345867
99
99
94
164777
10093
44380
99
99
99
49346
99
192071
77518
99
99
131974
99
20013
3062
99
296361
99
23449
209745
249201
26065
184258
99
37314
99
99
99
77124
99
99
45052
90721
99
456175
75569
99
244433
75796
99
99
99
48978
292915
262277
124839
99
99
185449
99
99
99
99
54984
99
92945
201481
99
99
420399
99
98290
138678
99
10384
99
118788
99
99
336733
15153
99
99
99
99
289511
99
13493
99
99
329051
99
130911
99
186527
159430
99
48404
41302
30008
99
68
446578
99
307826
153111
3353
99
99
99
99
38152
99
99
99
99
99
199891
25577
99
99
12867
35415
101081
27610
99
99
99
88
99
99
99
99
99
99
223271
99
99
99
75322
99
28645
99
99
237838
99
253510
99
99
99
99
252304
99
99
99
418852
88495
99
135960
106722
33785
98
66517
1382
99
99
526897
424947
16833
99
511698
67892
192246
99
99
9919
99
99
99
99
99
11035
6049
235283
99
37581
101707
9865
99
99
154271
339574
7594
99
99
175940
99
99
272250
99
65042
174105
99
5208
179855
140096
28223
26189
99
312262
99
21654
99
99
99
99
256746
534200
99
164662
1659
217917
99
87573
99
109676
281087
99
468895
99
99
163345
99
323738
202863
99
71844
99
264962
99
203684
99
118614
99
104461
4638
99
99
481594
99
99
19226
561316
28034
99
99
170960
99
8333
99
99
99
99
99
99
99
70327
99
199774
67456
99
99
145251
228674
99
99
513450
223831
48266
53771
99
99
150734
99
99
99
17539
13388
388310
99
111952
99
66596
99
57514
99
356226
389770
8141
112102
319017
99
99
99
109503
298836
204994
99
99
99
99
24428
99
99
108301
33574
99
11189
1422
99
99
99
99
9297
99
358511
576516
76613
157101
292537
243967
99
99
99
99
214664
99
99
99
99
99
83705
47908
99
48476
376772
17477
415163
99
99
29442
13793
99
264
99
99
99
99
135635
435037
191661
99
425807
99
503778
432414
99
16651
99
99
97216
99
8013
576
99
99
106087
111180
99
23693
836
260105
440854
98
99
99
99
99
99
252774
5927
540084
223823
99
99
291399
99
109409
99
52962
52125
35594
31100
99
86675
99
99
434730
54297
79989
15270
98
23478
99
99
99
164035
99
32772
10764
99
99
11189
99
120059
99
228107
77520
99
99
99
99
17114
99
219987
101655
137439
99
99
33515
88
369329
32752
99
99
379203
99
33530
99
99
30757
99
99
220870
99
99
61555
99
17524
99
99
253038
186841
99
99
174860
68861
99
99
99
224017
99
99
10675
38139
99
171357
99
99
228707
238089
313662
54612
99
253581
130308
6257
99
3001
99
99
99
99
325839
2915
202580
315567
99
99
365494
164237
99
39457
154944
99
99
316541
99
99
79458
25282
99
169844
98
237385
99
99
18188
26168
99
99
192194
99
99
99
32855
458595
313175
445121
99
99
411492
171627
99
3836
91927
50541
121973
99
99
277944
99
194016
7866
99
92
160914
97
185447
99
99
99
99
99
99
37373
99
193955
104728
25859
92151
99
466272
87630
99
99
603
177333
99
140266
99
99
99
99
99
328345
99
70939
112081
99
99
346390
99
37039
99
75176
444023
260494
66
150661
433689
11183
265091
88889
122070
99
2172
3744
99
7917
405227
99
99
99
170644
99
80543
99
99
346847
93
97
99
99
249987
99
187496
99
99
99
98
147986
179834
344640
196626
99
99
99
34372
99
42366
15218
99
24831
68170
43940
279734
390992
372636
300125
366676
99
24042
198153
184412
99
25152
134404
15359
99
123638
99
331640
99
99
264755
99
99
382339
99
87490
22321
99
99
513567
40492
37782
99
98
85318
99
99
30912
160862
99
136179
430810
121328
99
329836
61062
86819
99
99
99
99
508259
1108
21841
35075
181665
66699
99
99
94
99
99
98
274617
99
24034
4405
248895
421167
97
99
495500
99
99
32667
413893
99
299205
89527
120140
306010
57918
99
99
40862
99
99
84269
28847
142456
99
151630
99
99
215778
85307
463366
388192
309399
344812
99
48337
57245
195275
23805
268751
98
99
374043
99
99
5256
99
280220
99
201636
298043
344662
10316
14351
11056
38023
81243
97302
99
5620
99
99
99
199957
99
99
99
90702
99
348494
2348
192797
365632
98
99
99
99
87546
8155
17675
99
55189
99
153667
99
99
99
99
68084
99
106060
290900
99
334755
99
99
550972
151021
99
27274
99
99
165587
99
2147
100760
99
42645
25778
173477
99
24290
6561
57780
99
99
99
99
99
99
99
99
2079
19263
40141
99
99
99
99
99
195329
7559
99
143311
111339
99
96
436856
278510
99
15104
79182
198729
38307
99
99
26980
127463
184383
239592
42
99
13038
99
99
99
99
99
99
156850
99
198559
828
276961
98
99
156774
99
99
66363
111201
541316
92063
99
75509
99
99
29749
6438
99
99
99
34122
99
114812
97
99
36264
61765
112000
392394
215950
215547
99
99
99
272542
99
350494
99
345248
121129
99
398202
99
156813
174485
99
99
197
242148
11103
99
99
59276
98
99
99
99
99
221150
325638
395063
94958
99
39290
105902
64332
99
26192
99
99
7282
48426
99
99
99
99
99
99
99
99
13612
425600
38110
142117
99
99
338070
99
99
219645
3771
427415
99
170190
99
23990
99
30684
11601
99
518368
99
99
99
99
49448
99
99
161041
74289
54992
99
99
99
829
5
99
99
99
99
296762
99
894
99
260311
71944
85715
430376
99
320907
352969
50401
20432
99
6627
247479
43396
40230
99
99
105008
99
197022
99
99
99
401769
3400
99
141973
99
4674
99
8022
99
7051
99
206522
39325
26225
168665
12780
99
192287
178485
132262
346355
99
340336
99
192868
196764
99
160086
10745
79274
16627
99
98
63307
64108
268187
99
46232
99
272742
307411
99
99
346126
99
93304
99
335385
37382
9198
9802
99
99
99
99
265425
382961
98
99
99
161569
99
137730
99
7122
58987
99
337382
69240
179412
99
31284
98
144414
3867
99
99
87303
99
21733
121008
99
99
329127
32854
99
99
39657
28072
41282
225535
129344
39953
99
567700
371962
99
321874
12702
99
99
99
99
49762
99
99
99927
3773
99
296497
24775
99
332253
54368
99
99
35558
108303
99
99
366146
99
96
301100
99
99
189498
26503
99
63930
83212
99
99
99
99
14899
99
193925
266654
255708
20110
97
99
99
99
6039
150737
99
13166
335808
36529
15658
375223
332425
386920
110034
6031
99
99
99
99
99
99
91
99
99
9669
9508
99
34964
103564
99
99
99
165574
16345
99
99
40946
99
342394
99547
99
99
43934
293368
99
78636
24165
99
99
99
78324
99
99
23794
421992
37116
99
99
148094
29411
57443
99
235
99
69279
6797
99
99
99727
186980
124919
136185
99
99
99
349647
131547
99
99
72153
99
5650
99
193013
99
1833
30601
492317
99
99
438335
7697
31168
284028
63883
99
99
25610
252082
319237
87006
99
111753
101742
99
34713
99
99
2104
98
99
271029
306580
99
132702
99
11528
99
99
99
408012
99
37994
99
55053
40361
99
99
99
99
80
99
99
344550
406714
99
434117
98
99
81105
99
99
125792
99
99
205532
1263
427404
99
99
99
99
99
99
99
99
102653
24388
99
99
127900
99
99
99
75890
17370
99
7275
99
6698
99
99
26395
99
235709
99
99
99
99
99
118316
99
99
99
87988
15784
99
99
292635
99
80418
99
219711
99
36593
99
99
99
99
28453
99
120264
99
41300
46321
99
99
99
93878
90724
99
239738
109800
99
52382
167889
99
99
99
87916
215499
99
44857
828
49688
97866
99
43886
99
11211
18699
99
266909
99
529894
99
99
11065
521868
99
20847
4949
280216
5035
99
110133
215698
74312
99
99
99
527140
396847
84529
257499
99
99
10195
99
99
99
266498
125601
5434
99
162919
541801
134691
49062
99
20316
183568
99
99
11234
5049
399269
99
99
125720
99
99
99
99
99
131430
99
99
99
99
99
99
99
20204
125805
43761
286865
300714
99
99
99
193670
99
99
14419
68459
53859
99
99
95419
13079
232043
99
99
99
99
197507
252522
78
99
99
99
343994
259651
8170
211168
197261
210587
13604
81967
422305
413517
99
99
99
99
99
208084
99
228328
99
364020
58140
348907
146550
43386
99
621077
27370
99
219562
99
138583
61027
46358
43336
439667
99
99
99
5309
473273
188778
64562
99
32317
12514
61601
99
265272
99
436422
116149
42214
399698
99
99
99
58610
99
124296
248937
99
99
99
99
213120
124554
47428
99
386517
73253
99
99
44862
255875
240436
91669
99
49284
175785
99
1438
99
352961
99
31976
99
99
99
99
374969
343290
111938
249823
99
99
99
99
99
99
99
139128
172078
122733
99
249458
99
96793
59595
118815
67747
99
99
14896
99
319128
99
99
172704
47628
128388
99
99
197985
116872
111491
99
72851
11926
20988
99
86
99
186141
99
153004
99
105160
348377
99
99
99
99
33111
23099
61281
99
99
99
99
64915
8796
99
99
217152
27182
97
99
99
253073
99
99
92523
459435
99
197563
99
99
99
99
99
375289
99
99
99
53668
40669
129170
99
89655
482233
154178
99
32986
228355
97
99
4998
490175
27918
99
275521
337049
102806
227311
106912
99
99
353353
145392
99
99
7126
36316
81567
99
99
99
54459
34089
265526
99
310390
99
52060
474731
99
99
99
137972
99
99
284022
52098
99
99
359646
279764
99
581282
173015
99
164600
107406
99
99
99
99
99
55851
99
161519
99
6657
99
99
61758
99
99
99
99
289461
194459
58785
99
92
4060
56403
99
37911
215607
77099
99
99
99
99
313566
43988
99
3352
43907
30160
24746
266133
99
99
61159
367072
71765
186097
41228
197219
226314
9691
99
99
99
102880
45462
99
2521
99
99
33710
327682
98
99
358730
4217
278730
99
99
175242
99
70342
84252
99
468543
115171
99
93
99
99
264578
488306
140258
99
99
99
99
161451
99
53916
137655
99
99
101509
103495
364915
32077
17554
99
99
470829
145676
99
99
99
259083
80952
99
388060
88190
99
97
10745
1792
131488
145924
27430
163344
322539
463072
99
148573
99
53346
35204
99
4983
99
65824
99
281131
99
244000
275735
477111
99
99
109101
99
14167
91501
66104
99
27321
99
99
22194
147571
20902
188947
99
99
99
99
308009
239294
99
99
382702
2920
172652
101373
99
99
257764
75498
99
270503
71971
153421
3904
99
408225
99
3318
99
99
99
397662
264805
530348
99
99
107518
15290
4520
99
183369
12057
569255
99
99
99
99
118261
99
99
99
99
25761
99
99
256392
307918
95
250199
95
5252
99
183359
99
99
315287
99
33637
99
20592
164746
161191
174934
99
99
99
1825
417608
99
99
99
1524
99
99
72693
99
99
99
36413
99
99
99
3936
99
99
88
82062
48691
70940
76559
99
18958
99
143814
98423
99
4480
98
99
99
260185
99
267743
331790
99
172384
99
186607
99
105390
99
99
99
242415
333225
99
420361
99
55447
11618
99
99
99
156810
280173
555363
99
468596
99
99
99
99
73944
179745
99
179369
99
4620
99
1045
163037
99
409687
13625
99
99
79562
57223
56336
13473
344700
23512
99
409991
99
99
99
99
99
131593
98368
17597
50380
99
99
99
382300
99
99
99
99
234049
99
298204
99
99
291632
99
99
99
99
99
99
45022
99
170
55419
99
242886
99
507923
99
176955
98
99
44696
47737
99
99
446425
99
311165
30375
99
99
26781
95
241308
98
10037
99
99
99
99
99
99
180475
177943
99
99
99
99
78091
99
99
323361
99
357276
99
99
99
29264
287413
99
33968
426585
96
97
227226
99
224184
453497
144006
99
65973
13497
171995
99
99
99
219988
120395
99
68100
133581
18361
9915
99
99
195911
97
99
99
50245
178151
68743
207562
193112
99
134970
99
158231
32485
98
99
99
99
146284
103815
32973
48800
99
99
116701
79238
99
111557
99
99
99
210322
99
99
3181
101107
95
99
99
99
439071
48566
99
352489
99
88372
25301
318618
99
99
99
99
430792
71941
99
262664
99
317323
99
332229
264574
118695
99
99
67978
343484
157082
37692
126585
99
99
282873
99
99
245546
95092
99
71475
99
99
148276
394219
99
99
99
89955
99
99
99
99
154257
25230
99
26925
99
38707
547774
109742
99
99
39536
202321
78788
330881
395819
471925
99
114287
50286
352095
99
99
99
99
56963
99
196568
99
199340
99
150959
99
80828
99
99
507581
99
291998
99
99650
99
179302
239094
99
185814
20687
99
251432
99
99
99
99
314841
96
73204
99
99
11480
101919
35250
99
98
340931
99
233682
99
99
99
274265
6703
99
99
99
145849
99
42042
450324
40211
99
99
508557
99
87922
340388
363557
99
433008
323678
99
99
315467
124526
99
388328
103870
36010
58743
99
99
59549
35916
99
17561
81078
161463
99
99
99
99
99
99
446358
99
419499
99
140807
251636
217872
366648
99
234594
159141
99
99
298464
99
147741
99
304864
135360
341777
377606
99
330199
99
37486
40138
99
99
99
99
88
142423
99
229437
99
162419
11403
23253
115707
96955
91
99
9395
99
69758
192941
296044
99
428
99
227561
99
129697
29033
99
99
188088
15960
433152
99
468596
99
99
4210
101332
99
99
99
99
95847
99
34975
39218
99
97671
99
99
254309
99
99
99
99
68482
99
36005
99
99
99
99
58834
99
4040
99
7591
296461
90343
99
45786
183559
63752
99
99
190897
118842
12658
99
99
37982
68694
22305
56315
30385
91020
36529
99
99
99
4172
89062
99
22750
5660
469255
419922
99
422409
32282
8467
118
99
163525
6605
99
98549
99
295999
99
289860
357455
99
97
99
99
301169
99
150621
52804
38008
99
548716
99
99
77
99
13042
99
99
109736
99
262260
99
46862
188176
99
98845
167019
81745
99
99
99
99
202531
99
99
37966
99
414834
17859
99
193449
99
99
182116
26087
173399
99
55386
167583
99
99
99
99
69629
99
74331
99
99
198150
19280
99
90287
99
99
99
99
227491
276156
292729
236933
99
99
125052
99
150283
99
79008
20144
98
99
99
99
99
99
88302
169388
99
99
99
99
10547
11348
99
99
99
23744
99
99
55739
60735
43969
7262
99
361068
99
99
13503
459853
99
108949
36400
99
36181
99
99
99
99
99
99
55335
47342
21913
99
99
48944
2853
99
99
99
46693
99
86614
99
99
19073
99
99
99
451689
99
99
99
99
99
99
40898
99
239291
99
251685
99
433401
99
196337
99
99
48251
99
99
99704
108967
6904
411012
99
84683
54740
99
322395
99
190358
25868
76411
99
323092
10264
209074
99
22155
99
31638
196089
30488
62735
235136
35206
503618
99
99
55689
99
99
99
29478
140195
28181
99
447950
24530
36522
89929
240876
99
99
363628
99
99
31365
43993
99
99
99
99
43260
242085
365536
98
99
99
99
99
99
428376
99
99
99
23812
53940
99
99
151894
99
99
103400
20036
76765
99
37109
143169
99
323321
182745
238542
221533
99
99
99
89285
197503
99
274854
99
2572
49446
99
99
313806
27299
99
412986
20422
130939
204145
99
99
364707
53357
99
99
141717
250934
65271
38259
99
330845
99
99
107822
99
99
207571
84344
99
369208
99
2506
405385
99
471069
99
99
124848
99
99
58459
240192
167779
36519
172130
99
156360
97
99
116581
99
440600
3160
99
97
108899
145409
9342
162476
86533
12851
99
99
121626
61544
