99
10656
184641
75311
192056
99
99
85362
99
406726
347843
99
63564
41146
9791
99
290705
458066
99
99
2865
99
99
99
99
223429
18793
99
62784
606
107690
22111
2626
99
148144
99
99
38172
99
149252
181303
99
99
318241
87307
99
173109
99
48916
99
302941
99
99
7241
179617
376601
99
11918
134368
99
99
99
99
99
300
99
99
99
365454
5793
109976
99
99
6587
99
390388
99
69360
513
99
99
99
99
91309
8654
156116
99
99
129082
152309
303637
104718
99
44205
573046
132552
99
167649
99
99
244241
487181
99
8007
99
99
145461
99
158858
41700
99
358065
99
58906
99
247676
8110
99
99
80820
99
99
99
36807
219146
2962
129401
53364
99
430826
563
70902
99
99
99
239331
24743
99
51442
246443
99
99
159040
99
191069
450805
10948
122350
2035
70757
99
164850
5815
99
5226
99
99
99
98
11151
99
108805
197197
25675
99
269485
99
99
213120
99
99
98
99
9283
2331
99
99
99
93840
28467
99
99
25388
33787
99
99
30490
9078
99
99
99
99
133029
96
99
99
380566
99
221964
329382
131226
99
99
99
4361
99
44354
99
99
23050
99
202407
150553
99
367243
79072
99
99
99
75146
89383
99
207430
27335
99
99
99
99
99
57377
50841
90219
99
138751
72366
99
165261
99
99
98380
370421
99
99
99
30276
99
317074
99
99
189393
487664
98592
99
99
99
99
87535
324201
99
79561
99
99
99
99
52890
99
135885
113017
153634
99
97901
99
73061
99
223852
99
38113
99
99
99
99
158874
99
8860
367286
99
99
691
99
26893
34506
99
487290
96
99
2964
10659
99
50535
10127
99
269006
178627
99
225635
99
49243
218918
148903
99
172157
18649
306132
99
181454
99
99
61607
57001
99
140334
99
216053
99
376163
5429
7366
129585
99
99
353280
230744
39133
99
99
99
99
99
348845
99
17925
99
201561
99765
20429
65872
248741
99
129070
99
105122
99
99
99
99
343824
4079
54364
99
99
99
99
99
138514
99
14421
43670
96126
99
99
16237
393886
215560
99
168759
99
15545
57458
162353
99
146586
24867
99
99
99
108965
54067
99
99
99
60465
295982
40871
62751
99
251937
99
99
64816
99
99
99
99
99
57480
99
99
31282
52326
7802
76018
3039
99
307437
80759
72337
99
97
5773
99
99
326257
99
33690
74725
114195
99
99
99
84965
99
99
30707
317747
5526
99
99
99
99
90990
99
99
570715
99
43911
99
376374
99
270246
99
99
70102
49143
99
99
99
46588
44555
15317
99
404295
191926
99
72004
34499
99
41407
343482
99
99
99
278343
294447
51278
99
282656
99
456664
99
99
99
99
99
99
99
99
226817
99
99
99
216431
217075
6210
243642
99
291071
70094
185898
99
177062
99
206808
99
28935
99
166721
99
99
118562
131577
143955
99
99
59340
38190
99
25975
99
99
99
25438
99
99
168812
61876
194757
20051
468512
455486
99
591611
59563
99
99
99
99
99
135498
99
581344
99
99
181270
76239
99
99
37644
99
99
388515
327022
74484
430434
123710
82362
539553
99
99
234438
127012
255120
199389
99
84457
99
99
1336
226010
99
99
183834
464585
99
15500
99
132308
99
99
51009
99
99
392659
103771
135470
99
29790
99
463541
99
99
330003
726
437726
108914
99
68356
33773
99
232524
99
99
99
30916
2584
99
235096
99
99
99
99
45472
46966
5802
99
99
99
237054
393644
99
304404
99
99
89740
47142
99
269249
99
54774
59046
99
99
99
354250
212702
428088
99
13850
99
99
313686
99
130641
99
12404
537105
99
99
132777
291112
99
65050
99
69974
99
43242
99
284057
308253
99
99
99
29221
99
3741
99
26081
188488
99
99
99
99
20249
9326
317351
134411
99
99
31695
99
99
99
99
99
389931
324343
99
99
52084
174325
99
33838
202922
99
96
438879
99
99
271022
305236
332718
247275
179600
77853
99
57643
99
99
1404
86416
200382
99
395926
99
99
288771
128681
99
99
99
117096
99
209918
99
157132
99
99
99
35300
99
99
99
127991
99
244686
99
99
99
165806
60
166786
99
20343
99
99
147094
99
99
99
6347
99
158748
12188
4201
461824
99
125796
99
253504
322962
99
540442
39675
218597
99
99
58264
99
92158
228201
99
74661
66980
99
136150
92414
99
99
99
232
225225
99
99
200168
99
99
12824
99
98524
159825
99
473780
99
99
33729
19138
99
67546
5205
512046
261157
61021
86947
99
919
44240
240507
225205
158743
99
99
454004
99
1514
216776
99
99
99
99
99
99
19935
99
15342
212200
99
99
558670
99
31814
99
99
99
99
92554
99
413421
59896
17131
99
90852
40691
125890
99
89594
99
181910
99
264705
99
303246
133508
50
99
99
99
75992
79853
99
99
4690
96
94023
532172
44404
390693
99
98
177278
99
99
136196
33851
99
99
99
99
99
99
155604
185340
24056
99
116057
9968
313584
133522
99
99
1789
99
103433
463178
99
99
494394
298169
236336
278
99
193914
99
99
99
283629
99
99
148976
97
99
99
4908
427750
63060
284735
236006
99
99
99
99
99
99
94430
292730
4940
99
23773
99
182481
99
99
101077
99
37785
99
195156
99
6048
52994
99
99
35587
99
99
99
99
99
158980
99
72934
108240
569885
99
99
99
44591
44144
167885
74992
1752
99
99
99
162167
99
99
99
98
17934
99
213142
99
97626
36547
111996
158078
202274
99
99
172948
99
237086
99
99
99
99
99
199804
11517
99
331194
99
142950
99
347044
99
99
99
3256
99
313381
322455
331188
51827
87238
99
99
144695
114609
170373
24495
99
99
9807
22841
209264
241067
496742
70373
41460
99
99
99
106521
345171
132230
99
114487
97283
99
188435
99
209350
99
41166
95
100687
69337
31837
7985
99
99
99
99
464480
99
7026
238882
99
99
99
99
99
210952
99
53374
217193
99
99
1447
99
47588
99
97
99
99
107664
99
99
19818
134033
99
91672
99
99
105603
324637
99
93
998
401150
494063
186128
99
99
335341
99
253247
36126
375458
62318
27868
98
99
270833
333269
99
108777
438410
99
23408
40225
99
55020
99
99
57241
99
37958
99
1034
143487
7728
99
17070
67053
99
64578
99
99
99
79933
92667
135502
151406
99
136851
34447
99
99
99
99
99
432077
99
99
15386
55004
10068
99
99
99
132834
99
527030
95
164648
182489
99
61337
99
99
100211
99
188023
99
99
87768
4427
99
99
99
99
60562
99
99
99
99
215117
99
37503
99
99
294918
99
90875
99
99
99
33230
12620
17415
99
9130
488563
99
99
492902
180877
340148
322818
99
116883
79808
42127
11830
4536
24998
99
296101
99
50663
150711
91409
20395
246893
99
99
99
204602
367779
272603
239122
99
226001
38324
23570
10656
99
57561
99
171132
99
99
99
315887
98
154530
99
99
99
96
99
292839
68021
99
99
99
99
99
99
96
122634
569125
88679
99
65741
36138
29522
99
99
99
19751
60247
99
247459
52912
99
99
99
309409
197386
171
99
99
99
4841
99
99
99
225239
99
419068
227811
99
337
20346
213216
418625
27216
99
99
99
64524
580225
99
99
99
321260
61249
123158
6909
99
29734
229230
99
72292
96
99
462602
99
122946
99
99
99
211862
99
395561
47891
68204
99
99
99
17883
98
107086
22155
99
180936
536644
132380
99
99
198463
99
99
140392
99
40080
20596
19819
99
99
186562
97
138457
99
99
99
99
15226
17825
159275
99
99
265035
99
208347
99
152397
99
10219
700
19864
175068
99
99
99
43214
99
99
507778
344065
133606
226307
317157
7911
251380
99
99
99
99
99
18776
96
8547
65060
379993
82383
146219
99
188517
99
81072
99
17565
97
99
99
99
34518
99
5369
115052
99
8444
76614
99
99
624
89061
5785
153455
77511
151372
99
99
99
99
99
99
89929
1988
10564
99
243215
99
27509
99
99
98
99
203728
99
93
45648
99
99
99
99
99
4739
99
287422
255804
99
99
26455
99
99
99
99
307775
99
99
99
99
15314
99
334866
270160
99
244975
125363
96952
141399
114909
97079
496502
99
99
99
171344
252202
99
33814
99
99
99
99
51927
99
356725
300315
6160
99
264175
99
99
99
99
8579
16609
99
99
91121
92
99
99
98
99
99
99
78230
99
99
99
87342
99
288217
61393
281021
901
36260
99
92758
99
99
12050
130962
294763
99
99
68579
170990
99
99
99
99
99
99
37086
307981
99
46702
99
116043
122260
24852
98
99
162079
42303
454865
63305
99
542307
205331
99
129376
19985
62096
99
40486
99
13708
99
99
99
67778
99
99
209594
99
37444
99
99
21874
173911
99
99
99
99
15060
99
99
303178
58950
96
99
99
245989
142815
109254
247501
99
348317
99
99
136286
34285
99
99
89356
29568
275068
186774
136684
99
99
99
99
99
99
94
426501
61015
99
99
99
83868
99
25451
63609
99
99
160648
228678
40577
99
99
140790
99
99
115402
67260
99
99
99
470779
99
28925
99
99
459571
99
33139
358051
30217
64271
99
99
80537
40979
96304
99
70
127260
179450
216670
1560
98
82233
56303
93288
99
413003
99
99
209160
427849
70882
43294
99
63498
28765
86344
5989
36780
99
99
99
99
99
23880
99
89
99
45526
151125
99
99
93410
252053
99
551091
410640
99
177477
258436
331923
99
99
99
99
99
178969
99
252237
85128
22345
38822
99
99
99
99
229395
99
99
78469
99
99
253665
99
85860
206418
47789
99
99
17286
99
99
192461
99
110564
15706
189860
99
53246
14725
99
131228
99
60290
302243
99
99
21156
99
99
484589
180354
364262
98423
98658
99
7999
121629
99
99
84900
84031
99
589726
240667
72842
76316
99
99
99
99
98
99
172930
99
27317
38755
99
99
99
99
99
99
99
149638
40597
99
26498
3691
99
99
55355
99
99
99
26542
99
99
95657
46729
99
99
99
99
96
419369
12123
96066
99
185254
99
11226
99
203971
272660
99
99
99
127852
68239
5237
99
99
45647
340896
99
99
99
337267
99
99
212905
99
99
99
99
99
99
99
95812
82561
99
99
99
267161
37193
99
99
99
99
117782
260980
99
403096
472246
150115
167228
99
95669
99
99
388038
341538
388667
99
99
97
27680
99
277909
278341
99
99
329600
93
99
269294
99
99
99
99
99
99
132159
99
455450
176547
99
19466
99
99
99
469288
66648
99
86265
200072
99
99
99
99
282427
99
298852
99
212997
99
194323
99
99
99
99
43898
51036
99
405317
39024
10923
99
99
26886
57859
99
99
99
99
81549
194282
99
98
99
26177
99
99
99
99
99
99
99
451020
99
298445
99
140370
102
99
99
115041
99
432530
64376
155310
99
99
99
62439
99
324597
7262
280206
103626
179757
99
190771
229145
99
165735
145926
99
99
19119
99
99
99
496649
313649
99
6952
94793
99
99
99
558
99
112476
125524
99
13394
107553
39486
25255
99
41971
36337
352439
532218
107571
99
57483
99
99
156266
160505
99
99
69035
143492
96
11488
351719
82368
43
99
99
33495
99
80782
99
132883
99
99
22643
159567
99
188425
99
149137
42869
204496
95
100478
99
99
99
289839
175452
484628
117011
369917
32100
70766
99
262518
99
99
99
99
99
99
99
99
99
177408
99
471008
99
99
99
94369
281284
99
99
99
526874
99
99
99
99
99
2689
64618
131590
99
189206
99
99
99
62921
99
349343
99
406820
262853
99
99
268397
193235
97371
99
165979
35122
99
270323
77451
99
99
118641
99
99
41132
274521
46259
99
99
37275
99
74750
189676
99
113849
15102
99
99
10380
362641
158616
408
212748
25792
99
442586
99
99
58498
99
493452
99
39813
83807
521599
286876
99
185189
306
99
46904
99
201042
99
99
99
103119
99
578313
99
99
99
99
99
98592
38297
580335
99
99
99
99
99
108561
68358
99
99
403348
70530
99
8808
99
353523
441848
325085
14490
68280
196945
99
79000
80640
99
99
99
99
99
99
434069
222456
204869
388294
50546
174593
415649
99
99
56981
156151
99
99
99
99
99
99
99
99
99
230481
99
30667
99
75
99
99
397379
40581
99
56169
53988
47334
161474
33144
78881
50825
25680
99
99
99
68618
260112
99
99
99
99
22128
58496
99
99
61765
99
10692
99
99
26513
99
149186
99
99
99
99
99
285228
99
170631
365788
99
196400
99
4375
99
81812
99
20210
153107
164482
99
99
99
17464
99
99
99
99
99
109684
121172
304249
224
392254
470132
64180
196748
99
16440
99
99
99
99
99
203263
98
161256
73631
99
34038
3643
221119
99
24227
194707
131475
99
99
99
7058
95614
13274
123540
218934
97
99
99
16548
99
1852
356205
99
2115
34216
99
362814
490517
99
98
99
148603
150256
99
327849
180831
99
33
6203
99
340261
197062
361806
39449
99
99
96
99
169485
446180
239377
2575
99
99
91427
99
305593
99
99
19701
49648
99
32229
99
99
99
99
99
99
99
448220
206092
99
99
99
99
99
28966
56845
142709
99
99
99
589534
99
14614
29
99
99
178854
99
473
99015
99
384325
99
99
99
100536
99
99
99
99
99
99
99
52341
99
4405
456901
80038
29889
99
165857
90267
521411
218005
176849
99
83
314681
26808
99
99
192441
155185
436400
99
285777
99
99
99
213355
58832
211653
172593
96528
351006
99
442084
99
252654
99
99
89066
3941
94216
99
98004
99
99
99
346023
218783
99
38571
159765
51821
99
392178
95228
99
99
99
199655
74353
22479
99
184623
99
435288
152001
99
99
99
99
99
99
534
99
121689
99
99
99
55554
99
318365
99
99
99
253172
34697
99
99
172507
99
162743
99
57341
99
58064
162940
99
99
99
99
99
76254
99
99
99
99
99
99
99
255821
99
99
99
463501
73133
99
99
80521
114078
99
423679
99
99
99
99
328357
99
99
99
99
32903
99
138282
99
140677
99
99
99
99
99
99
4457
40153
223922
99
3162
24078
231756
99
59969
137264
8023
509387
99
99
252415
269197
340112
292768
191702
79771
108078
343283
108165
99
99
99
163627
99
206854
126458
542650
456773
84683
99
99
99
97
99
99
99
99
80713
2987
99
313370
23263
99
99
99
99
99
99
99
99
345382
99
226776
99
375567
328332
99
115480
99
99
99
165673
218253
99
99
99
99
104767
99
99
479383
99
24162
99
29811
4829
338929
147381
99
131906
83056
45844
106439
99
264227
7548
49542
89574
99
332437
3180
99
99
99
99
332980
99
31305
99
97533
40067
99
42444
99
38407
99
99
299381
236052
99
529592
99
59396
99
342191
50907
99
99
49413
441634
99
99
235344
99
99
99
86970
195763
77149
99
167115
99
49298
107952
99
72365
60447
325534
99
99
9410
28109
99
358629
500288
5977
99
99
151988
99
99
91
99
99
8213
114606
99
110450
99
99
64433
99
35243
385049
99
99
304775
99
99
160834
99
114291
45031
99
98409
27585
109810
99
99
99
64564
99
278653
53937
8179
99
99
99
274443
12028
99
99
99
99
99
38082
99
99
39782
99
99
99
556700
187488
99
450678
458676
472019
99
99
99
829
99
99
99
192965
335495
719
99
162567
76679
99
241059
59033
18458
222915
17403
99
99
154179
22310
99
99
99
99
99
64681
99
86930
99
2086
102178
229954
99
99
72812
179382
188956
99
99
99
99
425318
99
208646
99
99
99
181955
215735
21143
6311
130472
99
12780
55905
155576
258321
2859
99
99
4800
142230
99
99
130019
99
66318
99
99
99
99
33
99
99
99
99
180171
99
99
583
2442
99
520875
41605
100252
85
16542
99
135678
36978
99
146108
99
99
99
93822
99
310607
63208
99
99
68992
299413
99
88229
99
99
70835
423851
434757
119438
99
396454
99
45631
64816
386675
40973
99
99
99343
99
99
99
379178
99
99
99
165242
99
99
99427
99
32590
99
176078
236087
154559
185958
99
99
402027
99
99
99
99
99
51443
78677
99
1265
99292
83325
289636
99
99
99
99
165107
70483
99
99
99
99
99
114529
137736
30791
99
109386
4928
99
91568
99
136645
99
123843
104283
252948
100229
276778
99
99
99
172757
67301
74825
99
421178
99
99
99
99
123944
18969
12097
99
294956
96
10593
20850
289164
18141
99
461188
275822
30180
99
4828
66479
196630
136516
77528
199598
9152
106170
21595
8406
99
99
99
133084
99
434653
76404
114790
308199
287119
514667
99
99
248913
157198
99
714
250968
76821
99
345454
24965
99
99
99
521191
8287
127052
85588
198946
14680
98563
96882
60566
99
99
99
20090
151059
2340
99
99
99
99
99
99
99
156823
99
2851
2423
118731
99
99
99
843
225194
99
99
99
37921
99
99
99
99
340299
172208
192748
99
99
99
99
99
99
314053
99
192983
535735
99
138151
111309
99
99
99
80908
25849
13721
99
18735
339136
155364
80167
99
99
133072
44622
99
99
99
99
99
99
99
96
99
99
3223
99
99
99
71896
35779
510925
99
11212
13433
99
99
170385
57159
99
99
39070
99
99
99
99
47252
99
99
354751
99
41670
550980
99
99
224270
28481
525678
24937
99
99
126653
324784
326850
99
99
23160
189163
162164
4074
99
99
99
193320
99
99
99
170410
58823
218959
239258
45361
99
62941
99
99
99
99
39919
148601
99
129732
99
51369
99
254842
99
99
99
99
99
68373
99
96649
311802
99
183787
99
99
37309
81949
99
224457
99
99
99
8963
99
99
92
99
454818
99
97
1200
99
376631
99
99
99
218193
99
158175
99
194824
99
81748
267898
99
99
115728
335762
99
99
99
35043
99
197384
99
426972
197634
133142
99
99
99
24860
430589
331298
99
99
88653
99
142301
52858
100803
99
99
43422
99
4284
64104
224725
99
130977
99
99
44156
99
99
99
99
99
76062
99
46237
470243
132868
99
99
19216
154465
165027
99
99
32395
297709
99
53075
99
72555
118420
191901
99
99
222185
99
99
119964
99
135501
25742
35944
99
64331
16914
350787
99
99
94
256288
184681
77818
99
108518
99
157522
99
257017
3835
99
410407
63072
137598
43949
99
99
15019
268345
221786
99
69037
106460
99
13071
81999
99
280996
11510
99
71532
426698
34208
99
225615
99
275825
99
206282
99
104296
62278
99
99
99
55714
462446
71633
11700
180382
99
99
8844
99
99
7703
99
1558
105738
164455
99
210336
159697
99
130981
260569
99
147168
111406
346174
354495
125946
99
297251
152811
478380
99
41782
81077
20822
99
99
99
99
92880
96904
55851
99
99
138339
99
99
99
99
99
54089
99
14613
175241
99
99
91587
197919
78981
11985
99
640
99
34368
99
108274
99
99
99
395243
99
99
99
473051
385789
168176
99
99
99
84888
99
99
74186
99
99
99
36908
99
213277
262703
99
117235
6058
99
10299
120781
380202
99
99
28000
91570
37058
99
4702
58298
99
1480
271555
99
99
367616
99
99
1000
99
92
99
99
99
99
99
99
99
168735
253046
99
99
7218
99
98
473489
99
160161
34010
99
99
99
99
18912
89364
49046
163415
99
99
99
10325
93552
4611
99
258
99
99
217183
510772
263672
120430
99
99
49227
99
99
99
8555
176707
328448
195887
99
99
216004
801
388929
20202
99
78544
9555
99
16740
99
3941
99
99
99
62544
99
99
290788
50818
339289
76579
99
99
482844
40786
99
99
537718
24695
99
99
4721
99
86606
33395
316180
99
99
99
99
99
75
99
99
78930
99
99
72360
196620
52
99
127471
99
141730
99
94683
99
99
99
99
99
370408
99
99
232675
99
74
189982
99
99
30875
217464
99
89414
208626
218523
99
372061
99
99
430848
99
99
99
99
58114
37666
226533
99
139542
99
99
53423
106468
99
193248
99
209727
99
109828
99
99
99
99
91619
7132
9300
4576
99
98
121263
17566
168924
345658
86995
99
99
482763
99
99
44669
99
24377
99
99
21919
185032
99
125342
99
93581
99
99
99
399676
92649
99
53946
43124
99
339056
99
263674
99
99
99
99
10513
36149
99
99
99
5086
99
62581
136305
99
125783
99
99
99
94871
99
1866
99
99
99
274316
63685
202929
99
99
273427
26750
69067
99
352860
99
99
99
254002
99
43015
111915
99
99
99
133799
99
85110
269221
21853
282999
99
82769
99
3731
99
99
99
159056
99
15506
214660
320161
136974
99
29512
84471
178603
252223
365673
213909
43815
99
38745
99
99
99
297678
11263
94
443804
138940
99
51392
182771
99
99
99
18201
429496
99
103868
95607
99
42817
482518
99
426927
52337
99
26702
99
64072
99
99
52054
4770
99
222053
146273
99
99
99
157951
285222
99
93322
99
99
99
32972
99
99
351854
99
95878
341868
99
113757
136575
124254
99
99
118138
99
19379
39837
99
95186
99
99546
99
99
99
267312
99
205303
99
99
99
99
99
99
99
44792
99
210212
99
99
76726
93
99
375590
99
99
18841
352630
19611
99
144554
99
99
72175
54816
123431
531916
99
117057
97584
99
99
99
756
45924
142084
175096
489145
99
76079
99
99
17843
99
126964
99
57723
335138
25209
11682
138880
93679
44742
855
99
202453
33638
151521
105380
283402
153536
408592
196451
1488
103383
99
99
99
297737
99
99
96
126762
24994
398252
99
99
99
99
99
204912
99
337239
164338
22954
99
99
192377
235872
99
20485
23702
99
99
110735
6032
99
40570
302193
99
99
99
99
99
99
236136
99
99
99
203840
354403
99
97416
99
50264
103422
1805
99
99
26709
88860
11777
99
99
99
99
99
123896
99
99
99
274105
161586
127339
216160
99
169278
20024
133690
2989
10499
67741
99
97450
99
33817
99
84762
99
99
98
70951
27762
92
9034
94474
99
16189
18355
345512
163958
332636
83950
99
99
41714
99
99
59258
313416
120541
168163
99
99
91893
99
99
99
99
99
40625
18075
99
278773
105364
99
99
99
99
188878
346530
79950
99
58802
37382
14443
54795
99
99
99
96
232136
99
118136
99
99
99
99
99
99
99
113971
108698
99
99
99
99
241697
7495
99
359709
99
573240
99
4400
123352
122200
357826
520048
99
99
94030
80004
7824
17773
83590
520031
2257
99
6470
99
380677
102562
361732
55978
99
50771
51468
99
99742
205393
377875
99
132998
99
16050
99
99
99
99
99
79392
11502
99
199183
301024
87887
197539
41280
32492
211766
99
99
99
657
99
67621
330
23143
156479
4959
99
99
99
99
500158
39859
99
95232
99
199433
99
34262
99
99
99
158458
90432
45136
99
99
99
99
99
99
122864
36843
99
99
99
99
99
99
530572
99
99
99
80997
99
99
51498
99
307002
2283
99
51217
99
99
365186
99
99
99
99079
99
99
338563
28267
181536
97620
8521
99
132784
65820
99
259598
99
28747
99
99
336411
99
325471
97
99
38054
99
99
99
99
99
153916
99
99
52385
99
35931
99
104722
99
19024
99
9090
123829
14065
99
99
99
20949
99
64696
99
45857
99
73267
93425
63134
99
99
99
124451
250192
99
148613
99
99
284061
1405
99
99
162637
345244
107621
316835
121358
99
99
57392
1086
72418
99
99
323623
99
198231
99
223499
99
99
66528
99
274691
99
13413
97
98
62092
77907
99
167860
171951
368984
99
6985
19000
403328
99
99
88646
94076
99
357495
72280
99
99
102671
99
99
68738
2991
65389
99
99
99
99
99
93541
272958
355757
107676
5037
99
99
120134
99
99
99
99
77766
99
99
98
399509
63127
54763
18927
88663
39045
99
99
27246
99
200
99
281336
99
48078
98
99
99
114488
99
121818
99
27986
108481
99
99
99
390306
99
19111
99
99
99
99
250470
99
99
99
95802
99
99
65676
9671
9939
418839
99
99
99
3559
99
99
212650
99
104527
208866
99
144956
249538
113191
208841
99
252390
99
169972
99
426582
198443
99
76189
20340
314812
99
4397
99
99
99
99
145560
170714
99
116053
179605
99
99
99
221719
126546
199809
48466
380499
99
99
102350
99
99
99
99
104308
99
99
23525
251320
99
99
344089
32307
268811
35156
194563
99
98310
97958
315278
99
99
99
99
99
380869
99
12139
99
8452
99
99
99
77135
99
2791
99
3312
10685
45346
106468
99
253886
366342
63281
99
22170
99
99
485584
99
50177
206089
55740
99
76858
99
291953
288319
99
98
97
4047
99
390398
99
183031
97243
99
99
377211
105703
95170
97
99
99
50390
99
99
326948
99
34655
99
90985
103992
99
183834
99
88
99
67179
99
290602
99
99
98
99
99
99
86
99
99
140873
99
99
99
295147
410787
99
99
221334
99
57289
99
99
39723
56313
152091
99
99
45738
99
99
99
99
178942
230189
99
20580
80739
110866
34472
91
215717
96045
99
99
99
102605
7044
230453
61161
99
99
3603
99
99
99
274290
99
160610
15634
99
99
337264
99
123486
37313
71924
43027
97
83246
99
99
99
74
99
99
99
508315
99
31926
99
79306
99
99
99
322943
99
99
90938
43
99
99
236686
99
108098
99
401333
99
269307
1120
99
5715
920
99
70
99
109909
433917
99
99
99
262172
253771
99
27386
99
12503
417386
99
99
127526
99
82560
99
99
4139
231745
168725
99
12486
44120
99
272893
9460
99726
160212
75281
99
80714
271994
136888
99
203638
54002
250055
177175
411589
40425
99
99
340038
99
32359
99
99
1679
21877
99
99
97
99
99
387505
99
99
99
99
99
99
20122
437307
99
409088
9287
99
99
70686
99
99
99
1068
1676
63860
99
99
99
5833
416274
99
239611
99
172318
15447
25289
189939
117625
99
99
99
259898
443532
61546
99
99
99
99
35527
99
47471
148181
99
99
191627
45441
99
5290
99
99
150568
50784
99
26112
99
5573
25485
12300
28784
254790
78260
99
99
374863
295917
99
99
1427
246900
99
99
99
99
99
4376
18782
43963
93
99
99
155749
99
372372
99
99
33763
98
99
431598
68412
99
81401
99
62743
99
99
99
99
99
99
99
99
96
99
99
7934
39613
99
99
4157
99
99
99
99
287920
99
99
104721
99
99
99
3975
99
99
99
61779
38661
30034
98
379339
99
517467
99
99
189672
99
438030
99
99
399248
99
146205
99
113062
99
93
75921
99
111209
99
99
99
258534
12515
99
99
24771
23788
89801
18604
99
41204
99
99
99
93
10071
195695
99
14472
196157
179825
99
59830
44929
66482
99
133133
99
99
99
211356
28223
99
1064
32512
192010
99
99
302559
42302
99
19170
48074
99
140094
158277
336940
99
99
99
97
313962
99
99
192994
221960
61262
206602
425847
99
99
99
99
3955
37285
99
53400
99
99
99
38906
99
99
227734
96
99
99
47006
110934
99
99
99
99
99
99
45366
18161
34333
133564
24280
99
55672
340055
99
2399
547769
59039
99
99
99
99
99
49093
99
99
99
99
99
52575
147349
99
99
99
99
158022
526214
499056
99
49186
20532
99
99
18147
253554
99
99
116643
99
99
99
98
11494
159438
21658
227154
99
99
165574
99
21169
99
108929
70310
218856
99
99
230119
99
99
187824
24652
4935
3049
99
147610
410143
99
99
328788
99
99
99
96
174044
99
16238
26323
99
84584
362356
459972
74639
99
99
324368
351751
109784
136916
99
99
31381
79689
44971
99
99
99
99
99
99
13335
24144
99
422608
99
10581
99
99
56053
51906
173008
227328
340108
199395
214471
14385
199071
393044
99
99
89074
99
55403
99
106006
456175
12555
99
99
99
99
99
201167
99
99
97
99
99
1427
99
277283
6043
99
99
17691
293433
99
99
98
582298
192888
1896
34551
99
78803
99
36255
99
99
99
99
27652
99
99
236656
322033
99
84771
99
46685
99
99
99
99
99
203221
100194
10650
195137
134098
215591
99
99
40591
99
36831
99
99
99
69540
193327
18304
99
99
99
99
99
57860
93884
99
99
10902
99
99
99
497926
200317
99
476776
14747
99
14205
14963
99
99
99
99
28
451838
99
99
518376
25410
269518
450990
175255
99
239524
114166
470984
99
290131
63227
10703
99
193323
99
87282
395049
99
99
87310
269327
65781
99
99
29957
103806
99
26179
88288
83928
99
99
177835
99
99
81186
99
99
99
331539
91
99
99
342877
395116
99
177916
2036
175642
164264
99
17533
1
99
99
26175
251396
99
99
53054
81251
99
99
21034
476140
17040
323644
99
31381
98
12744
99
87904
5314
99
91949
99
99
99
13391
42951
242654
99
99
99
4510
99
99
111440
23758
23356
99
99
99
99
150263
211836
3395
99
99
133664
22134
99
136544
45863
52029
256779
99
58816
378009
500103
295046
99
99
99
311038
99
417058
99
99
99
24821
99
99
99
99
99
187922
99
49858
37795
346421
99
237700
95950
347
99
99
99
99
435700
15605
99
99
99
99
77825
91216
273352
99
173370
4349
45542
99
99
41988
201873
296238
272499
99
272367
83941
99
8292
99
99
99
99
99
18851
30505
99
97
109034
391949
114780
25314
73428
35730
589874
99
99
99
222713
405739
128463
109634
99
99
99
48101
327555
99
211186
247149
99
99
97
99
99
98724
99
99
99
99
99
99
93
148723
370731
73530
99
99
99
99
99
99
169657
105464
12992
99
99
99
392487
99
126669
14441
99
38774
99
272792
99
268836
126239
98
99
336846
3220
92820
405621
39147
99
16142
99
339667
8580
335519
142668
251077
72777
11156
99
130920
97
99
121089
386036
285380
521803
99
99
257299
99
99
259413
99
40117
99
99
99
275734
47814
99
99
99
262442
238463
99
220157
147979
69489
98
5799
99
23648
423572
51592
99
99
498527
99
99
99
99
217265
99
69744
201115
99
99
99
101177
153273
99
99
515409
99
99
99
115834
339588
103350
99
38948
411
99
160356
300558
99
299720
516136
269745
98
99
99
99
93
26534
341245
128218
422527
99
11743
117876
409912
99
49635
252166
407852
264099
9993
168927
96591
203578
8257
91581
19195
99
73399
31061
1430
99
20268
386855
40368
28762
99
243257
6701
294886
99
99
208439
99
99
136478
99
481035
548674
7945
99
99
47105
250582
99
199938
99
222925
99
99
238122
99
99
99
66660
2211
7279
483341
434136
24623
71829
32883
99
90
99
99
129679
62192
99
69317
144165
99
99
99
161180
99
213213
99
99
99
99
301915
99
99
65586
99
99
99
99
99
99
29957
1376
99
69735
43124
99
99
483881
124556
99
99
99
571775
99
99
91678
14382
2377
99
106745
99
99
20663
99
183214
99
99
99
99
439315
50459
8449
99
99
99
169000
307493
295597
99
43764
270378
516214
96
21434
99
99
99
129899
99
99
99
141064
99
99
99
238656
99
99
99
99
99
283777
99
99
206648
448618
99
203000
99
227682
99
99
99
99
99
99
99
99
99
354720
5470
374521
99
9952
99
45501
99
99
310368
99
99
99
99
440472
56218
99
358433
95211
6164
174392
99
122010
155885
99
178660
99
286494
375027
99
99
99
116611
99801
431857
297158
99
99
85712
329
2553
19544
99
99
99
99
160438
99
422910
49215
99
99
99
120401
327345
99
83364
99
99
99
1170
129471
99
99
99
59067
98884
172445
99
77296
17373
99
439928
140939
99
99
99
343609
111550
99
99
353836
54796
353367
99
149342
81297
369944
99
284306
99
17869
134316
30290
58078
425329
99
3210
99
165948
139795
34560
99
156724
247526
99
99
99
99
99
225631
154316
99
99
99
211470
162145
99
99
116749
99
99
99
118388
99
133913
99
99
144785
177759
30301
128986
99
264553
99
134923
6698
215141
332501
99
99
99
99
104769
166770
80192
24829
99
99
99
172819
99
74149
83082
99
99
9276
99
35909
99
99
99
99
99
99
99
99
329673
66204
99
99
118646
102890
52848
99
99
99
99
16964
485958
291576
99
60714
376815
99
150321
98
7896
99
99
24926
99
99
99
48880
28713
99
99
99
99
99
129159
99
99
99
14117
96
250309
225378
329301
22804
275214
99
469439
179550
99
99
160837
99
99
375948
30493
124833
356362
99
50677
99
99
128123
99
99
72135
99
99
99
234466
99
73604
156181
99
99
107030
33545
433542
121607
99
51858
207489
99
248739
291396
147087
3644
99
99
448694
99
99
16019
99
99
80678
99
101259
268686
97
99
22712
2169
99
99
99
99
99
99
99
99
99
305062
98
99
99
235127
109769
99
66970
31266
29556
99
165766
99
148
99
99
99
262408
99
209835
99
364066
99
451863
139267
83300
200997
99
13275
99
125606
99
99
99
83234
139240
187082
78538
99
99
17000
99
99
142864
99
482297
99
99
99
73711
99
99
99
99
99
56155
354410
143207
98
116998
301516
33335
328701
278272
99
1023
99
43194
57991
99
211841
153680
199554
99
99
99
99
99
297839
203211
99
327617
99
420011
99
129258
19174
140152
313363
99
2131
99
99
99
99
99
99
60044
99
320775
197242
99
99
99
99
99
119636
345655
99
99
99
447022
99
99
99
99
72640
99
58839
366319
185300
99
99
99
226415
30763
99
31610
99
140236
99
47586
99
8617
37920
99
99
99
99
99
99
99
60502
156816
99
318350
357604
99
99
99
99
32641
182727
99
99
111756
1198
97
222286
10195
99
99
99
99675
99
40484
166298
99
105420
99
99
39783
31177
99
99
99
99
121060
187105
99
99
99
228888
761
99
99
334102
885
39067
99
32655
99
99
99
433387
236982
99
173849
309781
99
99
99
99
44098
99
70
65360
120748
99
99
138241
2248
355327
99
99
99
99
99
163437
168893
99
388277
188908
361193
99
99
99
165954
401065
99
98
476494
39283
99
99
146408
32
62888
99
99
99656
99
40587
73034
11611
99
99
99
99
99
165389
99
99
99
99
99
142655
37602
211159
99
99
163458
102675
321242
389814
99
8475
23831
99
99
99
58622
99
306279
65816
3964
16085
91
99
260356
99
38244
200908
99
99
206129
180361
99
306462
33318
50072
69330
86384
99
99
99
40596
32500
99
549056
99
120365
99
15533
99
99
400226
99
99
25147
4379
99
99
160284
42369
99
240609
99
99
99
99
223168
24149
99
99
99
99
26778
99
42017
99
174763
347897
99
61901
138712
99
99
32134
59855
99
244294
13035
529400
449794
99
99
372602
222988
99
96
99
97
99
99
99
46409
468748
99
99
270242
99
25437
3191
41650
30234
99
99
99
99
99
99
99
99
99
99
151504
99
99
273653
99
99
16568
8934
99
99
107649
99
205095
67333
68793
96
99
99
40841
417589
424799
17837
65520
2220
99
99
69071
99
103207
178669
80433
99
99
26096
99
88017
99
142087
439375
99
171458
99
99
99
99
99
78021
158485
174389
45479
96
26853
312641
99
301368
218291
99
89
446341
99
99
99
99
99
159792
99
182652
258780
272555
99
99
99
99
99
30245
99
99
34271
73760
205321
354415
99
99
99
372367
99
99
99
99
9068
99
151232
342785
99
99
99
99
99
52379
309393
99
274600
99
131708
6545
144041
99
196673
45038
99
425885
102389
99
195208
206733
19647
99
69599
99
160323
99
99
270240
3830
99
99
23740
99
99
99
99
99
176213
296774
99
99
99
97
20625
99
99
99
160812
124585
204786
547568
96
358440
99
99
99
99
10424
115190
99
72416
2624
143870
99
99
39394
99
99
270937
99
364846
232720
99
324895
99
144078
455
99
178513
35806
99
99
99
99
19274
260916
163329
93
142688
5773
99
99
5104
220588
99
260704
109242
179785
114219
241746
99
31486
99
99
33604
99
99
99
99
99
477916
230516
99
86008
259806
234396
99
99
93420
99
99
99
235657
152419
99
99
91704
25362
203071
17188
99
92792
99
99
144789
235216
99
360080
217693
8194
99
115914
99
99
99
4347
99
99
99
99
99
261106
203993
87895
340781
99
99
99
99
51090
103722
99
287694
99
99
99
99
99
99
99
292789
64402
99
31923
156683
99
99
99
60993
99
99
99
99
99
8940
200594
210871
158248
99
99
99
148441
99
89627
97
63
233052
269487
264466
105967
99
99
269502
99
96
1142
209659
7081
99
99
99
199919
99
151511
99
240612
99
26567
243410
170360
99
259222
99
99
489607
18592
99
147133
431227
521839
99
271715
98
92611
89
358105
99
54615
99
99
59886
99
462317
222979
99
99
99
2906
99
164477
99
99
199241
110000
33619
53912
99
99
3827
217793
99
99
99
99
99
99
31283
99
99
554451
33880
99
99
99
103337
2413
99
99
2775
99
202993
78279
174024
201724
523056
234717
101134
99
23365
99
99
99
99
45620
120851
99
99
99
345371
99
99
99
96339
99
9060
293013
217043
99
99
133645
99
99
99
235887
99
96029
37043
99
99
99
42785
99
170522
46818
99
99
123311
34564
99
99
87905
99
362410
382028
425579
228318
99
99
164271
407828
213598
99
108841
530450
14529
99
99
99
53764
99
164145
99
478960
99
16465
4336
95389
263931
12509
99
99927
23895
25430
137388
118878
89035
342410
99
462360
99
99
236547
1546
7122
419638
207586
99
99
