258943
99
408563
99
99
59214
366863
99
99
186170
99
99
99
322869
128502
52570
290523
99
99
69762
99
99
86378
412441
230794
99
99
99
180963
99
94319
87812
350710
99
99
99
43477
99
99
158333
99
99
99
99
99
99
99
99
196478
99
464266
99
97
99
99
17594
36138
575128
99
99
99
3941
99
45421
99
7021
99
99
115650
99
99
99
310845
99
99
99
3791
99
628
173711
43190
29
332042
99
99
74899
8343
99
154899
337464
99
98
99
99
353925
20815
248895
99
99
99
99
99
161724
144979
363841
97
99
11584
131345
99
99
99
99
99
99
99
394499
114938
343823
247370
99
99
146859
190380
227093
99
99
99
99
183912
99
196867
271173
89960
164924
59740
99
89918
351430
70578
99
181166
99
19016
214836
517405
99
99
66
309646
262327
99
99
99
99
165468
115295
99
349674
35596
99
99
9195
99
17074
99
99
99
99
95
32171
249007
99
20305
99
99
99
13092
99
99
99
99
99
265867
528213
59889
483016
99
99
99
8176
88667
99
88507
328882
348153
4149
472258
98
62529
37900
140418
99
128792
83
182770
123853
99
80713
70490
99
99
125246
99
165021
164553
99
678
197711
97
99
99
355758
99
69096
373608
99
99
229676
99
484442
109230
34106
49860
549973
75760
81336
99
99
490519
12237
39962
99
220755
352431
99
299412
99
275055
99
42036
251259
313158
99
239322
99
99
224789
99
319925
10226
533517
27369
90037
80805
39754
16590
99
99
236911
99
77213
337115
18020
86469
99
99
39495
99
99
171390
3001
176838
99913
108033
389256
275737
41447
99
231324
99
6950
99
99
40767
137184
30310
17514
17549
181877
18267
99
133856
99
224440
99
62537
80943
99
204796
99
16504
99
99
99
461959
99
99
206855
335452
103463
146884
192970
198180
105722
36866
29761
120019
116610
99
99
99
99
99
159849
99
99
99
99
99
99
140451
99
99
99
136392
94560
8120
99
99
99
99
99
110886
558773
99
99
74996
99
81167
21915
271464
66452
99
219776
99
99
99
99
99
18020
99
99
99
158700
208530
268279
99
132720
499765
384284
99
99
58257
104518
99
24125
302032
52600
225463
99
99
99
180357
99
93
44141
99
17847
99
152226
99
99
122305
99
99
276732
90733
124141
103623
99
99
252490
8568
53527
99
11113
99
19792
185655
87701
99
259900
139771
468711
99
99
209555
99
99
99
99
206554
333437
106271
86942
99
99
17112
99
225289
398138
99
99
99
99
99
275505
99
116202
99
5043
99
368858
203996
149220
99
99
99
99
117882
99
99
99
99
98796
235726
99
161624
99
99
99
397778
99
215649
99
100752
82300
98
99
26172
329864
99
509507
212321
73313
453692
99
99
99
99
85486
48727
375728
99
99
223945
99
99
99
99
1500
247980
72143
99
99
308148
188247
87
99
16696
99
99
435149
99
135362
99
47420
99
99
99
183473
96
99
99
47539
169590
3014
187895
99
256729
99
99
58
171203
136396
90129
99
99
99
99
43323
99
99
99
99
99
1710
16489
99
99
99
16349
138097
99
543340
99
99
99
99
12272
99
99
63575
1160
9349
99
99
99
99
52783
99
4793
99
11589
99
13578
99
14655
99
248374
336224
9549
124042
383404
38599
99
500980
99
99
99
99
99
99
28042
206300
95
99
99533
99
99
1106
99
99
99
99
99
99
99
99
313390
99
12638
99
32083
99
484751
11126
99
158835
99
99
140331
227881
175865
99
77679
39258
32007
29439
28569
9526
182204
99
131179
6858
99
237180
99
363471
99
99
99
99
86032
39852
43558
87308
76028
200877
99
99
45236
99
29148
99
8615
172914
95
99
99
99
257656
232059
88841
99
99
103720
99
143166
141948
99
99
99
99
99
99
34145
99
70939
99
81939
265132
304645
99
99
99
130303
110140
454416
7731
99
17266
99
374847
99
450651
99
99
99
99
99
99
48406
13
134793
422469
235700
99
99
98
99
99
746
41504
99
150779
99
99
99
99
99
99
99
561362
557466
99
99
99
56011
18277
99
113300
99
99
99
99
1411
399485
99
99
209478
99
99
99
1269
99
230756
216287
99
141864
3077
99
358029
2077
99
47294
244704
99
433868
27531
99
90517
99
99
68475
99
99
99
99
99
99
221436
99
12078
311612
99
99
99
99
99
139114
431627
419391
37848
141350
119047
99
99
206606
99
99
99
401851
98
99
99
103105
99
99
140836
108716
145251
69379
8900
43888
99
76449
132308
99
135141
99
69912
238355
99
73344
99
405633
282907
268130
393003
19669
248302
269633
99
19108
99
99
31136
240899
108525
99
174249
216044
99
59562
77308
172455
251096
97
99
274287
234760
99
148161
99
9205
99
314686
99
99
589744
99
145251
235771
99
99
174848
99
102430
99
99
99
99
99
38597
99
96
99
399763
99
49236
32940
99
99
50905
98
391517
99
99
22130
99
155086
99
41705
99
99
99
61442
99
46890
99
463798
99
99
110173
41758
99
99
99
462680
148628
99
99
99
261019
99
99
99
99
101640
99
33946
99
99
7075
4622
99
68666
99
99
190151
311238
24541
485932
99
99
64299
99
28843
99
143620
500167
30535
445510
21604
18188
99
99
99
99
2818
99
99
2075
99
2671
99
99
274892
99
264634
90324
98665
145229
99
99
154971
99
99
99
99
99
54240
129599
278974
159147
99
99
191547
10896
99
25818
445914
179092
99
99
2121
99
127623
21774
128813
99
99
99
154170
201025
8131
17959
99
99
99
99
99
99
474731
378075
50370
111081
126749
99
99
99
121383
168898
99
99
92
99
96032
99
99
99
99
460939
99
2332
148260
219100
18996
265683
249642
23873
97
99
7248
99
99
362877
4278
99
99
417740
304374
99
99
99
32879
99
99
18434
99
99
99
99
62955
179817
380022
94508
86814
99
99
99
99
55096
99
99
1607
99
85333
113884
99
99
325078
148963
7364
97714
231629
504506
99
99
99
375904
60522
58991
15562
99
99
127275
44755
100742
99
365242
99
22642
207979
30357
342395
79886
51549
99
529730
99
99
23759
99
14144
99
99
342188
99
392691
166230
83939
80567
99
99
38217
85
99
129758
99
99
99
80754
99
99
99
99
99
99
99
61299
99
99
328133
293173
201463
122149
99
148637
163915
99
99
99
89968
201755
238048
176179
150102
84584
99
99
355857
99
22624
99
99
98
54348
30966
99
99
295607
99
203848
99
291069
7547
69624
57039
99
61686
11371
99
179011
69165
252141
99
99
41453
19834
61720
99
132180
99
436764
438070
99
250223
229726
94954
351934
249276
90683
99
15500
15625
99
56222
107285
124575
6888
331740
451496
99
146595
512605
62073
99
99
99
4278
99
435607
143445
218045
99
99
99
99
99
233348
262270
99
6543
99
99
99
99
195620
396868
99
366
63761
27390
98
99
23765
114469
99
103352
5514
99
266770
99
99
49616
99
96893
99
17984
99
99
99
161
243694
99
194363
99
430977
213072
99
62663
98
99
312365
28427
99
99
32076
54894
124023
41449
79924
62120
258653
213205
99
99
70106
99
38022
457132
99
99
99
133070
76160
225576
431226
31183
232804
99
81749
99
49742
13634
71566
99
99
99
132383
33620
4443
99
401190
21896
6334
98
117120
4560
99
244579
99
120434
170489
101455
386006
200639
90867
99
99
99
56380
357868
24395
99
7793
415020
194601
107960
45560
202246
99
33459
199342
99
137715
62066
63183
12462
18540
36252
108028
25982
99
419072
71346
277456
99
101665
773
99
43203
15169
207286
136460
99
324943
149769
99
99
183817
34891
57284
396761
99
26543
451624
301967
99
342058
99
515880
20936
99
99
306827
22373
87106
14053
84499
99
99
111305
99
99
177803
330821
99
99
306490
99
99
99
319739
3929
179362
99
99
196533
99
99
312388
130670
99
109766
99
3254
141880
309452
69027
182271
272026
99
99
99
48894
523139
117891
16882
65492
67302
228894
99
99
99
99
55084
38635
99
13637
99
99
99
196236
99
99
66905
5639
47057
184366
13765
162554
99
42109
99
99
113986
99
99
323533
99
388974
99
99
400341
106152
99
99
99
306010
380929
87678
99
224
190372
99
181416
99
99
235324
99
1881
408742
99
99
85858
87
99
27942
99
82660
54257
471222
99
349545
99
41070
6827
99
401404
99
99
99
99
260320
210347
156586
99
82004
99
206896
23414
203213
240992
99
99
99
96
565651
151883
99
99
99
99
11114
99
99
99
109591
99
142050
14369
99
99
99
175970
99
99
466741
99
303155
98
25671
99
99
99
99
538
196770
173131
99
162448
119840
99
329864
99
99
282632
99
386508
99
99
99
99
242663
99
166758
436588
99
144
224842
118581
99
182747
99
43559
86365
99
5386
99
99
123476
99
99
99
99
79303
423612
99
299395
99
24880
99
99
99
98
64548
99
4554
99
37224
143391
99
3180
99
269844
99
99
99
34237
55003
99
446641
360126
99
99
99
274117
46202
99
287992
99
346815
99
146032
92530
189968
99
52503
99
99
87210
99
99
99
99
24321
19623
99
400445
1452
437709
125321
99
99
332571
14008
99
17836
19671
419461
213242
99
140671
502717
174780
99
96766
99
99
99
99
47886
177050
99
88542
47001
99
99
99
99
105850
99
182717
71611
99
99
99
99
99
99
99
98
99
99
236510
99
129319
269955
182198
99
123872
99
338596
248787
99
208733
99
99
23979
97
99
97
1667
99
193960
99
271283
331222
143713
99
99
150774
99
34486
160855
99
17467
226428
99
98097
99
99
23448
99
99
463091
205119
99
99
99
129362
99048
99
139300
99
15153
99
99
99
441358
99
99
99
99
99
99
99
229490
99
99
99
99
61203
163865
16815
88685
99
99
99
99
99
226079
99
99
37258
99
99
70105
99
99
99
99
99
47583
99
233161
335204
99
272951
300290
99
99
198158
99
43677
99
2057
99
99
99
156832
99
21598
99
205988
99
99
99
99
99
99
99
168966
49730
99
404344
99
37861
70901
21114
308495
99
99
99
169509
102916
354198
3630
255365
99
268972
223029
300689
99
99
101263
169220
99
45005
99
20624
99
99
264421
99
407492
113845
77936
50949
99
99
99
208815
60474
99
99
105616
99
151509
15734
99
99
99
99
241424
99
29264
99
97768
99
43095
99
148249
152998
317730
164037
99
156570
99
360321
99
44124
99
90992
169268
428468
99
22688
30517
9352
99
327017
28854
99
99
39448
99
443469
99
99
99
186943
99
382756
315266
126516
148008
48799
110912
99
99
99
99
99
99
115606
99
350196
308168
99
99
122026
99
274081
8545
99
99
116466
99
99
99
92889
70232
359934
61842
99
99
176126
31465
99
99
221511
99
10637
99
99
99
5586
75791
41920
99
99
99
81691
46425
140431
224778
99
99
99
89318
99
352779
99
98
24494
99
99
99
99
366643
99
355023
381265
95815
99
116619
99
2593
109875
99
99
99
376447
188639
111042
40457
32473
92098
220752
24129
99
319637
99
99
99
447672
99
99
516952
90661
232264
19594
216469
99
186747
99
32782
99
299720
99
314726
99
99
287966
161133
99
141665
99
99
99
99
99
99
193174
285494
105791
99
25460
54311
99
87348
1037
385641
99
154947
263827
99
99
39276
99
99
57844
99
42019
242947
99
193218
59312
417367
192457
159724
264942
42475
99
99
335693
628
356973
52058
99
99
196036
99
211548
99
16565
99
99
164587
99
1592
99
52836
99
99
157772
99
99
17653
432934
99
99
258936
88354
99
99
99
99
99
384712
99
99
106896
85292
99
99
99
195289
99
99
32859
3800
162879
99
99
95
165651
99
99
84674
99
204000
566578
99
99
28841
196845
18446
99
236501
99
99
99
310676
287686
99
8308
99
382963
99
232138
99
63472
20347
24563
98
428833
98
99
99
99
2829
99
99
99
99
99
1477
99
99
105565
98
99
99
64834
328786
356936
136242
370126
99
99
138488
389619
99
9375
99
174209
394353
99
99
232676
99
99
34063
34527
454576
99
120757
281509
35886
99
99
99
38245
6840
99
99
147680
198430
99
99
99
99
537947
99
26520
99
99
99
61764
99
42679
315863
98858
99
100063
99
99
227135
99
2236
396946
99
372739
202027
99
134612
99
99
143357
99
114519
9395
99
239028
99
99
412368
99
126537
116585
236018
63864
99
109711
99
107295
87049
99
49048
87
80150
99
99
99
923
5006
372315
99
99
14671
332302
99
82762
276544
271192
34075
99
232965
43404
99
99
115115
125307
120665
34812
217856
99
99
292755
99
99
99
12102
97874
197257
114785
99
82361
274951
99
109903
43483
99
120813
178447
394124
99
99
377130
413661
99
99
7012
99
159911
99
99
99
99
99
320627
12595
34644
99
99
99
587731
99
99
99
244870
40952
156264
23567
99
99
69882
80238
31294
99
99
87262
99
51845
99
99
99
99
18344
99
148592
413134
99
99
99
13227
99
262941
233922
287768
37354
99
12105
615
99
99
113871
310140
216214
99
99
95
99
99
5353
99
99
155768
116169
99
99
15145
81047
99
99
65531
98
83412
235821
17987
99
167570
99
28384
99
170387
111414
46747
121818
99
99
99
99
99
99
99
99
99
99
129371
262437
244384
99
99
99
99
99
97
240973
378289
99
99
89480
180435
128225
189334
92732
47460
99
50447
2336
99
99
320
99
162672
99
45954
99
99
99
99
52388
99
99
99
266742
99
26684
99
71018
109487
98
99
99
70634
33535
318668
29478
99
168264
5490
125107
99
128236
271466
99
72
99
99
99
99
99
7096
367467
99
99
99
23283
99
175476
29069
245488
283110
99
99
223951
484378
28015
48534
8348
37449
99
73808
99
454987
99
119764
99
99
35947
57398
91034
99
99
419778
1522
296027
99
99
503395
99
243315
452340
99
259999
365249
316686
38056
175646
99
99
99
3507
99
99
144420
232525
461246
99
99
316691
99
99
99
99
99
43542
10616
28553
39075
278761
126507
78094
209893
99
22928
453724
99
99
339348
99
99
477936
51436
373020
99
99
99
165033
5846
1255
99
316563
272885
44476
99
99
356602
99
58457
99
128251
317929
99
252841
381372
378767
98
412820
259656
80348
99
99
99
51470
99
174304
6435
358214
99
99
99
171147
99
10802
99
99
99
54049
99
99
158880
293218
99
99
45303
99
99
99
43455
23755
99
163111
99
42684
99
99
99
327440
99
99
99
99
99
99
571
16255
99
99
99
99
99
99
476031
99
99
99
99
99
99
254538
121891
454018
99
99
97
120282
64246
99
103718
18576
68529
99
99
176658
1356
24126
161600
373236
244972
99
104952
3076
139382
98
99
19507
3876
99
135816
99
269032
37247
99
99
99
42448
99
99
297114
48
99
227936
102074
99
99
2066
452323
44984
81669
99
99
99
14846
72347
99
99
56826
99
99
24837
68008
43697
99
49
99
99
372653
6221
99
392009
97
94122
217182
396796
99
196131
99
99
99
58690
501403
127988
6320
99
99
59420
99
99
99
99
99
11383
99
97
99
35379
99
67350
99
101068
152174
99
99
99
119663
186751
268385
99
99
99
116454
99
249185
198242
92374
12933
99
99
17983
57350
99
92
99
401318
3875
99
52088
99
268743
99
99
279899
99
99
99
99
99
78800
119701
12496
99
99
99
99
292248
51080
137530
163827
99
99
147183
99
61985
99
215137
151000
41454
99
99
85460
99
99
99
87663
52912
81831
165549
99
99
99
104619
99
99
99
99
99
393106
41337
20795
99
96
99
167827
119720
99
99
99
99
125344
168855
112485
376248
99
79250
99
73755
223833
151553
99
99
99
302551
99
13603
99
99
99
99
2533
99
99
327938
17793
99
99
214218
282578
99
99
46162
99
18769
99
6264
53310
195151
120607
492076
60073
99
512264
97
99
327981
99
213408
99
99
99
99
99
99
1338
99
99
99
175774
99
461139
282458
400515
99
36818
99
198709
313704
99
99
9811
62017
99
108005
332486
99
190403
99
99
99
99
99
301619
226900
99
99
22619
79212
132454
278496
49798
99
99
147371
99
99
99
403004
284102
99
316454
162613
16599
99
38590
99
99
324986
99
99
127620
99
64354
99
99
286567
60022
28687
101732
99
255331
95318
208270
232302
325463
99
99
37229
81174
86633
106966
99
98
6403
13634
99
99
14458
99
212501
76042
99
99
99
99
167140
99
77131
140431
99
48514
99
154316
10015
99
99
32233
84861
99
99
141053
99
99
275360
99
39886
271653
329221
99
99
109780
20279
99
99
418602
99
99
99
36710
99
99
99
14331
125439
99
184986
21832
99
99
138113
99
44304
99
529878
40570
99
21783
99
99
240391
33720
99
246270
179147
99
30350
99
10305
99
99
99
330285
99
17954
222593
140949
499665
99
99
123380
99
218831
99
27938
184076
99
99
99
473829
99
135979
99
3143
99
98728
97901
75457
99
168069
396873
80899
238047
99
99
113178
99
9210
99
51674
99
78908
99
99
99
98
99
99
99
99
56486
254673
99
99
66054
99
99
99
149860
99
99
383930
99
99
99
99
128003
99
99
92065
144121
98
99
253581
99
99
99
131759
140695
99
111782
99
99
99
6206
22198
13945
199219
99
4335
99
62742
50701
355935
137161
99
99
99
480668
482787
359803
99
99
31368
324639
146499
8466
41310
99
491867
337570
99
54665
99
98
99
99
99
99
371597
56107
229473
99
99
49070
420299
98
40592
99
99
99
99
111105
66927
290697
99
4386
99
99
99
139017
35800
43028
99
99
28470
99
378247
84
99
99
324098
518410
99
342155
375347
99
99
107803
66223
99
99
99
493
124677
99
99
99
52112
77210
99
99
6142
9094
386432
99
99
468407
360436
99
364011
32020
1981
179503
17990
92426
190071
437974
99
286909
99
151471
31387
359964
99
101638
85510
285300
368836
57842
22707
99
214500
99
13982
45588
99
61018
99
529460
99
99
66353
99
99
281101
161121
132584
99
99
11238
99
99
99
99
99
98
129274
391193
4226
130095
4479
99
31283
99
135962
99
99981
99
99
342690
3894
99
37031
36671
99
473855
99
308534
316534
99
99
198799
99
254339
99
37629
221057
99
99
234153
253782
30537
17900
2055
64732
99
99
99
99
99
741
58889
99
99
564078
99
99
58475
7505
20323
99
44066
161923
209381
59953
74599
99
21825
99
99
99
304873
97
99
8834
3467
99
369875
99
94
152075
99
99
99
134341
15742
179840
99
88187
99
529815
99
364335
99
99
45399
136949
99
99
99
99
548521
99
99
266968
212974
99
46675
1623
271588
143951
99
99
60273
99
433157
99
99
332110
99
99
99
99
29559
23076
39001
42990
56596
77614
161288
99
146436
99
99
99
6619
215320
99
266182
99
133529
92
60833
6613
332602
99
36446
99
99
67
35515
99
316435
99
9955
99
99
99
99
99
202572
21727
99
99
250816
99
120977
417183
99
47531
99
28149
107171
144251
99
99
403354
99
99
196064
99
99
27048
95966
99
86494
99
354928
34687
570224
98
323126
99
99
99
112757
99
235684
99
236152
99
65099
175042
99
99
100819
99
103583
65103
164285
99
324591
84
99388
99
99
99
99
99
98
99
98
8474
99
118673
99
102981
99
33415
199226
99
99
529338
155966
116994
534303
99
99
8470
99
99
99
173422
44079
58022
414572
99
99
161115
56479
99
99
99
5452
148471
686
99
99
99
99
358204
99
99
236894
2133
132500
99
99
69695
99
99
99
31564
99
28976
99
99
12046
27972
99
355
361821
432763
99
4808
99
99
99
98
99
232381
99
237983
99
99
3611
33406
99
99
13279
99
99
319982
341416
42959
99
147441
53679
99
99
99
99
99
535341
146190
99
131879
99
99
99
99
181545
99
1174
295260
99
24635
99
34421
99
41297
99
99
323539
99
101914
99
68075
99
99
99
106676
143071
84119
99
45726
99
33560
107764
449859
99
99
198903
295433
99
99
27493
99
99
29619
99
18874
141091
4769
99
84014
99
99
99
85228
238092
162846
99
99
99
99
254530
99
147576
321876
99
55067
99
99
99
99
307844
99
99
76409
114950
97
35580
66720
230891
179693
461322
44190
99
98
334053
99
99
491359
99
61498
99
99
99
99
99
99
319938
99
182704
332305
395316
446955
99
264358
38164
343336
99
99
99
99
99
99
152004
16863
99
99
99
20819
17551
444385
14301
99
504090
168444
99
34768
99
99
99
83028
15641
125861
164899
120050
99
99
77729
145389
20626
111913
20293
144044
99
992
99
69630
248446
99
70210
99
466616
93
8466
99
529644
99
157749
196452
99
99
84866
99
99
102160
16413
8375
255049
99
99
601725
99
99
59438
207760
49884
99
9118
99
4327
230945
99
23355
113375
99
114757
99
100637
99
46858
94
99
99
99
99
183925
73290
99
109501
406273
27957
99
99
99
40430
99
99
99
99
99
99
11281
425346
502968
99
99
66062
99
133295
17023
16928
447256
420799
99
99
169836
216437
99
51741
394811
36025
29937
99
99
99
137230
99
94451
265746
268483
99
198318
99
99
14439
99
99
99
99
90606
82438
99
27028
7114
365751
88441
349205
99
99
99
91210
99
99
161487
379775
93669
99
17563
86184
99
99
2659
99
99
320857
185519
287085
99
99
99
49394
99
135192
99
99
280082
72544
99
99
12350
148491
99
219450
99
99
99
139705
99
225539
41901
99
99
169242
103757
99
330883
315699
104002
44058
6138
99
99
99
99
454854
99
99
99
99
6795
99
99
114251
3849
320916
10014
318760
99
99
140817
97
99
411089
17548
99
109603
30679
99
14465
99
217027
153330
99
99
1097
99
84078
99
99
99
97900
433155
99
26160
99
99
97215
99
99
29728
99
135666
99
68309
42175
99
141328
99
36930
396220
298117
35309
175913
99
99
77525
13219
417468
99
99
99
143527
41493
185294
70805
88354
70426
85768
129801
50294
99
99
6675
99
99
99
99
99
185347
101784
99
146754
25775
99
154113
99
189407
92878
70531
108257
45919
276324
99
99
70844
31664
333710
99
99
99
285578
99
45475
135517
99
99
162838
546865
99
99
99
99
99
209065
13324
99
99
99
99
99
97
122655
22835
99
99
99
99
23724
333530
99
99
70243
93514
122483
96
99
42304
93492
99
99
207641
99
9756
236842
108010
99
4959
99
99
99
71552
146727
99
6074
99
86431
476711
99
99
99
33115
16344
99
53090
90816
34582
129206
86034
221057
99
20942
99
99
207044
176242
26067
177433
99
109973
99
99
99
99
114418
99
11764
99
99
446918
454404
149208
144310
92
52444
99
99
91
343563
99
99
99
48077
104535
99
99
454387
99
32804
74
99
99
99
99
99
6309
26526
124814
99
90230
99
99
60988
31209
95129
99
474767
99
369530
300405
99921
99
22627
361649
99
99
377477
99757
465007
99
99
99
99
9833
99
99
101901
99
99
99
99
519763
171120
99
85
99
258205
47735
99
99
99
102160
99
94631
212562
405799
60794
80605
99
99
127719
110328
99
99
99
99
99
99
112890
3280
99
404577
99
70952
4472
99
272981
99
99
215476
357672
69438
99
220615
265683
64009
99
168832
43318
16214
151219
99
334370
98
99
99
99
86
99
99
23511
99
313321
99
69153
99
364331
99
99
290101
271439
329061
99
99
57071
99
99
34337
99
138663
99
99
99
99
99
98
123742
287895
99
130613
270616
99
410976
378628
99
39881
99
108712
346854
26901
113510
99
99
99
99
65319
99
99
74627
23813
99
99
215659
99
21076
432360
99
99
99
421581
99
38260
314857
35467
69894
223889
77152
41839
99
56614
99
99
4479
170069
82295
242469
303433
99
109054
99
4997
99
97836
99
99
99
99
22067
88299
99
99
39327
82769
99
52957
99
269902
340080
1527
241857
1138
49362
291190
99
99
99
256620
99
99
99
99
99
231418
99
99
99
228399
221609
87197
99
99
99
33227
99
251442
99
147247
332734
99
99
241700
322750
99
1406
99
98
348731
125999
171376
99
512344
99
97362
115415
99
55100
4930
99
16468
24666
99
61401
92487
421943
99
99
6435
18895
99
42231
99
99
99
99
99
99
401929
99
18732
354154
99
5428
99
214332
83451
76671
71745
449427
5323
99
99
10715
99
75962
47092
99
208404
185947
99
350861
173905
142853
278788
99
159358
99
99
3065
99
99
292522
30841
44522
99
99
346138
99
2014
133061
237182
37371
99
116028
132915
321179
405505
13476
197531
219173
99
98
99
123352
99
99
99
209874
7883
538255
185899
99
287
99
99
99
99
267025
249506
383089
99
99
99
99
300124
99
119953
163820
30350
75681
99
99
30793
409593
99
91485
17757
99
99
99
98
99
99
223811
99
99
259048
99
99
190989
99
99
157968
207469
99
274203
167602
339783
122133
164152
78549
99
99
99
71
99
6695
98
168200
99
64560
279864
99
99
99
290196
206956
99
99
24230
99
392434
187069
99
99
379532
99
99
99
99
99
99
99
99
123090
43025
54572
99
99
99
166243
99
53
99
99
80282
11462
207069
19719
99
99
99
99
533397
532058
42267
24476
416
99
240088
99
75971
97304
99
103818
2948
59330
99
99
61608
138274
85300
39212
261739
210454
438507
99
99
99
19032
99
99
79815
99
104546
401601
95
99
99
99
99
98
99
82801
343473
99
3168
242184
92205
4673
99
99
99
331497
99
13000
34854
99
390362
527308
397669
99
341245
99
220215
208180
99
38210
36237
99
99
562220
121252
453302
493604
379850
156948
99
99
188029
314889
5915
99
87700
172085
99
315945
99
184880
99
30424
99
99
98
129340
44243
384169
227084
99
99
275067
99
478953
21558
99
98894
99
99
99
99
112465
99
99
99
225838
99
99
184913
277616
99
6819
99
338297
99
99
99
77630
56891
99
229319
10082
99
188469
139033
516647
120395
45896
99
16080
99
99
99
490492
179486
99
113035
15415
99
74867
229840
65008
356522
45011
99
58886
99
98
145100
99
3919
99
79719
99
99
99
99
99
99
99
99
99
175697
99
99
99
280739
95884
99
388084
99
219143
489779
99
35961
99
99
99
270
99
99
141903
270844
226591
339116
99
28178
186024
483714
165026
99
62915
99
99
90678
99
209259
382395
173836
99
64068
99
156179
99
99
99
91288
129807
16598
99
121012
99
99
99
92780
99
99
48931
157308
99
99
283220
99
97143
99
99
69479
99
99
232658
99
99
99
99
99
99
98981
99
474378
99
120671
57012
284497
116238
99
99
98
99
99
99
141639
99
25614
130954
99
99
93147
1443
135204
403043
233468
99
232343
99
39577
19385
99
529669
382925
201654
22925
99
81
99
28532
99
99
145215
99
67235
95786
17373
237758
1881
11815
99
173235
99
386850
99
207950
99
39484
99
99
311946
356682
66567
261342
122165
1315
99
99
375352
99
65942
99
526338
509197
99
99
543121
99
85956
2285
65902
9260
129877
318377
316663
99
8958
98
73314
113436
99
99
99
539880
99
99
99
302135
95391
187039
99
99
99
105446
99
440831
199541
99
99
99
99
48329
73395
99
99
99
99
130053
193108
99
434801
99
99
2953
99
145772
362865
20383
99
99
99
65824
99
68797
203428
99
33879
14962
99
287237
117716
99
99
99
99
99
99
99
18191
49626
86541
99
99
86667
41454
106346
44135
99
99
188133
227205
240748
42700
99
292997
17556
99
99
99
195
188999
304166
99
105312
99
283947
99
135217
56933
245673
99
243862
99
224840
455828
32420
485261
99
55794
99
99
79006
406013
99
388216
99
99
228705
99
3468
122194
99
99
282192
33107
195322
99
67864
133351
112709
99
74405
99
99
56463
5041
473332
27043
99
26701
613
135335
99
98
144301
99
99
99
355842
243875
99
49038
99
12780
99
297792
99
99
99
18924
99
68286
103699
99
99
34573
99
99
143793
89553
14093
171398
354488
99
3575
99
211732
99
99
141292
77763
262611
99
99
72366
99
161233
126810
580085
39055
50809
51229
99
110459
256738
99
99
99
33242
116751
270044
99
99
156325
63751
25694
99
99
597274
5244
99
99
515099
99
218584
116521
43448
219632
277563
99
99
43787
99
99
439766
99
1586
99
210006
99
201938
99
99
107570
8456
16250
27218
219065
99
270571
199492
99
99
9463
60955
95910
66293
54385
47596
99
99
35103
40571
99
99
99
99
8589
52287
99
59700
7403
99
99
99
54649
99
40180
67905
16016
452405
33982
473228
272780
99
351371
99
192046
318003
99
99
99
99
16044
99
99
99
413210
99
99
159032
99
288323
94603
99
49923
99
99
99
99
77053
121171
99
85220
99
12975
99
40094
99
99
99
99
96074
99
10996
76030
99
99
99
42541
5421
549689
99
99
12559
99
99
167396
99
14828
99
99
111601
99
99
14094
99
195150
99
99
177179
99
99
99
476597
99
99
9469
241885
99
201510
99
99
99
99
99
99
73036
99
99
74763
99
338736
99
363403
267354
83002
55140
92563
181491
99
16285
99
13098
12324
417467
94478
99
99
99
98
99
99
15166
73931
4476
99
206327
99
99
99
99
99
99
288779
202487
170901
99
99
99
99
99
99
74786
82532
38307
99
28971
99
51217
99
99
99
99
99
480771
145775
99
122633
159746
99
99
99
99
99
99
99
220161
30225
99
99
99
393456
215521
54488
241014
99
99
5626
192217
106778
133860
99
32578
29237
1558
35417
261651
141033
99
156484
99
99
18242
36193
13163
99
99
424743
237436
268315
280666
99
37622
1526
99
99
297216
6098
99
367855
99
99
99
99
99
155675
78790
99
99
214077
153126
99
99
26560
236593
193036
99
99
28336
99
99
148760
99
99
522435
99
99
421635
62167
153048
99
145475
513520
99
99
99
99
99
412334
99
99
54416
99
99
99
3501
99
606018
66320
99
178612
99
34433
99
99
78635
21907
12977
99
83502
6616
99
408895
44048
358326
99
99
172930
99
99
420592
398641
98
25726
99
278322
12236
162221
273802
104619
301625
74141
99
99
98
99
31206
346489
99
189424
98
99
782
285315
51950
99
99
99
99
99
99
16403
99
208980
36526
161219
110054
99
22018
13825
99
99
106270
39195
99
99
238152
99
99
99
99
11150
99
508232
99
99
20106
39655
99
41627
99
99
98
112537
466729
99
99
30690
284321
39417
99
99
252104
99
99
385925
359724
99
99
99
94552
375549
281962
225800
222910
99
99
98
99
290330
99
112125
444479
40238
15051
327873
11284
13263
99
352929
50460
32978
249634
379177
531
142033
99
157670
287138
99
99
88529
99
340557
99
254452
218730
95526
36350
224680
99
203032
99
99
99
99
99
9224
146563
36684
155030
306801
99
46161
18280
112886
441508
99
99
17650
16654
189431
177397
99
80223
62349
99
127094
159671
339724
99
99
99
99
99
99
99
99
34870
121985
4506
379318
177579
99
99
151094
99
99
99
219122
99
183657
99
99
99
75722
99
99
70928
95
16431
99
94302
99
99
378801
99
99
17247
303639
303630
99
99
57782
99
277262
186193
99
414293
352596
23140
99
14630
176731
99
57230
98
241045
99
99
111729
99
99
99
99
99
510255
99
85
99
63161
99
99
59461
254629
99
87011
99
259341
2285
99
99
98
50235
99
99
183278
99
72862
99
342049
69116
99
99
56848
233174
99
135569
98
141408
99
189066
99
6972
72760
48612
99
99
99
99
99
99
297536
99
99
99
101141
99
63835
99
99
256887
99
99
99
448005
99
99
99
350107
106172
99
99
53072
99
99
192607
99
91643
99
99
99
99
99
71938
99
39840
100520
273077
99
30867
99550
99
84663
99
99
99
99
99
99
99
289670
559520
321787
156865
99
99
99
99
358997
29195
72683
99
99952
28192
377364
99
99
99
99
99
99
138741
97
99
99
99
99
99
99
99
99
99
324280
391773
451748
99
99
130075
99
14309
99
99
99
249031
165442
99
114913
99
86504
99
99
39282
34468
99
99
188938
69407
125556
124581
99
99
99
99
376532
99
99
133569
99
20913
188276
99
99
98
99
99
99
99
99
99
131666
235397
113297
99
55933
99
38738
225552
99
472984
49717
428514
99
257771
99
99
53792
9705
99
99
99
87378
255975
99
99
371808
153197
292508
99
83596
99
99
63539
37626
99
19214
156652
291145
99
99
99
99
99
99
99
99
99
99
129715
131449
407284
408776
99
99
99
540319
25841
99
99
99
18252
99
99
99
21828
337316
50058
99
5702
38019
99
99
265652
312158
99
99
88
81865
2988
83861
496479
99
147205
99
193158
99
99
99
30181
99
99
99
99
99
99
99
356353
139721
256309
99
145701
99
99
99
99
458922
91682
171572
108889
54366
99
243419
471197
99
32114
160445
99
176036
99
99
99
83796
99
99
99
99
99
99
99
31245
99
99
100044
260409
266024
99
99
99
464766
99
99
223246
99
99
99
140374
17055
99
99
99
99
99
99
99
99
99
227677
5877
405886
99
99
337276
247034
295402
99
485793
99
99
99
22931
99
99
99
99
96717
115563
356188
17442
99
99
119627
99
99
31796
35139
8906
67217
99
64755
55344
78610
233061
99
99
99
99453
31660
502307
99
431
1746
99
292469
161159
99
99
248424
7704
95868
99
99
139381
99
119756
138398
7346
336451
99
115892
110941
265743
99
99
154815
256685
99
99
99
7879
99
80006
99
99
52929
99
99
99
99
230548
99
152876
99
70190
19628
241269
99
99
17561
319929
48480
238219
99
82248
123394
53272
169116
99
277477
99
99
91761
99
99
99
99
99
99
99
99
99
99
99
134172
78456
99
46737
124572
99
99
329255
99
476307
99
249412
99
183529
31420
421816
80566
99
99
99
99
99
99
99
447831
47175
48152
56709
9458
331
228274
99
99
99
99
85460
99
176821
42103
333876
151022
108335
99
99
68602
99
47242
56525
378362
61409
99
99
27168
99
231513
68261
215142
68779
33480
99
570624
29960
11759
177341
99
99
99
99
99
99
597678
367193
99
99
99
99
225069
111201
99
132286
93615
99
372330
5474
99
60111
568770
253477
422584
99
327223
99
99
99
167920
11537
99
426
99
99
99
70912
99
165148
99
99
99
273995
353668
99
99
46565
79
99
99
99
12117
36907
252230
38412
99
329678
116694
99
426108
99
41108
409371
99
99
99
4399
99
70255
257479
13272
334045
574498
262857
170425
217677
99
99
99
323491
448797
504248
27997
140449
99
10935
449652
99
99
117179
99
1567
99
138539
99
99
99
99
99
99
304958
93
99
99
99
99
99
99
54960
265519
99
6597
18594
48405
99
99
132935
99
86
97984
203505
99
99
99
99
306969
99
99
21212
99
99
122201
99
94
317486
99
99
99
112520
278428
41496
75956
99
99
65513
164236
99
99
86
89055
29146
330379
269244
98
197413
51440
99
448022
49978
99
399273
99
188489
63871
159842
99
99
99
257511
120599
119148
117394
140739
99
259029
103798
99
9574
341961
37285
99
99
47887
99
82676
263007
173898
99
99
139606
99
99
99
104955
29346
99
99
81043
99
84818
99
99
275368
3789
99
99
95
124740
99
99
99
99
97022
99
99
99
11567
99
99
285732
166916
99
333822
99
99
99
201104
99
59289
471614
99
99
99
99
1268
99
51436
183778
211582
99
24442
184284
99
63619
97211
99
99
99
68954
99
153608
27036
99
63947
37961
15834
97849
99
95270
99
99
261006
11217
99
99
237632
99
8001
99
99
25256
210977
147824
347737
99
99
23221
6134
99
99
40435
4035
99
5255
99
99
13114
99
99
99
838
99
99
35426
10097
7466
99
99
99
99
99
17475
73833
99
99
99
137395
99
120167
286752
133635
99
99
99
328831
99
64860
99
99
46304
99
99
99
99
99
29586
99
37879
118612
243442
228981
193216
393198
468984
99
99
99
99
99
99
99
99
99
246605
99
99
99
99
99
43592
4583
99
92978
176405
99
100724
382174
15689
99
425482
21906
99
157156
99
3439
90295
8292
204573
20344
166129
361367
24083
99
99
301965
73580
182780
99
106909
10584
99
26337
41059
136698
189326
451491
99
99
99
3355
273729
123782
77806
446451
28758
138358
99
99
326250
99
99
909
99
99
125149
111837
303076
99
195129
99
99
99
316020
99
167347
83197
99
99
296030
421885
133997
99
99
199176
99
10062
98
322174
99
99
118007
99
273480
149699
99
9415
99
18844
313909
99
99
99
99
97
120989
270152
195960
85392
99
130164
99
99
99
69336
42329
173619
99
99
6410
99
99
94428
99
99
99
99
39644
99
99
65915
99
587970
99
184802
141609
99
99
367882
99
99
99
99
37029
463397
99
170960
27758
162012
99
18790
230122
29521
99
99
99
99
43426
186347
99
310611
99
474089
99
102839
353086
97357
14159
99
6724
33036
3221
222374
99
10936
99
99
4921
99
154806
72909
307149
34712
99
115322
