99
99
88184
99
125647
99
99
99
99
187063
99
114934
323435
99
240258
62476
103751
42859
99
99
99
198960
99
99
99
99
3034
529323
99
519836
99
196157
419703
99
99
99
99
22982
256794
190951
16074
26368
56771
99
99
116624
99
99
56504
99
296525
99
99
99
22370
99
99
99
99
99
99
99
99
397072
24892
138143
99
163246
99
99
86026
99
893
99
99
383
99
99
99
196117
142007
99
99
115679
99
9059
97
99
134782
20677
17979
87447
333849
1674
99
99
99
241435
99
99
99
124353
99
99
384072
99
318498
169375
367162
99
129134
99
99
127683
99
99
29403
73832
99
99
99
43386
286152
12141
99
2479
858
99
59362
25893
156586
405373
99
99
73178
99
221867
542471
99
157592
99
91166
239087
189878
99
77998
99
99
53026
99
99
433776
127278
460366
20014
209253
99
99
99
98492
97
99
99
99
93991
17558
99
99
97207
99
452955
99
97
99
99
79129
99
114447
304120
185350
99
138554
37163
200154
1008
99
22923
13485
419623
136888
99
99
142191
99
225087
99
41541
99
135694
200175
45629
115510
98
43944
99
99
55437
270319
94
99
99
118838
407012
106612
93
165949
93821
99
233931
99
112793
99
99
190998
99
69000
99
99
99
31192
99
89098
5749
99
280187
99
5283
99
24426
179087
99
76889
99
50991
99
128205
99
99
99
99
185982
304498
72150
99
99
99
99
250769
9545
311219
299888
99
99
99
99
34958
330414
99
67313
105366
382310
140130
2622
286728
99
204277
99
278116
283974
99
99
99
99
29992
87468
99
99
99
99
99
99
99
99
114039
99
99
99
448796
99
23429
48949
99
99
66171
369781
471
29456
99
71248
186935
99
203684
99
99
99
37165
160297
99
99
9840
358031
99
355491
99
99
59415
70307
235944
268137
59598
436
99
20785
49683
99
169754
21148
306041
765
99
141035
99
83831
99
99
99
1318
88922
99
99
295544
231090
99
113159
99
99
347528
99
102103
131693
369453
162044
189800
99
99
34360
99
10608
351364
35661
304891
99
325583
99
99
120720
73
9294
91229
99
99
98
99
431081
99
99
119356
99
99
7526
99
99
134036
99
239778
99
99
99
99
99
99
115687
148340
95407
231516
92587
572836
49423
221329
99
183508
333224
99
99
99
94659
105840
99
98
99
99
182401
256848
437211
99
85925
99
1138
167794
98
99
99
212151
99
248552
84353
99
99
28475
99
99
243546
99
99
175024
98
19797
99
64171
99
41729
7310
99
99
99
99
251442
71800
99
142106
99
74759
99
99
96524
121434
99
1683
427005
99
1433
162848
99
99
111325
99
295577
41979
135062
116071
97
99
2843
32759
99
20898
101223
99
273557
93
99
99
48596
17628
99
99
131624
99
65797
99
136678
99
99
65685
135521
65
78907
99
99
99
1072
99
132289
99
99
33697
99
157148
34866
99
99
189289
99
65631
408347
141
99
99
25137
16736
183025
149313
44214
159275
33199
40774
32326
4036
99
99
98
56
2976
99
99
92
99
99
252643
299612
99
99
99
162265
99
141447
99
266105
98245
99
99
99
130479
99
132928
224001
99
93738
99
388506
99
99
99
285880
99
99
307344
99
36261
16427
99
180116
99
140870
70405
99
99
99
99
40734
99
99
99
99
99
355891
99
99
99
99
345981
396562
31426
218902
154525
1170
126578
521848
99
99
99
99
99
39594
99
99
449762
99
105489
198882
99
99
99
354967
99
99
151202
475140
287513
122384
59846
384
99
100678
99
41421
99
66288
106295
114206
42274
325891
99
99
99
410867
201731
118868
99
98
271892
99
99
99
10143
99
99
99
59269
99
99
125636
30951
99
99
109129
99
99
99
516879
149274
99
99
113618
21355
99
116794
99
242387
17572
80782
21093
99
99
99
2921
72862
30118
126744
99
119209
124970
3591
99
111480
262683
99
355722
158465
303234
291083
99
133652
99
94136
99
76921
70291
22014
99
99
99
180104
99
9640
179523
120843
99
99
99
278272
104034
99
37892
99
353480
99
99
102914
99
336787
98042
243213
250109
99
404636
99
30841
99
99
99
99
3991
6474
99
470989
99
99
256009
99
73743
322483
99
99
99
58468
99
234117
99
22858
218824
57260
475813
294987
99
99
92954
93738
99
155429
99
142136
99
253374
51485
99
68
147966
99
155726
12379
311797
240575
99
99
359251
99
256657
70046
181091
99
99
99
99
441119
206403
99
99
99
99
9945
99
295320
99
97
225702
154665
41863
99
352120
345858
99
99
195061
17279
52319
99
25857
99
16592
99
99
99
99
108976
99
99
360879
377736
99
133799
17469
99
99
4127
99
99
99
455410
98
435689
99
91120
37829
112563
126576
99
99
99
99
132917
99
99
99
573196
493731
99
99
181778
461894
252717
99
294869
99
306660
23324
113230
99
93527
99
99
99
54176
99
97
99
99
99
66
99
99
99
37
99
99
99
455527
99
99
99
3198
213192
116874
106996
99
327486
99
160026
99
200763
99
357105
99
99
99
99
543980
46037
99
93
99
346487
99
239881
99
99
400452
98
99
99
99
99
99
106062
99
69281
70060
99
34085
204804
99
457647
107010
4309
51345
221511
99
99
99
99
407384
99
99
30322
412467
107406
67975
35548
33731
224490
38689
99
99
99
99
99
18275
99
99
99
233656
398757
46678
99
287505
99
5539
31620
85914
99
144465
4902
99
99
138862
425522
99
32338
98
99
388335
444495
99
99
10227
264728
37690
99
99
244157
99
321552
18649
99
99
99
16473
99
85761
99
212235
99
139661
446161
110977
99
26556
99
37323
56045
99
99
306922
99
48548
93
5111
99
99
797
36458
359509
477176
185212
99
99
99
99
99
1317
255347
85370
99
128954
18391
252123
376735
99
107466
99
99
98
274131
289830
99
99
15296
160834
99
195804
99
169310
99
99
99
99
95406
123885
146750
155914
12069
99
99
37399
87
394064
134561
99
99
190931
451982
63
99
99
245270
95432
99
38931
99
328016
136519
99
99
99
76133
99
289806
4045
6111
99
862
99
16246
328704
142614
783
277509
99
99
87684
99
381043
74647
208020
45041
291878
221776
11748
99
99
99
99
99
99
41980
99
508499
99
84393
99
99
99
99
99
99
99
99
99
259348
387
99
188395
65962
99
280090
99
29297
38178
40279
14051
99
99
52052
38602
529312
99
99
99
99
99
251513
99
18000
115828
99
99
99
99283
99
99
59056
99
99
73267
118171
138450
3447
99
51583
99
99
99
245273
97
196356
99
99
99
99
68554
43347
99
99
99
99
265980
499595
99
63012
216268
99
99
99
8075
290880
197063
99
99
224778
99
99
99
99
848
99
99
99
99
135242
62134
99
31114
141925
274943
99
446188
36909
99
9797
99
65008
99
99
99
99
99
241231
99
295853
99
99
68614
99
130728
99
277126
99
125502
230279
13432
111519
30158
99
233540
123729
99
99
99
99
99
301423
99
99
99
133837
99
120812
99
99
99
85659
254662
47426
99776
269057
71937
99
247456
159733
228116
991
9408
99
99
362739
338156
99
28318
99
173821
99
11794
99
32688
99
99
99
99
161745
99
25820
20195
148451
19610
99
43152
369094
99
99
99
99
99
327069
99
99
199604
99
99
99
11649
99
183273
13535
321
188017
267708
24315
99
99
99
99
99
145573
99
99
99
191572
99
96265
37958
69347
99
99
99
99
352600
116033
99
99
131425
99
307278
99
294724
68106
401805
99
99
165617
288357
45432
99
99
605612
456948
98241
99
99
138421
99
99
261130
152490
157178
140772
155004
99
405349
99
99
99
58018
286673
26355
99
99
366159
17
279783
230592
99
391595
99
111150
99
10686
260410
269834
30198
99
431153
99
115674
99
99
173063
99
12470
344843
253752
420492
194257
99
97559
46818
200
3854
16935
196412
383381
99
347649
24504
8489
99
53826
4238
99
99
45598
246274
99
99
99
99
190251
129248
240550
16234
99
47228
99
455638
238878
99
99
99
222852
99
99
99
124241
425972
75947
99
136968
43408
99
258956
399172
99
99
99
99
33469
99
194587
99
87838
99
79264
106030
99
119122
99
339468
99
20515
99
99
99
142117
489575
99
290210
99
23675
118219
99
337001
99
99
12006
99
34454
41185
26012
85087
83924
89153
382184
99
74427
99
99
99
99
99
99
459949
210073
99
116679
99
99
99
99
99
99
99
31061
99
171498
521513
99
314067
99
99
59911
35087
99
18241
99
99
1509
96
99
396981
136622
99
99
99
399267
38897
100720
99
99
76270
68207
44719
392421
67619
99
99
99
99
516294
99
35139
255341
96747
29580
174163
99
211644
99
69734
99
69658
99
99
273472
20990
99
99
99
91354
99
86
99
74024
97
18479
99
99
99
99
187493
99
99
23209
3958
62080
99
99
36416
99
99
99
136273
241487
97
99
99
99
99
99
79468
106450
16388
99
123902
99
316219
99
99
98
143150
99
25015
97
40226
309054
50587
99
99
99
534410
193219
94
4435
99
96
77352
99
99
339828
99
84037
99
99
372357
158029
99
99
75095
90
422940
421430
99
6653
99
135941
78747
99
99
79016
212101
21511
290303
99
99
140193
266686
185514
99
99
99
99
45573
117946
99
42842
99
210680
99
214637
99
99
99
224277
457581
170272
99
141294
99
214587
147566
99
195523
325391
129412
99
117763
99
52829
262008
98
98184
225801
103449
99
180603
99
48485
135328
99
5995
9438
213857
99
99
338456
355164
98
99
99
292115
99
302771
99
314726
99
13535
99
122561
288730
99
99
37110
99
273177
99
99
99
99
139458
393035
99
283015
99
241284
732
165509
99
509911
99
109512
14509
20492
99
378071
99
6421
99
99
99
99
23133
99
99
99
99
265975
77139
99
99
81034
269116
99
99
88318
181502
222821
11119
99
99
99
30460
99
99
99
242099
99
99
299591
198225
104708
9842
99
142632
99
104269
174213
99
8870
99
33534
57752
61084
99
99
66944
344094
277408
99
99
99
139259
99
74384
99
127904
29648
99
139466
47648
99
230609
99
101521
99
99
14920
125013
1759
99
419213
99
99
99
99
125457
99
99
401406
99
99
167110
99
99
99
306796
99
31364
99
447979
369745
99
71518
99
99
99
406420
99
180192
415487
51493
99
50101
33018
99
99
99
87
226391
99
99
99
99
189862
99
99
386704
1244
99
67022
436548
99
99
99
126764
99
99
99
51858
2471
8957
23927
153602
99
97
256169
193184
20887
99
104124
3717
314986
129052
338569
99
172767
99
99
99
50820
99
65741
99
250237
189332
99
95
382728
59476
32107
99
99
17323
1234
9846
62900
99
99
71921
194691
99
189130
14179
99
99
23206
99
192008
60742
264682
99
58978
99
99
60313
99
14928
99
98
288239
99
57901
99
223188
99
35627
99
99
99
165862
99
153957
99
55640
99
99
23719
5557
208460
30967
399347
99
12463
99
2579
99
99
99
99
141609
46052
99
83347
27060
266373
99
63159
99
305051
99
308676
35436
99
99
45834
164087
160627
22963
77764
99
99
555095
98
487687
99
25607
158885
99
99
99
39003
99
231993
145236
31853
99
99
99
99
15569
242493
99
5593
509664
99
62
69432
90
13706
99
1525
99
43517
153835
112305
17907
13545
99
144961
99
99
93
99
79871
99
83315
99
17990
248255
99
318890
148296
34548
99
27921
11243
99
99
8113
99
99
99
98
99
128628
85182
174786
77810
99
5869
135280
99
4931
199010
99
552201
99
10361
99
99
99
99
7884
33508
99
99
99
460747
99
99
99
10187
99
188482
99
99
99
99
99
99
171281
99
122629
99
99
99
76336
99
99
132767
99
99
74068
99
41773
99
99
131494
56436
223405
99
348473
55139
111890
78648
99
99
22813
82248
28401
46112
99
99
99
99
99
202045
99
99
13650
6258
131486
99
345071
413482
99
99
99
99
20866
117401
99
99
99
99
99
99
386874
99
57896
99
99
139661
528689
99
153832
99
99
247074
99
99
99
359317
508203
99
150340
99
186750
98223
98
75918
100516
99
250465
344320
161132
17198
101231
99
336550
18472
330992
155710
245900
99
99
99
242033
44564
289156
99
79828
99
99
69680
258342
241793
46968
99
99
32872
99
6369
99
99
50291
177605
99
6667
93828
99
99
99
277180
52611
136994
99
24948
255821
97385
99
19470
99
99
31919
99
99
384633
167417
99
14319
99
113193
267439
93
125850
99
23778
72930
99
443095
99
99
73169
99
99
345593
99
235143
99
99
99
45930
195793
99
99
99
147302
76588
94
99
99
90
22498
99
99
402450
79528
144391
148404
99
99
219699
32553
99
242362
25012
99
99
128447
475346
99
26401
99
108179
68
99
99
99
260327
61485
99
48462
99
156565
264688
99
99
99
323987
199168
95060
86351
99
41504
99
2778
265486
99
99
40625
99
604658
99
62260
230769
1095
99
99
99
25840
99
99
156169
99
99
1244
99
240006
99
99
99
99
362408
99
149553
806
17344
99
50797
605409
68767
321142
99
99
99
99
143136
99
94653
99
99
99
99
92749
402140
99
247159
243995
30454
29190
99
281683
99
99
99
99
11716
99
1435
95203
220595
99
375884
99
405940
99
41964
99
39599
99
5606
99
99
99
99
86757
99761
48944
53288
99
99
99
99
224681
119155
99
50627
99
99
377281
99
562590
82431
54253
7397
340538
310804
24629
99
99
99
242249
99
466946
179209
99
99
98
84494
99
99
348361
55058
99
237685
99
99
99
278918
99
69811
63446
443874
99
96
99
99
99
65878
99
99
426098
99
99
93500
99
34639
43724
76473
99
99
134269
99
99
99
427046
76025
103338
58283
99
8122
52553
99
99
99
179821
99
99
99
88787
99
436197
99
68649
192392
99
309749
99
155708
42389
31211
163176
34266
99
304431
99
99
99
20900
94802
99
99
99
438722
82815
99
99
99
99
99
328912
99
353612
99
99
47844
36685
140163
280216
122113
99
99
403949
99
99
185624
19999
20548
99
99
99
18338
71
99
212553
99
99
267064
99
99
99
44209
99
99
99
180829
87094
21337
34939
62438
129440
160707
99
315035
105843
254091
99
99
185290
99
13297
99
30078
9699
99
99
201560
99
129833
239091
157515
197871
99
99
99
156553
112212
99
4090
145855
99
99
178249
316035
99
99
371490
373939
266246
99
98
28495
99
99
34770
19786
99
99
99
23891
99
99
133662
99
99
72280
30136
197242
60988
149725
114347
1766
79651
84185
99
167724
99
83016
589307
25678
11737
251
142687
62792
99
99
93
11177
99
193746
70432
99
4955
348772
99
100001
99
99
99
99
99
75025
99
99
99
99
99
99
13997
168811
11653
99
176767
39425
99
58882
99
99
99
99
99
263296
320782
99
82940
62233
93666
23191
99
426506
5900
2202
99
106608
99
173991
62303
99
92
196909
5306
18243
99
234561
99
99
99
27869
204562
99
99
198014
99
99
5914
99
99
99
99
6625
256546
99
99
99
170426
18500
147159
99
99
99
99
99
99
99
136886
7556
11205
35939
97175
99
99
36656
179870
99
363571
99
99
6848
99
99
32167
85096
49314
99
99
99
55139
99
99
144898
99
59951
94227
99
99
69370
10726
317176
45592
99
268143
99
99
62519
99
287359
99
407577
99
99
86741
341475
92
99
106293
218807
386530
159599
99
191226
99
80115
99
194068
88381
99
431903
99
41453
8995
99
99
557284
68505
99
153975
21821
272037
287120
48729
507135
50197
99
431
220524
99
99
99
123463
107185
99
336017
99
99
140793
99
363062
99
99
74602
34634
85071
314097
99
99
161753
99
99
384076
99
99
81166
204402
227802
99
99
7856
108727
99
99
7179
99
147497
35529
277642
99
99
232002
99
187697
99
44759
12527
99
309872
783
15036
99
99
328439
99
352939
164295
52824
99
44638
99
8299
99
67077
1385
99
99
199650
69845
99
375865
99
291871
99
214639
74902
210315
99
99
99
48206
103760
161779
284805
99
82342
99
34880
98
99
99
99
99
99
99
39949
99
99
99
499434
8675
99
371725
99
115697
4863
36033
99
20542
99
99
99
46956
60707
99
124837
99
104510
99
242133
129895
302563
99
257659
99
93
99
146642
64967
99
153923
11793
130495
44295
10884
99
99
99
99
131699
343686
231500
99
222117
99
369003
99
165744
8034
9822
99
33225
55139
98
264244
560089
33106
117708
99
99
35014
133643
112830
211775
99
3247
194913
292819
258007
336251
175561
99
99
4905
99
99
481658
201147
99
153165
99
99
213121
154100
99
99
99
63549
99
99
121950
206842
99
99
120565
99
99
18289
99
384293
317482
12917
99
12190
99
99
2523
499402
28382
99
237627
64150
99
6352
99
99
86490
92312
99
99
206073
42
391816
272976
27582
109318
98
373998
489267
99
99
99
115827
99
117322
99
99
269530
421256
99
16153
99
99
99
114140
99
292241
33798
263014
163594
99
576002
4805
164868
99
58894
54575
99
424178
105726
130539
99
235660
99748
99
99
99
8808
99
99
462308
197843
97
18921
163168
31574
427
99
36163
99
99
99
196385
735
28471
7653
99
99
99
99
163123
62941
99
99
99
57059
117303
43339
20521
99
264635
99
99
99
99
101049
99
13483
99
99
17126
196920
243330
98
242586
446468
23131
380817
147753
99
362921
11674
184116
150146
99
52385
41788
37019
99
156118
99
126517
99
99
99
209358
73548
287978
99
149599
535010
7049
99
99
89266
99
99
87605
99
325133
68350
99
99
187983
17605
93
114851
64779
99
99
99
455287
99
478905
121015
99
99
211451
98
355657
99
99
99
86937
99
333831
99
37258
99
99
77
99
11295
345201
99
45799
24054
99
17261
68735
99
99
149295
501692
176688
99
99
99
99
330322
99
347689
97767
108902
374648
99
170145
98
99
99
99
99
99
99
290364
99
99
99
99
99
99
301834
576
21748
33474
99
69997
99
283857
28375
99
99
99
406877
99
263238
21303
99
262096
99
25251
99
92
99
275491
9680
72004
242180
99
14216
163689
37470
277932
99
285716
340333
99
99
99
321915
141318
315944
134916
230390
99
99
99
99
99
102322
99
99
93
99
191831
25451
555122
128143
73783
84273
99
22138
581644
44339
99
139373
84078
2484
99
4250
99
99
99
99
99
463681
220560
31660
99
99
222809
5868
99
208191
99
72759
99
98
99
227843
99
99
99
99
128695
99
147542
99
291116
99
99
99
81527
18268
430640
211645
86637
280062
99
99
345096
92
10552
204746
152563
343485
99
99
99
339276
203373
99
14010
99
142709
15902
99
98
58826
99
45162
97730
273464
328047
99
188226
99
99
99
2022
99
99
99
99
99
233020
159889
75989
99
99
563553
99
152237
93
27948
10666
99
197611
99
99
99
405845
99
243958
331730
99
99
248847
173643
228721
29697
93
6762
49914
99
99
15080
24055
147265
184258
99
99
99
99
67314
99
99
159964
223749
217389
99
201834
99
99
99
99
99
99
99
99
99
97829
99
99
33771
10500
99
99
76216
360050
98
68437
150434
227861
99
99
99
140599
99
48366
216219
99
45
80771
99
99
164665
99
182721
32676
99
248951
83188
157209
511225
99
82135
4005
261313
99
99
99
31721
203917
488538
99
291123
98
98
99
10396
351050
4842
144692
385233
210842
99
99
292255
99
85523
415682
215601
55200
99
99
99
99
99
99
53263
99
89094
99
129423
99
99
170191
66532
296076
99
99
33234
99
149024
409776
99
97
15133
161448
10740
218535
110679
99
94
116085
99
99
12273
99
143785
451282
97
295231
99
99
20236
99
99
128788
99
9564
46726
99
99
101006
99
310118
99
428551
27460
421784
99
99
32967
32329
94529
99
99
163639
99
160150
227893
75484
99
99
28829
99
99
99
343654
237082
234210
180361
221807
17116
99
1272
14556
99
99
63430
28018
99
99
99
99
442966
97
4245
99
99
46992
11155
99
133071
99
99
87479
99
99
8574
295636
259731
99
99
99
99
147976
99
284698
5320
99
52281
115662
99
99
99
99
110632
33805
38915
99
99
99
99
99
142653
99
151335
99
53527
31762
99
392355
185562
290669
34527
356155
99
400909
99
51066
99
99
99
99
19300
29558
99
99
40353
164487
99
99
99
240410
76256
99
99
99
69352
99
62546
99
99
237032
99
99
99
144029
149578
99
99
99
21600
99
312701
101367
99
186999
99
99
282009
99
99
10420
82824
350910
206834
99
99
58679
96
74190
80524
99
99
99
89434
368522
138214
91
99
99
169063
114981
99
99
99
99
125327
99
160920
99
78558
99
99
99
49257
5011
21278
99
5229
29850
99
99
98
99
99
99
99
35312
99
163152
99
99
99
99
227301
42557
162963
99
99
99
177791
99
250943
99
99
22943
99
54698
365415
136638
99
37556
541026
515230
4382
99
225612
99
99
99
77525
52508
59233
99
201060
99
99
99
99
41463
99
26384
99
99
99
99
166075
99
36109
136130
5863
99
102773
355689
162820
99
99
392392
99
99
99626
20091
99
124514
176518
99
99
54395
244342
34230
99
45723
99
310289
358048
99
99
27232
42730
99
492633
99
213294
99
99
99
99
37676
510319
99
99
99
99
32672
61082
99
430788
99
99
437232
99
154877
99
131213
160485
110711
391347
99
99
34117
99
275857
36766
409891
14938
99
398676
99
99
99
433468
76031
99
94
99
98
99
226375
99
99
132780
99
99
97
99
99
171204
99
24534
91328
133424
99
99
263725
99
99
39074
99
99
99
99
99
99
165882
82655
68275
167790
13682
99
245230
99
353016
99
204387
99
135539
252121
21342
49258
99
251507
99
99
107265
24983
46893
99
501675
99
99
231941
99
3093
343269
99
12105
99
99
99
99
99
99
31248
99
19260
201085
8135
99
113165
99
301335
369888
40739
27149
313200
122992
10106
99
252882
53490
7595
99
84457
226966
123858
99
99
99
444926
99
99
99
455270
3614
145993
99
99
99
435302
99
17769
99
99
99
414016
142788
99
50348
74767
99
66002
99
99
99
99
45596
99
99
347947
99
21727
99
129391
99
178194
99
98
99
99
158775
117260
331664
99
55573
222706
241995
283216
99
457842
232790
96
99
199449
99
110775
99
99
109907
224672
99
230049
99
126195
99
99
99
99
102841
99
163466
134119
2051
436614
13382
431757
397390
99
162356
206389
47721
39661
99
99
207246
303796
99
99
99
927
99
402128
40246
99
99
32468
99
99
99
154210
4487
99
50600
94481
99
99
99
99
11078
99
149306
99
99
99
205124
21583
350289
99
99
36668
99
356167
99
16095
157944
341149
99
99
99
99
99
99
104769
5590
381703
99
17972
82487
99
241627
298126
164879
220487
28671
55791
99
353
24502
99
130428
99
98
99
15207
70558
99
49128
105801
99
117792
99
99
99
334838
99
55233
99
99
137824
99
28563
30572
62796
99
99
114242
100854
99
7304
193823
587803
46407
272379
99
99
314485
38819
101697
194452
99
99
99
61879
293604
99
104741
99
36903
99
189604
43675
99
55873
47406
50456
99
99
21950
99
99
99
99
99
28753
330316
99
219728
401735
99
397582
99
142465
99
182600
66406
99
304405
66499
99
233250
36077
99
166819
99
99
57532
169534
99
263343
222424
99
4854
99
234670
152160
187255
99
280275
496646
207463
146024
32643
99
132918
19738
413590
63231
99
99
99
121527
135215
234308
99
99
126360
99
313163
574741
256676
232890
99
99
224134
42802
99
127587
99
24040
99
82281
126558
99
61570
99
6338
99
99
58164
99
59342
91311
4908
99
99
99
65464
99
32822
99
50245
99
152422
99
99
98
99
69548
99
99
99
70840
229477
99
161902
143408
19873
99
99
57
99
99
99
99
99
99
238818
99
99
99
99
101027
233047
120470
99
99
4036
99
99
99
99
19201
99
99
382305
99
58272
99
99
99
20007
218249
99
66335
99
99
99
84766
99
99
99
99
108190
80
98
343328
99
99
99
99
99
99
99
214392
99
99
21866
27746
99
99
130964
99
99
99
99
99
99
319626
99
99
93443
205420
99
99
193073
99
99
99
11569
99
108230
99
99
27089
128883
229982
24550
99
178982
21855
48351
18153
158834
56450
99
99
99
98
99
99
99
38483
278820
99
71457
193824
99
99
3752
4731
99
99
3535
2860
64347
105766
98
99
30402
48881
99
72319
99
125240
99
71813
99
99
99
279019
99
99
16942
99
96
99
99
419476
105535
208727
99
180604
11111
99
189241
99
99
99
169871
99
350401
99
157829
99
99
99
397802
557397
98
52968
99
99
99
432999
98
99
99
10076
99
223443
99
41023
99
69783
6438
99
16468
99
290120
288316
99
99
99
99
291664
99
99
99
10090
31781
99
99
348385
3265
99
43334
180173
99
14946
99
99
99
99
35
99
99
28644
99
2794
99
99
18161
271389
306462
99
99
99
35101
99
99
99
99
436709
144111
75016
64922
284849
99
120412
99
239876
99
99554
513246
229984
99
99
464224
99
72715
99
99
177523
65122
28959
99
295
99
126472
10791
99
99
2539
147086
718
99
99
96702
99
52705
757
99
99
96
99
79456
38278
5848
99
93
99
4633
169075
99
175012
74891
89917
99
99
99
8926
251647
99
215947
431
99
99
99
44430
99
99
499644
99
99
208297
80832
99
99
234371
99
99
437164
414665
68373
30205
36010
99
99
179415
2253
99
167496
50660
82771
99
99
99
39326
99
274533
297180
99
383614
99
34606
26084
99
99
99
180005
99
4079
403277
177568
99
66718
99
99
99
99
99
99
99
33612
1053
99
99
145415
99
10821
4848
2145
99
39187
99
99
99
174299
99
303587
299481
13312
2325
99
144999
354006
15424
99
275667
281846
98
99
16576
326843
99
99
99
333212
60518
99
10505
99
99
99
99
73584
353247
4520
99
462486
22497
99
99
377481
23703
92561
99
517297
99
492853
286670
186943
262311
99
4681
491396
99
99
106315
171626
99
35431
90591
99
83499
99
99
99
99
99
99
99
138221
99
99
99
98
77855
99
22400
99
99
32862
99
99
99
99
428109
150029
99
99
201548
99
157005
91644
53280
99
99
99
264493
99
258175
99
4797
109936
99
102130
125422
99
152978
99
75297
1040
99
99
99
491736
391663
99
10717
416249
27810
99
122606
99
99
95310
40211
331741
99
88508
99
99
72841
13274
99
99
401830
99
38778
99
321178
77445
99
447153
324121
99
99
178486
99
147076
71529
28513
99
53562
99
99
95147
99
99
99
419791
99
127448
219374
99
64375
99
99
99
371939
98
99
285398
99
152395
22271
99
231449
206016
99
99
99
99
99
74379
99
99
111
56865
75723
26771
424768
99
301585
2623
99
1246
99
5840
65049
99
237761
271963
99
134389
79127
99
99
99
99
497759
17804
99
18413
183355
192224
99
214465
99
83276
99
99
194126
99
99
164
99
99
262075
99
98
99
287378
99
10659
99
99
41495
321568
244704
510972
168286
99
384293
176301
99
454500
99
99
321751
99
99
99
104028
133660
99
99
99
214280
293052
99
83590
99
48873
99
18807
102818
5235
99
99
99
215665
99
99
99
99
99
13565
244077
99
99
99
137522
534582
99
99
428247
99
88396
27380
65878
99
44923
99
188710
99
288354
354831
11041
336934
26907
99
99
141421
36633
44672
89319
272231
7744
425360
99
39581
5659
99
99
41715
99
99
227977
377772
99
99
19458
88139
37758
78617
99
99
80538
184093
99
99
99
99
669
99
99
317424
118733
412141
99
73464
30914
99
60138
99
99
99
99
105246
87387
594057
439411
99
230533
533963
49520
427342
127654
111931
99
99
99
64761
99
99
376309
99
99
99
1553
99
111768
75197
215446
25014
509916
63563
253135
194594
12176
99
99
99
99
32107
99
37712
99
94532
162825
99
99
99
99
99
99
23729
99
16127
543470
99
99
99
99
99
99
46359
141474
99
8916
420817
99
170363
99
76088
42715
99
21076
482318
426721
492328
99
207794
99
278558
99
99
417
142891
200840
128873
95355
42019
99
99
99
99
48548
275734
99
12600
99
424452
99
99
99
335212
33413
96496
99
43638
99
84949
81727
4389
99
204753
99
99
99
3754
99
99
99
14088
99
99
151284
38097
41009
198277
28667
237456
447717
99
99
391030
99
99
99
323143
99
99
99
99
166951
99
99
159024
50775
181275
99
52349
16252
175052
67641
99
320950
188908
237675
148598
99
99
165569
152540
99
420003
495445
99
468376
396558
99
99
93938
3924
50576
81751
99
99
11043
99
99
99
749
99
479405
51902
99
99
231666
29444
99
194201
13477
140315
99
99
99
99
141558
99
99
21872
99
99
99
38980
25479
99
99
99
45897
99
2938
99
99
21855
99
475311
21487
41753
14084
99
286030
99
116104
99
115644
336227
29276
51781
99
499187
89423
99
99
99
99
99
32795
73487
125437
99
99
99
20907
99
177980
89554
215715
125745
219651
99
424546
99
216680
99
229034
39238
502
256076
99
99
10042
99
99
6449
99
56997
272238
99
99
99
109331
99
99
83586
437279
498949
60763
99
97214
99
80652
99
99
194318
99
172581
44358
99
99
126653
48177
99
98
5788
252995
99
75867
99
192728
99
21231
9253
99
51439
181587
354516
99
302961
99
142984
83916
99
99
99
99
99
99
33
160869
212688
290031
99
99
253501
41340
99
100213
419936
99
409640
32142
99
99
99
99
99
99
34419
88095
431190
99
182260
12876
351386
40008
99
373985
219153
99
99
80061
99
99
99
11068
251002
99
439847
99
14221
99
99
99
99
99
99
99
99
12332
99
99
222198
99
330842
502934
189324
99
99
99
99
188990
99
99
99
99
99
47111
99
99
99
317734
104717
241964
99
174171
98
294253
354791
61025
99
99
99
244188
99
186127
146797
99
229862
99
86007
398891
415111
176636
385149
23649
54460
450903
99
407079
408629
298745
99
99
487214
81766
99
117148
99
343233
99
260681
522022
99
184761
99
213956
99
643
380247
99
11463
386
99
143083
239168
530071
196629
99
99
17856
15637
13846
99
99
99
99
28600
428502
99
98
99
22866
547360
99
99
99
99
85661
99
99
47693
442003
162467
99
383168
99
164253
99
91
99
99
99
99
2821
99
96909
7810
136465
77111
1977
454399
254083
99
99
487189
21907
3788
99
313851
94796
293513
21770
99
50465
361290
99
31418
555316
251005
110769
83616
459465
106305
99
99
298932
99
111376
58106
211473
205245
99
99
99
47215
99
1385
99
190986
99
99
207706
99
99
203268
99
99
99
99
6584
410379
358439
116100
99
99
99
355472
99
62845
315160
28526
99
539225
1214
99
99
99
369047
99
99
139200
99
99
99
99
99
28046
99
25248
25813
99
99
99
146072
93
99
99
99
86969
99
99
482397
99
239041
33452
166399
99
69805
376450
78025
99
179497
350553
99
99
83004
99
368672
302368
30784
12190
99
3114
75265
313839
99
8988
49479
52676
99
91862
169337
99
103038
99
99
3106
418564
99
99
121412
99
12906
243484
99
1134
112102
383917
99
99
64322
135889
99
99
99
60393
93035
352208
99
99
97
52390
31913
99
99
99
396913
99
99
443406
212411
99
99
99
99
284274
7784
364112
99
88887
99
99
155817
208353
99
99
415947
292140
225020
99
6251
99
99
441635
231619
99
3408
98
99
99
300135
107679
99
99
33165
45538
154719
33719
130265
99
99
99
342495
99
22618
99
99
97
99
99
119458
191727
99
355609
99
401263
99
43193
114421
99
98
201588
556331
99
137412
99
423190
99
62991
325615
58945
40506
34753
90320
99
99
99
99
102025
4586
99
99
99
150661
99
86674
178432
99
187394
99
218595
99
50899
198793
99
3276
99
183390
99
89
32631
306033
99
99
99
99
99
17709
66881
99
99
93
99
99
189295
312644
99
15093
177714
99
99
99
99
99
99
99
99
163737
99
99
17051
14524
99
99
30993
99
8413
99
155961
99
46741
99
99
124
339101
99
99
99
258414
99
99
99
99
19551
99
201497
40021
99
80913
98
99
27084
303805
99
249050
99
99
99
62274
41748
283116
99
99
57007
283316
99
31751
99
99
295598
99
99
99
4181
13312
99
482550
168954
99
164138
72404
272632
106351
118882
99
322464
252548
470991
21129
50408
99
99
228264
99
30529
99
228003
265143
28240
98
99
99
99
2674
159750
99
119603
11656
99
12261
227278
109365
8463
99
99
99
2681
99
99
99
56572
186470
99
99
99
378818
337913
96064
23243
118079
99
63397
99
99
251131
99
275530
99
222271
99
99
99
99
99
99
167063
99
99
99
264804
99
39587
99
134958
99
99
16591
39255
99
282309
30111
196612
99
42123
99
99
99
99
240227
284244
77070
99
99
99
99
20963
41417
99
99
250952
76165
99
139381
151102
99
99
24726
99
99
62205
29676
99
99
5688
99
395036
99901
513972
99
99
99
60995
99
213344
44324
99
105167
5341
99
152
79411
99
242152
99
99
124063
190774
215067
12846
314978
99
99
99
415998
82990
99
99
91102
99
99
123650
278463
265342
99
99
99
67963
29893
137049
420358
99
186476
99
316351
99
99
171352
6943
99
99
99
337327
96886
99
99
107575
235453
99
258345
99
99
99
99
99
99
445543
135811
99
99
191610
492825
99
99
164451
99
44650
86428
99
99
99
123100
99
99
24484
42063
99
42515
99
44838
427736
219941
71072
36880
99
99
99
515110
34642
200747
185850
99
390474
20723
99
131028
206916
99
45667
99
100778
99
99
412663
99
91231
32562
150490
144448
28338
13131
37619
80012
15676
99
152549
169030
99
291269
99
202477
99
99
99
41183
99
31435
99
3232
230492
99
99
211770
99
128044
471734
222885
32082
88130
99
99
99
8095
99
99
65976
1200
99
220697
211513
52391
99
99
99
99
99
243240
99
166961
99
99
99
99
99
99
62309
99
6121
61280
256876
99
465528
98
99
99
28179
118539
87428
99
99
108384
180565
163739
35447
145866
99
14950
99
50857
99
50340
99
96985
99
99
376341
99
156161
105526
99
75022
99
8558
99
99
350482
305911
15480
99
402365
2834
99
438381
99
99
25819
99
99
245987
538327
119733
225293
184532
98
234916
180564
99
99
52334
99
96634
344381
99
165777
99
99
21765
99
93428
99
99
99
65529
7122
19704
99
99
182141
99
99
65454
14059
43306
99
47795
52202
99
71395
110325
15973
99
99
99
252719
99
99
99
99
276737
98
99
383330
99
1702
99
12241
221515
99
99
37913
99
250004
99
99
195849
99
99
99
99
99
75239
11268
137484
99
13215
99
99
220464
99
99
24068
99
99
4064
31813
99
248247
544041
99
99
293645
99
99
140560
33727
99
155389
212236
49992
223958
241276
99
376758
99
99
14398
51272
99
99
227712
97
223908
99
99
99
207982
119209
52711
324797
89405
99
99
99
99
330250
25918
18175
72698
99
94
95164
462169
6490
19299
99
190516
186362
93616
6296
99
99
99
99
50623
99
99
99
95027
99
87130
99
99
481581
490837
99
99
116292
99
99
43577
136351
99
216731
85766
183709
40944
99
94
99
40810
99
99
280209
136415
7255
99
99
99
89768
99
141982
99
75700
303390
99
99
99
96
206
99
99
115703
264586
99
51684
50960
97218
306374
99
133427
99
99
99
511877
101140
99
77921
36624
219774
7424
99
99
99
101257
99
99
99
59506
99
370857
99
99
357420
99
4800
452577
99
99
99
149699
99
99
284548
99
2683
204578
99
159528
365598
80828
99
99
45935
99
30327
146
199792
99
99
99
99
99
99
6834
70455
345993
99
99
99
33633
195208
99
505100
15562
99
99
181053
99
99
79646
43806
66550
99
143178
98
99
181480
99
99
146141
99
99
99
99
81884
99
171002
107378
99
99
99
99
99
7206
99
99
297307
99
284686
99
55580
99
99
185717
98
99
148035
144770
99
29740
99
41995
99
99
99
99
99
157930
146471
99
119863
11322
11381
99
99
99
9393
104774
99
99
99
79367
18752
205681
99
139810
437652
99
43451
99
99
99
99
99
551626
200317
99
99
99
10937
9011
57375
99
99
49437
99
42613
99
99
99
99
99
99
99
99
33954
99
480715
90229
215962
497065
99
8098
356458
341437
271294
202372
117251
99
99
99
193758
60923
99
99
60074
99
2407
99
99
488616
21023
213630
57949
99
99
25349
401494
562659
99
2925
99
99
99
335595
389722
99
73077
99
39220
512805
136042
99
99
99
13667
99
99
360324
127291
155016
99
99
132090
48308
99
99
115500
99
21349
99
296190
99
84538
98
99
85421
99
99
99
99
99
99
